Name,Name length,Rules length,Flavor length,Artist length,Type length,Total length,# Colors,# Color Identities,Difference in Colors and Identity,# Types,# Subtypes,VariablePT,CMC,isCommon,isUncommon,isRare,isLegendary,isInstant,isSorcery,isEnchantment,isArtifact,isCreature,isLand,isPlaneswalker,# Mana Symbols,recentPrice,<1.00,<5.00,<10.00
Abbey Griffin,13,17,100,11,18,159,1,1,0,1,1,1,4,1,0,0,0,0,0,0,0,1,0,0,1,0.13,0,0,0
Abomination of Gudul,20,243,0,10,17,290,3,3,0,1,1,1,6,1,0,0,0,0,0,0,0,1,0,0,3,0.14,0,0,0
Absolver Thrull,15,171,0,13,24,223,1,1,0,1,2,1,4,1,0,0,0,0,0,0,0,1,0,0,1,0.15,0,0,0
Absorb Vis,10,209,0,17,7,243,1,1,0,1,0,1,7,1,0,0,0,0,1,0,0,0,0,0,1,0.15,0,0,0
Abstruse Interference,21,236,0,13,7,277,0,1,-1,1,0,1,3,1,0,0,0,1,0,0,0,0,0,0,1,0.14,0,0,0
Abuna's Chant,13,164,0,11,7,195,1,1,0,1,0,1,4,1,0,0,0,1,0,0,0,0,0,0,1,0.14,0,0,0
Abundant Growth,15,141,0,13,18,187,1,1,0,1,1,1,1,1,0,0,0,0,0,1,0,0,0,0,1,0.15,0,0,0
Abzan Advantage,15,155,69,13,7,259,1,1,0,1,0,1,2,1,0,0,0,1,0,0,0,0,0,0,1,0.15,0,0,0
Abzan Banner,12,97,35,16,8,168,0,3,-3,1,0,1,3,1,0,0,0,0,0,0,1,0,0,0,0,0.13,0,0,0
Abzan Guide,11,206,75,14,24,330,3,3,0,1,2,1,6,1,0,0,0,0,0,0,0,1,0,0,3,0.14,0,0,0
Abzan Runemark,14,131,0,11,18,174,1,1,0,1,1,1,3,1,0,0,0,0,0,1,0,0,0,0,1,0.14,0,0,0
Abzan Skycaptain,16,152,55,12,23,258,1,1,0,1,2,1,4,1,0,0,0,0,0,0,0,1,0,0,1,0.14,0,0,0
Academy Raider,14,222,0,13,24,273,1,1,0,1,2,1,3,1,0,0,0,0,0,0,0,1,0,0,1,0.15,0,0,0
Accomplished Automaton,22,139,61,7,29,258,0,0,0,2,1,1,7,1,0,0,0,0,0,0,1,1,0,0,0,0.1,0,0,0
Accorder's Shield,17,165,119,12,20,333,0,0,0,1,1,1,0,1,0,0,0,0,0,0,1,0,0,0,0,0.17,0,0,0
Accursed Spirit,15,117,125,10,17,284,1,1,0,1,1,1,4,1,0,0,0,0,0,0,0,1,0,0,1,0.14,0,0,0
Accursed Spirit,15,117,125,10,17,284,1,1,0,1,1,1,4,1,0,0,0,0,0,0,0,1,0,0,1,0.14,0,0,0
Acolyte of Xathrid,18,40,77,10,23,168,1,1,0,1,2,1,1,1,0,0,0,0,0,0,0,1,0,0,1,0.15,0,0,0
Acrobatic Maneuver,18,115,89,13,7,242,1,1,0,1,0,1,3,1,0,0,0,1,0,0,0,0,0,0,1,0.12,0,0,0
Act of Heroism,14,102,69,17,7,209,1,1,0,1,0,1,2,1,0,0,0,1,0,0,0,0,0,0,1,0.12,0,0,0
Act of Treason,14,140,94,12,7,267,1,1,0,1,0,1,3,1,0,0,0,0,1,0,0,0,0,0,1,0.14,0,0,0
Act of Treason,14,140,84,7,7,252,1,1,0,1,0,1,3,1,0,0,0,0,1,0,0,0,0,0,1,0.14,0,0,0
Act of Treason,14,140,109,14,7,284,1,1,0,1,0,1,3,1,0,0,0,0,1,0,0,0,0,0,1,0.14,0,0,0
Act of Treason,14,140,83,14,7,258,1,1,0,1,0,1,3,1,0,0,0,0,1,0,0,0,0,0,1,0.15,0,0,0
Act of Treason,14,140,83,14,7,258,1,1,0,1,0,1,3,1,0,0,0,0,1,0,0,0,0,0,1,0.15,0,0,0
Act of Treason,14,140,83,14,7,258,1,1,0,1,0,1,3,1,0,0,0,0,1,0,0,0,0,0,1,0.15,0,0,0
Adaptive Snapjaw,16,177,49,16,23,281,1,1,0,1,2,1,5,1,0,0,0,0,0,0,0,1,0,0,1,0.14,0,0,0
Adder-Staff Boggart,19,304,0,13,25,361,1,1,0,1,2,1,2,1,0,0,0,0,0,0,0,1,0,0,1,0.15,0,0,0
Advanced Hoverguard,19,112,100,16,16,263,1,1,0,1,1,1,4,1,0,0,0,0,0,0,0,1,0,0,1,0.14,0,0,0
Adventuring Gear,16,198,41,11,20,286,0,0,0,1,1,1,1,1,0,0,0,0,0,0,1,0,0,0,0,0.16,0,0,0
Advocate of the Beast,21,92,116,13,21,263,1,1,0,1,2,1,3,1,0,0,0,0,0,0,0,1,0,0,1,0.14,0,0,0
Aegis Automaton,15,71,88,13,29,216,0,1,-1,2,1,1,2,1,0,0,0,0,0,0,1,1,0,0,0,0.1,0,0,0
Aerial Formation,16,166,0,11,7,200,1,1,0,1,0,1,1,1,0,0,0,1,0,0,0,0,0,0,1,0.15,0,0,0
Aerial Guide,12,103,80,19,16,230,1,1,0,1,1,1,3,1,0,0,0,0,0,0,0,1,0,0,1,0.12,0,0,0
Aerial Maneuver,15,79,143,10,7,254,1,1,0,1,0,1,2,1,0,0,0,1,0,0,0,0,0,0,1,0.15,0,0,0
Aerial Predation,16,53,120,2,7,198,1,1,0,1,0,1,3,1,0,0,0,1,0,0,0,0,0,0,1,0.14,0,0,0
Aerial Volley,13,105,78,12,7,215,1,1,0,1,0,1,1,1,0,0,0,1,0,0,0,0,0,0,1,0.14,0,0,0
Aerie Bowmasters,16,212,0,12,23,263,1,1,0,1,2,1,4,1,0,0,0,0,0,0,0,1,0,0,2,0.14,0,0,0
Aerie Ouphes,12,253,0,13,16,294,1,1,0,1,1,1,5,1,0,0,0,0,0,0,0,1,0,0,1,0.15,0,0,0
Aeronaut Tinkerer,17,128,77,13,26,261,1,1,0,1,2,1,3,1,0,0,0,0,0,0,0,1,0,0,1,0.14,0,0,0
Aether Adept,12,85,81,14,23,215,1,1,0,1,2,1,3,1,0,0,0,0,0,0,0,1,0,0,2,0.15,0,0,0
Aether Adept,12,85,94,14,23,228,1,1,0,1,2,1,3,1,0,0,0,0,0,0,0,1,0,0,2,0.15,0,0,0
Aether Chaser,13,210,0,15,26,264,1,1,0,1,2,1,2,1,0,0,0,0,0,0,0,1,0,0,1,0.15,0,0,0
Aether Herder,13,197,0,20,30,260,1,1,0,1,3,1,4,1,0,0,0,0,0,0,0,1,0,0,1,0.1,0,0,0
Aether Inspector,16,213,0,19,26,274,1,1,0,1,2,1,4,1,0,0,0,0,0,0,0,1,0,0,1,0.1,0,0,0
Aether Poisoner,15,285,0,12,26,338,1,1,0,1,2,1,2,1,0,0,0,0,0,0,0,1,0,0,1,0.14,0,0,0
Aether Spellbomb,16,122,60,10,8,216,0,1,-1,1,0,1,1,1,0,0,0,0,0,0,1,0,0,0,0,0.15,0,0,0
Aether Swooper,14,206,0,11,29,260,1,1,0,1,2,1,2,1,0,0,0,0,0,0,0,1,0,0,1,0.14,0,0,0
Aether Theorist,15,202,0,14,25,256,1,1,0,1,2,1,2,1,0,0,0,0,0,0,0,1,0,0,1,0.11,0,0,0
Aether Tradewinds,17,98,109,13,7,244,1,1,0,1,0,1,3,1,0,0,0,1,0,0,0,0,0,0,1,0.1,0,0,0
Aether Tradewinds,17,98,71,13,7,206,1,1,0,1,0,1,3,1,0,0,0,1,0,0,0,0,0,0,1,0.14,0,0,0
Aether Web,10,253,0,12,18,293,1,1,0,1,1,1,2,1,0,0,0,0,0,1,0,0,0,0,1,0.15,0,0,0
Aetherflame Wall,16,144,0,12,15,187,1,1,0,1,1,1,2,1,0,0,0,0,0,0,0,1,0,0,1,0.15,0,0,0
Aethersnipe,11,214,0,29,20,274,1,1,0,1,1,1,6,1,0,0,0,0,0,0,0,1,0,0,1,0.15,0,0,0
Aetherstream Leopard,20,190,0,13,14,237,1,1,0,1,1,1,3,1,0,0,0,0,0,0,0,1,0,0,1,0.12,0,0,0
Aethertow,9,249,0,11,7,276,2,2,0,1,0,1,4,1,0,0,0,1,0,0,0,0,0,0,1,0.15,0,0,0
Affa Protector,14,9,130,4,29,186,1,1,0,1,3,1,3,1,0,0,0,0,0,0,0,1,0,0,1,0.13,0,0,0
Afflict,7,58,55,11,7,138,1,1,0,1,0,1,3,1,0,0,0,1,0,0,0,0,0,0,1,0.16,0,0,0
Agent of Horizons,17,53,154,13,22,259,1,2,-1,1,2,1,3,1,0,0,0,0,0,0,0,1,0,0,1,0.13,0,0,0
Aggressive Urge,15,58,55,19,7,154,1,1,0,1,0,1,2,1,0,0,0,1,0,0,0,0,0,0,1,0.17,0,0,0
Agony Warp,10,91,124,11,7,243,2,2,0,1,0,1,2,1,0,0,0,1,0,0,0,0,0,0,2,0.16,0,0,0
Aim High,8,109,73,14,7,211,1,1,0,1,0,1,2,1,0,0,0,1,0,0,0,0,0,0,1,0.14,0,0,0
Ainok Artillerist,17,106,144,11,23,301,1,1,0,1,2,1,3,1,0,0,0,0,0,0,0,1,0,0,1,0.14,0,0,0
Ainok Bond-Kin,14,165,43,10,24,256,1,1,0,1,2,1,2,1,0,0,0,0,0,0,0,1,0,0,1,0.14,0,0,0
Ainok Guide,11,205,0,14,22,252,1,1,0,1,2,1,2,1,0,0,0,0,0,0,0,1,0,0,1,0.15,0,0,0
Ainok Tracker,13,132,79,12,22,258,1,1,0,1,2,1,6,1,0,0,0,0,0,0,0,1,0,0,1,0.13,0,0,0
Ajani's Mantra,14,53,101,11,11,190,1,1,0,1,0,1,2,1,0,0,0,0,0,1,0,0,0,0,1,0.24,0,0,0
Ajani's Presence,16,234,0,16,7,273,1,1,0,1,0,1,1,1,0,0,0,1,0,0,0,0,0,0,1,0.17,0,0,0
Ajani's Sunstriker,18,80,76,12,21,207,1,1,0,1,2,1,2,1,0,0,0,0,0,0,0,1,0,0,2,0.15,0,0,0
Akki Avalanchers,16,107,79,13,25,240,1,1,0,1,2,1,1,1,0,0,0,0,0,0,0,1,0,0,1,0.15,0,0,0
Akki Blizzard-Herder,20,62,124,12,24,242,1,1,0,1,2,1,2,1,0,0,0,0,0,0,0,1,0,0,1,0.15,0,0,0
Akki Drillmaster,16,51,53,12,24,156,1,1,0,1,2,1,3,1,0,0,0,0,0,0,0,1,0,0,1,0.15,0,0,0
Akki Rockspeaker,16,72,109,12,24,233,1,1,0,1,2,1,2,1,0,0,0,0,0,0,0,1,0,0,1,0.15,0,0,0
Akki Underling,14,96,150,15,25,300,1,1,0,1,2,1,2,1,0,0,0,0,0,0,0,1,0,0,1,0.15,0,0,0
Akoum Battlesinger,18,161,0,10,31,220,1,1,0,1,3,1,2,1,0,0,0,0,0,0,0,1,0,0,1,0.15,0,0,0
Akoum Flameseeker,17,87,77,13,28,222,1,1,0,1,3,1,3,1,0,0,0,0,0,0,0,1,0,0,1,0.13,0,0,0
Akrasan Squire,14,100,116,13,24,267,1,1,0,1,2,1,1,1,0,0,0,0,0,0,0,1,0,0,1,0.21,0,0,0
Akroan Crusader,15,116,87,12,24,254,1,1,0,1,2,1,1,1,0,0,0,0,0,0,0,1,0,0,1,0.15,0,0,0
Akroan Jailer,13,33,50,22,24,142,1,1,0,1,2,1,1,1,0,0,0,0,0,0,0,1,0,0,1,0.14,0,0,0
Akroan Mastiff,14,30,97,12,16,169,1,1,0,1,1,1,4,1,0,0,0,0,0,0,0,1,0,0,1,0.14,0,0,0
Akroan Sergeant,15,223,0,11,24,273,1,1,0,1,2,1,3,1,0,0,0,0,0,0,0,1,0,0,1,0.14,0,0,0
Akroan Skyguard,15,111,60,12,24,222,1,1,0,1,2,1,2,1,0,0,0,0,0,0,0,1,0,0,1,0.16,0,0,0
Alabaster Kirin,15,17,201,13,16,262,1,1,0,1,1,1,4,1,0,0,0,0,0,0,0,1,0,0,1,0.14,0,0,0
Alchemist's Apprentice,22,46,82,13,23,186,1,1,0,1,2,1,2,1,0,0,0,0,0,0,0,1,0,0,1,0.14,0,0,0
Alchemist's Greeting,20,194,29,12,7,262,1,1,0,1,0,1,5,1,0,0,0,0,1,0,0,0,0,0,1,0.14,0,0,0
Alchemist's Vial,16,145,62,12,8,243,0,0,0,1,0,1,2,1,0,0,0,0,0,0,1,0,0,0,0,0.15,0,0,0
Alesha's Vanguard,17,181,76,19,22,315,1,1,0,1,2,1,4,1,0,0,0,0,0,0,0,1,0,0,1,0.14,0,0,0
Alley Evasion,13,130,49,12,7,211,1,1,0,1,0,1,1,1,0,0,0,1,0,0,0,0,0,0,1,0.12,0,0,0
Alley Strangler,15,6,45,14,27,107,1,1,0,1,2,1,3,1,0,0,0,0,0,0,0,1,0,0,1,0.1,0,0,0
Alms of the Vein,16,185,0,13,7,221,1,1,0,1,0,1,3,1,0,0,0,0,1,0,0,0,0,0,1,0.17,0,0,0
Alpha Myr,9,0,32,11,23,75,0,0,0,2,1,1,2,1,0,0,0,0,0,0,1,1,0,0,0,0.14,0,0,0
Alpha Tyrranax,14,0,76,12,25,127,1,1,0,1,2,1,6,1,0,0,0,0,0,0,0,1,0,0,2,0.14,0,0,0
Alpine Grizzly,14,0,154,21,15,204,1,1,0,1,1,1,3,1,0,0,0,0,0,0,0,1,0,0,1,0.13,0,0,0
Altar's Reap,12,81,124,15,7,239,1,1,0,1,0,1,2,1,0,0,0,1,0,0,0,0,0,0,1,0.13,0,0,0
Altar's Reap,12,81,69,14,7,183,1,1,0,1,0,1,2,1,0,0,0,1,0,0,0,0,0,0,1,0.14,0,0,0
Altar's Reap,12,81,87,15,7,202,1,1,0,1,0,1,2,1,0,0,0,1,0,0,0,0,0,0,1,0.15,0,0,0
Amass the Components,20,79,50,12,7,168,1,1,0,1,0,1,4,1,0,0,0,0,1,0,0,0,0,0,1,0.14,0,0,0
Ambassador Oak,14,90,123,14,27,268,1,1,0,1,2,1,4,1,0,0,0,0,0,0,0,1,0,0,1,0.15,0,0,0
Ambitious Aetherborn,20,139,120,12,31,322,1,1,0,1,2,1,5,1,0,0,0,0,0,0,0,1,0,0,1,0.1,0,0,0
Ambuscade,9,133,67,10,7,226,1,1,0,1,0,1,3,1,0,0,0,1,0,0,0,0,0,0,1,0.14,0,0,0
Ambush Krotiq,13,107,72,14,17,223,1,1,0,1,1,1,6,1,0,0,0,0,0,0,0,1,0,0,1,0.15,0,0,0
Ambush Viper,12,151,74,12,16,265,1,1,0,1,1,1,2,1,0,0,0,0,0,0,0,1,0,0,1,0.17,0,0,0
Amoeboid Changeling,19,176,0,9,23,227,1,1,0,1,1,1,2,1,0,0,0,0,0,0,0,1,0,0,1,0.25,0,0,0
Amphin Cutthroat,16,0,268,11,27,322,1,1,0,1,2,1,4,1,0,0,0,0,0,0,0,1,0,0,1,0.14,0,0,0
Amphin Pathmage,15,51,144,12,28,250,1,1,0,1,2,1,4,1,0,0,0,0,0,0,0,1,0,0,1,0.15,0,0,0
Ampryn Tactician,16,96,64,16,24,216,1,1,0,1,2,1,4,1,0,0,0,0,0,0,0,1,0,0,2,0.14,0,0,0
Amrou Scout,11,151,131,14,30,337,1,1,0,1,3,1,2,1,0,0,0,0,0,0,0,1,0,0,1,0.15,0,0,0
Amrou Seekers,13,83,168,14,24,302,1,1,0,1,2,1,3,1,0,0,0,0,0,0,0,1,0,0,1,0.15,0,0,0
Anaba Bodyguard,15,87,94,12,19,227,1,1,0,1,1,1,4,1,0,0,0,0,0,0,0,1,0,0,1,0.15,0,0,0
Anaba Shaman,12,67,39,22,26,166,1,1,0,1,2,1,4,1,0,0,0,0,0,0,0,1,0,0,1,0.15,0,0,0
Anaba Shaman,12,67,39,12,26,156,1,1,0,1,2,1,4,1,0,0,0,0,0,0,0,1,0,0,1,0.16,0,0,0
Ancestral Statue,16,105,119,16,25,281,0,0,0,2,1,1,4,1,0,0,0,0,0,0,1,1,0,0,0,0.14,0,0,0
Ancestral Vengeance,19,148,75,15,18,275,1,1,0,1,1,1,2,1,0,0,0,0,0,1,0,0,0,0,2,0.14,0,0,0
Ancient Brontodon,17,0,79,12,19,127,1,1,0,1,1,1,8,1,0,0,0,0,0,0,0,1,0,0,2,0.11,0,0,0
Ancient Carp,12,0,85,19,15,131,1,1,0,1,1,1,5,1,0,0,0,0,0,0,0,1,0,0,1,0.15,0,0,0
Ancient Crab,12,0,102,14,15,143,1,1,0,1,1,1,3,1,0,0,0,0,0,0,0,1,0,0,2,0.12,0,0,0
Ancient Crab,12,0,95,11,15,133,1,1,0,1,1,1,3,1,0,0,0,0,0,0,0,1,0,0,2,0.12,0,0,0
Ancient Den,11,60,75,13,13,172,0,1,-1,2,0,1,0,1,0,0,0,0,0,0,1,0,1,0,0,2.56,1,0,0
Ancient Grudge,14,122,105,8,7,256,1,2,-1,1,0,1,2,1,0,0,0,1,0,0,0,0,0,0,1,0.24,0,0,0
Ancient Grudge,14,122,95,10,7,248,1,2,-1,1,0,1,2,1,0,0,0,1,0,0,0,0,0,0,1,0.35,0,0,0
Ancient Stirrings,17,270,0,13,7,307,1,1,0,1,0,1,1,1,0,0,0,0,1,0,0,0,0,0,1,3.15,1,0,0
Angelic Blessing,16,126,86,8,7,243,1,1,0,1,0,1,3,1,0,0,0,0,1,0,0,0,0,0,1,0.15,0,0,0
Angelic Blessing,16,126,86,8,7,243,1,1,0,1,0,1,3,1,0,0,0,0,1,0,0,0,0,0,1,0.15,0,0,0
Angelic Edict,13,37,100,14,7,171,1,1,0,1,0,1,5,1,0,0,0,0,1,0,0,0,0,0,1,0.14,0,0,0
Angelic Gift,12,102,70,12,18,214,1,1,0,1,1,1,2,1,0,0,0,0,0,1,0,0,0,0,1,0.14,0,0,0
Angelic Page,12,79,52,12,23,178,1,1,0,1,2,1,2,1,0,0,0,0,0,0,0,1,0,0,1,0.16,0,0,0
Angelic Purge,13,116,35,11,7,182,1,1,0,1,0,1,3,1,0,0,0,0,1,0,0,0,0,0,1,0.15,0,0,0
Angelic Wall,12,45,109,14,15,195,1,1,0,1,1,1,2,1,0,0,0,0,0,0,0,1,0,0,1,0.15,0,0,0
Angelic Wall,12,45,109,14,15,195,1,1,0,1,1,1,2,1,0,0,0,0,0,0,0,1,0,0,1,0.15,0,0,0
Angelic Wall,12,45,78,9,15,159,1,1,0,1,1,1,2,1,0,0,0,0,0,0,0,1,0,0,1,0.17,0,0,0
Angel's Mercy,13,16,69,12,7,117,1,1,0,1,0,1,4,1,0,0,0,1,0,0,0,0,0,0,2,0.14,0,0,0
Angel's Mercy,13,16,201,15,7,252,1,1,0,1,0,1,4,1,0,0,0,1,0,0,0,0,0,0,2,0.15,0,0,0
Angel's Mercy,13,16,95,15,7,146,1,1,0,1,0,1,4,1,0,0,0,1,0,0,0,0,0,0,2,0.15,0,0,0
Angel's Mercy,13,16,145,15,7,196,1,1,0,1,0,1,4,1,0,0,0,1,0,0,0,0,0,0,2,0.16,0,0,0
Angelsong,9,107,79,13,7,215,1,1,0,1,0,1,2,1,0,0,0,1,0,0,0,0,0,0,1,0.2,0,0,0
Annihilating Fire,17,137,78,13,7,252,1,1,0,1,0,1,3,1,0,0,0,1,0,0,0,0,0,0,2,0.14,0,0,0
Annul,5,45,102,12,7,171,1,1,0,1,0,1,1,1,0,0,0,1,0,0,0,0,0,0,1,0.15,0,0,0
Annul,5,45,130,14,7,201,1,1,0,1,0,1,1,1,0,0,0,1,0,0,0,0,0,0,1,0.15,0,0,0
Anodet Lurker,13,41,125,11,29,219,0,0,0,2,1,1,5,1,0,0,0,0,0,0,1,1,0,0,0,0.14,0,0,0
Anointed Deacon,15,97,56,13,25,206,1,1,0,1,2,1,5,1,0,0,0,0,0,0,0,1,0,0,1,0.13,0,0,0
Anointer Priest,15,267,0,12,23,317,1,1,0,1,2,1,2,1,0,0,0,0,0,0,0,1,0,0,1,0.15,0,0,0
Anticipate,10,132,63,14,7,226,1,1,0,1,0,1,2,1,0,0,0,1,0,0,0,0,0,0,1,0.16,0,0,0
Anticipate,10,132,69,12,7,230,1,1,0,1,0,1,2,1,0,0,0,1,0,0,0,0,0,0,1,0.19,0,0,0
Antler Skulkin,14,193,82,12,29,330,0,0,0,2,1,1,5,1,0,0,0,0,0,0,1,1,0,0,0,0.15,0,0,0
Apex Hawks,10,194,0,13,15,232,1,1,0,1,1,1,3,1,0,0,0,0,0,0,0,1,0,0,1,0.15,0,0,0
Aphotic Wisps,13,151,91,10,7,272,1,1,0,1,0,1,1,1,0,0,0,1,0,0,0,0,0,0,1,0.17,0,0,0
Apostle's Blessing,18,170,0,11,7,206,1,1,0,1,0,1,2,1,0,0,0,1,0,0,0,0,0,0,1,0.28,0,0,0
Apothecary Geist,16,100,66,15,17,214,1,1,0,1,1,1,4,1,0,0,0,0,0,0,0,1,0,0,1,0.14,0,0,0
Apothecary Initiate,19,83,122,10,25,259,1,1,0,1,2,1,1,1,0,0,0,0,0,0,0,1,0,0,1,0.15,0,0,0
Appetite for the Unnatural,26,56,147,12,7,248,1,1,0,1,0,1,3,1,0,0,0,1,0,0,0,0,0,0,1,0.14,0,0,0
Aquamorph Entity,16,222,0,13,23,274,1,1,0,1,1,1,4,1,0,0,0,0,0,0,0,1,0,0,2,0.15,0,0,0
Aquastrand Spider,17,301,0,11,24,353,1,1,0,1,2,1,2,1,0,0,0,0,0,0,0,1,0,0,1,0.15,0,0,0
Aqueous Form,12,191,0,15,18,236,1,1,0,1,1,1,1,1,0,0,0,0,0,1,0,0,0,0,1,0.19,0,0,0
Aquitect's Will,15,173,59,11,24,282,1,1,0,2,1,1,1,1,0,0,0,0,1,0,0,0,0,0,1,0.28,0,0,0
Araba Mothrider,15,101,162,17,24,319,1,1,0,1,2,1,2,1,0,0,0,0,0,0,0,1,0,0,1,0.18,0,0,0
Arachnus Web,12,209,0,13,18,252,1,1,0,1,1,1,3,1,0,0,0,0,0,1,0,0,0,0,1,0.15,0,0,0
Aradara Express,15,144,73,13,18,263,0,0,0,1,1,1,5,1,0,0,0,0,0,0,1,0,0,0,0,0.11,0,0,0
Arashin Cleric,14,60,84,10,23,191,1,1,0,1,2,1,2,1,0,0,0,0,0,0,0,1,0,0,1,0.17,0,0,0
Arbor Elf,9,25,71,7,20,132,1,1,0,1,2,1,1,1,0,0,0,0,0,0,0,1,0,0,1,0.26,0,0,0
Arbor Elf,9,25,116,7,20,177,1,1,0,1,2,1,1,1,0,0,0,0,0,0,0,1,0,0,1,0.3,0,0,0
Arc Runner,10,136,90,9,23,268,1,1,0,1,2,1,3,1,0,0,0,0,0,0,0,1,0,0,1,0.14,0,0,0
Arcane Spyglass,15,148,53,15,8,239,0,0,0,1,0,1,4,1,0,0,0,0,0,0,1,0,0,0,0,0.14,0,0,0
Arcbound Bruiser,16,146,27,19,25,233,0,0,0,2,1,1,5,1,0,0,0,0,0,0,1,1,0,0,0,0.14,0,0,0
Arcbound Hybrid,15,150,0,12,25,202,0,0,0,2,1,1,4,1,0,0,0,0,0,0,1,1,0,0,0,0.15,0,0,0
Arcbound Stinger,16,148,0,13,26,203,0,0,0,2,1,1,2,1,0,0,0,0,0,0,1,1,0,0,0,0.16,0,0,0
Arcbound Worker,15,141,37,13,29,235,0,0,0,2,1,1,1,1,0,0,0,0,0,0,1,1,0,0,0,0.16,0,0,0
Archaeomancer,13,114,89,12,23,251,1,1,0,1,2,1,4,1,0,0,0,0,0,0,0,1,0,0,2,0.17,0,0,0
Archaeomancer,13,114,89,12,23,251,1,1,0,1,2,1,4,1,0,0,0,0,0,0,0,1,0,0,2,0.18,0,0,0
Archers of Qarsi,16,63,140,17,22,258,1,1,0,1,2,1,4,1,0,0,0,0,0,0,0,1,0,0,1,0.15,0,0,0
Archers' Parapet,16,49,113,14,15,207,1,2,-1,1,1,1,2,1,0,0,0,0,0,0,0,1,0,0,1,0.14,0,0,0
Architects of Will,18,191,76,12,32,329,2,2,0,2,2,1,4,1,0,0,0,0,0,0,1,1,0,0,2,0.39,0,0,0
Ardent Recruit,14,86,84,11,24,219,1,1,0,1,2,1,1,1,0,0,0,0,0,0,0,1,0,0,1,0.14,0,0,0
Armament of Nyx,15,241,0,15,18,289,1,1,0,1,1,1,3,1,0,0,0,0,0,1,0,0,0,0,1,0.15,0,0,0
Armed Response,14,102,116,12,7,251,1,1,0,1,0,1,3,1,0,0,0,1,0,0,0,0,0,0,1,0.14,0,0,0
Armillary Sphere,16,158,76,15,8,273,0,0,0,1,0,1,2,1,0,0,0,0,0,0,1,0,0,0,0,0.18,0,0,0
Armored Cancrix,15,0,123,16,15,169,1,1,0,1,1,1,5,1,0,0,0,0,0,0,0,1,0,0,1,0.13,0,0,0
Armored Cancrix,15,0,123,16,15,169,1,1,0,1,1,1,5,1,0,0,0,0,0,0,0,1,0,0,1,0.14,0,0,0
Armored Skaab,13,102,26,11,25,177,1,1,0,1,2,1,3,1,0,0,0,0,0,0,0,1,0,0,1,0.15,0,0,0
Armored Transport,17,92,69,12,29,219,0,0,0,2,1,1,3,1,0,0,0,0,0,0,1,1,0,0,0,0.14,0,0,0
Armored Warhorse,16,0,182,7,16,221,1,1,0,1,1,1,2,1,0,0,0,0,0,0,0,1,0,0,2,0.14,0,0,0
Armored Wolf-Rider,18,0,195,12,21,246,2,2,0,1,2,1,5,1,0,0,0,0,0,0,0,1,0,0,2,0.14,0,0,0
Armory Guard,12,57,139,13,24,245,1,1,0,1,2,1,4,1,0,0,0,0,0,0,0,1,0,0,1,0.14,0,0,0
Arrest,6,106,73,15,18,218,1,1,0,1,1,1,3,1,0,0,0,0,0,1,0,0,0,0,1,0.15,0,0,0
Arrest,6,106,103,7,18,240,1,1,0,1,1,1,3,1,0,0,0,0,0,1,0,0,0,0,1,0.15,0,0,0
Arrow Storm,11,203,33,14,7,268,1,1,0,1,0,1,5,1,0,0,0,0,1,0,0,0,0,0,2,0.13,0,0,0
Arsenal Thresher,16,209,0,13,29,267,3,3,0,2,1,1,4,1,0,0,0,0,0,0,1,1,0,0,2,0.15,0,0,0
Artful Dodge,12,141,76,16,7,252,1,1,0,1,0,1,1,1,0,0,0,0,1,0,0,0,0,0,1,0.24,0,0,0
Artful Maneuver,15,221,0,15,7,258,1,1,0,1,0,1,2,1,0,0,0,1,0,0,0,0,0,0,1,0.15,0,0,0
Artificer's Epiphany,20,60,112,13,7,212,1,1,0,1,0,1,3,1,0,0,0,1,0,0,0,0,0,0,1,0.15,0,0,0
Artillerize,11,134,66,12,7,230,1,1,0,1,0,1,4,1,0,0,0,1,0,0,0,0,0,0,1,0.14,0,0,0
Asha's Favor,12,76,112,15,18,233,1,1,0,1,1,1,3,1,0,0,0,0,0,1,0,0,0,0,1,0.19,0,0,0
Ashcoat Bear,12,67,146,14,15,254,1,1,0,1,1,1,2,1,0,0,0,0,0,0,0,1,0,0,1,0.15,0,0,0
Ashenmoor Cohort,16,74,172,14,28,304,1,1,0,1,2,1,6,1,0,0,0,0,0,0,0,1,0,0,1,0.15,0,0,0
Ashen-Skin Zubera,17,97,106,14,24,258,1,1,0,1,2,1,2,1,0,0,0,0,0,0,0,1,0,0,1,0.17,0,0,0
Ashmouth Hound,14,112,113,7,26,272,1,1,0,1,2,1,2,1,0,0,0,0,0,0,0,1,0,0,1,0.14,0,0,0
Aspect of Gorgon,16,137,68,13,18,252,1,1,0,1,1,1,3,1,0,0,0,0,0,1,0,0,0,0,1,0.15,0,0,0
Aspect of Hydra,15,173,29,12,7,236,1,1,0,1,0,1,1,1,0,0,0,1,0,0,0,0,0,0,1,0.15,0,0,0
Asphodel Wanderer,17,37,104,10,27,195,1,1,0,1,2,1,1,1,0,0,0,0,0,0,0,1,0,0,1,0.14,0,0,0
Asphyxiate,10,33,170,10,7,230,1,1,0,1,0,1,3,1,0,0,0,0,1,0,0,0,0,0,2,0.15,0,0,0
Aspiring Aeronaut,17,196,0,13,26,252,1,1,0,1,2,1,4,1,0,0,0,0,0,0,0,1,0,0,1,0.14,0,0,0
Assassinate,11,31,197,10,7,256,1,1,0,1,0,1,3,1,0,0,0,0,1,0,0,0,0,0,1,0.15,0,0,0
Assassinate,11,31,125,10,7,184,1,1,0,1,0,1,3,1,0,0,0,0,1,0,0,0,0,0,1,0.15,0,0,0
Assassinate,11,31,125,10,7,184,1,1,0,1,0,1,3,1,0,0,0,0,1,0,0,0,0,0,1,0.15,0,0,0
Assassinate,11,31,125,10,7,184,1,1,0,1,0,1,3,1,0,0,0,0,1,0,0,0,0,0,1,0.15,0,0,0
Assault Griffin,15,6,121,13,18,173,1,1,0,1,1,1,4,1,0,0,0,0,0,0,0,1,0,0,1,0.14,0,0,0
Assault Griffin,15,6,90,13,18,142,1,1,0,1,1,1,4,1,0,0,0,0,0,0,0,1,0,0,1,0.14,0,0,0
Assault Griffin,15,6,145,13,18,197,1,1,0,1,1,1,4,1,0,0,0,0,0,0,0,1,0,0,1,0.14,0,0,0
Assault Strobe,14,110,52,10,7,193,1,1,0,1,0,1,1,1,0,0,0,0,1,0,0,0,0,0,1,0.32,0,0,0
Assault Zeppelid,16,15,153,13,16,213,2,2,0,1,1,1,4,1,0,0,0,0,0,0,0,1,0,0,2,0.17,0,0,0
Atarka Beastbreaker,19,153,88,13,24,297,1,1,0,1,2,1,2,1,0,0,0,0,0,0,0,1,0,0,1,0.14,0,0,0
Atarka Efreet,13,243,0,4,24,284,1,1,0,1,2,1,4,1,0,0,0,0,0,0,0,1,0,0,1,0.14,0,0,0
Attended Knight,15,100,0,12,23,150,1,1,0,1,2,1,3,1,0,0,0,0,0,0,0,1,0,0,1,0.15,0,0,0
Attune with Aether,18,141,77,11,7,254,1,1,0,1,0,1,1,1,0,0,0,0,1,0,0,0,0,0,1,0.21,0,0,0
Audacious Infiltrator,21,61,134,12,22,250,1,1,0,1,2,1,2,1,0,0,0,0,0,0,0,1,0,0,1,0.1,0,0,0
Auger Spree,11,45,83,16,7,162,2,2,0,1,0,1,3,1,0,0,0,1,0,0,0,0,0,0,2,0.15,0,0,0
Augmenting Automaton,20,58,110,15,29,232,0,1,-1,2,1,1,1,1,0,0,0,0,0,0,1,1,0,0,0,0.1,0,0,0
Augur il-Vec,12,165,47,11,23,258,1,1,0,1,2,1,2,1,0,0,0,0,0,0,0,1,0,0,1,0.17,0,0,0
Augur of Skulls,15,143,75,6,26,265,1,1,0,1,2,1,2,1,0,0,0,0,0,0,0,1,0,0,1,0.42,0,0,0
Augury Owl,10,193,0,10,15,228,1,1,0,1,1,1,2,1,0,0,0,0,0,0,0,1,0,0,1,0.16,0,0,0
Aura Finesse,12,63,119,11,7,212,1,1,0,1,0,1,1,1,0,0,0,1,0,0,0,0,0,0,1,0.15,0,0,0
Aura Gnarlid,12,125,80,15,16,248,1,1,0,1,1,1,3,1,0,0,0,0,0,0,0,1,0,0,1,0.16,0,0,0
Auramancer,10,112,60,12,23,217,1,1,0,1,2,1,3,1,0,0,0,0,0,0,0,1,0,0,1,0.14,0,0,0
Auramancer,10,112,60,12,23,217,1,1,0,1,2,1,3,1,0,0,0,0,0,0,0,1,0,0,1,0.14,0,0,0
Auramancer,10,112,60,12,23,217,1,1,0,1,2,1,3,1,0,0,0,0,0,0,0,1,0,0,1,0.15,0,0,0
Auriok Glaivemaster,19,79,75,11,24,208,1,1,0,1,2,1,1,1,0,0,0,0,0,0,0,1,0,0,1,0.15,0,0,0
Auriok Replica,14,102,76,29,26,247,0,1,-1,2,1,1,3,1,0,0,0,0,0,0,1,1,0,0,0,0.12,0,0,0
Auriok Sunchaser,16,104,121,11,24,276,1,1,0,1,2,1,2,1,0,0,0,0,0,0,0,1,0,0,1,0.15,0,0,0
Auriok Transfixer,17,30,146,14,22,229,1,1,0,1,2,1,1,1,0,0,0,0,0,0,0,1,0,0,1,0.14,0,0,0
Aurochs Herd,12,266,0,13,18,309,1,1,0,1,1,1,6,1,0,0,0,0,0,0,0,1,0,0,1,0.16,0,0,0
Aurora Eidolon,14,220,0,12,17,263,1,1,0,1,1,1,4,1,0,0,0,0,0,0,0,1,0,0,1,0.15,0,0,0
Avacynian Priest,16,40,136,12,23,227,1,1,0,1,2,1,2,1,0,0,0,0,0,0,0,1,0,0,1,0.14,0,0,0
Avacyn's Pilgrim,16,31,122,29,21,219,1,2,-1,1,2,1,1,1,0,0,0,0,0,0,0,1,0,0,1,0.14,0,0,0
Aven Augur,10,133,50,9,22,224,1,1,0,1,2,1,4,1,0,0,0,0,0,0,0,1,0,0,1,0.16,0,0,0
Aven Battle Priest,18,146,99,21,22,306,1,1,0,1,2,1,6,1,0,0,0,0,0,0,0,1,0,0,1,0.14,0,0,0
Aven Cloudchaser,16,155,0,12,23,206,1,1,0,1,2,1,4,1,0,0,0,0,0,0,0,1,0,0,1,0.15,0,0,0
Aven Cloudchaser,16,155,0,12,23,206,1,1,0,1,2,1,4,1,0,0,0,0,0,0,0,1,0,0,1,0.15,0,0,0
Aven Cloudchaser,16,155,102,12,23,308,1,1,0,1,2,1,4,1,0,0,0,0,0,0,0,1,0,0,1,0.15,0,0,0
Aven Fisher,11,125,77,19,23,255,1,1,0,1,2,1,4,1,0,0,0,0,0,0,0,1,0,0,1,0.15,0,0,0
Aven Fisher,11,125,77,19,23,255,1,1,0,1,2,1,4,1,0,0,0,0,0,0,0,1,0,0,1,0.15,0,0,0
Aven Fisher,11,125,77,19,23,255,1,1,0,1,2,1,4,1,0,0,0,0,0,0,0,1,0,0,1,0.15,0,0,0
Aven Fleetwing,14,98,118,14,23,267,1,1,0,1,2,1,4,1,0,0,0,0,0,0,0,1,0,0,1,0.15,0,0,0
Aven Flock,10,127,99,22,23,281,1,1,0,1,2,1,5,1,0,0,0,0,0,0,0,1,0,0,1,0.15,0,0,0
Aven Flock,10,127,99,22,23,281,1,1,0,1,2,1,5,1,0,0,0,0,0,0,0,1,0,0,1,0.15,0,0,0
Aven Initiate,13,188,0,12,23,236,1,1,0,1,2,1,4,1,0,0,0,0,0,0,0,1,0,0,1,0.12,0,0,0
Aven of Enduring Hope,21,74,45,11,22,173,1,1,0,1,2,1,5,1,0,0,0,0,0,0,0,1,0,0,1,0.13,0,0,0
Aven Reedstalker,16,12,110,12,23,173,1,1,0,1,2,1,4,1,0,0,0,0,0,0,0,1,0,0,1,0.12,0,0,0
Aven Riftwatcher,16,282,0,13,29,340,1,1,0,1,3,1,3,1,0,0,0,0,0,0,0,1,0,0,1,0.16,0,0,0
Aven Skirmisher,15,6,148,15,23,207,1,1,0,1,2,1,1,1,0,0,0,0,0,0,0,1,0,0,1,0.14,0,0,0
Aven Squire,11,107,61,13,23,215,1,1,0,1,2,1,2,1,0,0,0,0,0,0,0,1,0,0,1,0.15,0,0,0
Aven Squire,11,107,61,13,23,215,1,1,0,1,2,1,2,1,0,0,0,0,0,0,0,1,0,0,1,0.17,0,0,0
Aven Surveyor,13,148,0,13,21,195,1,1,0,1,2,1,5,1,0,0,0,0,0,0,0,1,0,0,2,0.14,0,0,0
Aven Tactician,14,165,64,19,23,285,1,1,0,1,2,1,5,1,0,0,0,0,0,0,0,1,0,0,1,0.14,0,0,0
Aven Trailblazer,16,112,106,10,23,267,1,1,0,1,2,1,3,1,0,0,0,0,0,0,0,1,0,0,1,0.15,0,0,0
Aven Windreader,15,147,52,22,30,266,1,1,0,1,3,1,5,1,0,0,0,0,0,0,0,1,0,0,2,0.15,0,0,0
Aven Windreader,15,147,52,16,30,260,1,1,0,1,3,1,5,1,0,0,0,0,0,0,0,1,0,0,2,0.15,0,0,0
Avenging Arrow,14,52,68,11,7,152,1,1,0,1,0,1,3,1,0,0,0,1,0,0,0,0,0,0,1,0.14,0,0,0
Avian Changeling,16,53,102,14,23,208,1,1,0,1,1,1,3,1,0,0,0,0,0,0,0,1,0,0,1,0.15,0,0,0
Aviary Mechanic,15,110,121,8,26,280,1,1,0,1,2,1,2,1,0,0,0,0,0,0,0,1,0,0,1,0.12,0,0,0
Awaken the Bear,15,63,153,15,7,253,1,1,0,1,0,1,3,1,0,0,0,1,0,0,0,0,0,0,1,0.14,0,0,0
Awe for the Guilds,18,44,144,15,7,228,1,1,0,1,0,1,3,1,0,0,0,0,1,0,0,0,0,0,1,0.14,0,0,0
Awe Strike,10,133,89,16,7,255,1,1,0,1,0,1,1,1,0,0,0,1,0,0,0,0,0,0,1,0.17,0,0,0
Axebane Guardian,16,134,76,15,22,263,1,1,0,1,2,1,3,1,0,0,0,0,0,0,0,1,0,0,1,0.15,0,0,0
Axebane Stag,12,0,139,17,14,182,1,1,0,1,1,1,7,1,0,0,0,0,0,0,0,1,0,0,1,0.14,0,0,0
Axegrinder Giant,16,0,164,11,24,215,1,1,0,1,2,1,6,1,0,0,0,0,0,0,0,1,0,0,2,0.15,0,0,0
Azorius Arrester,16,198,77,14,24,329,1,1,0,1,2,1,2,1,0,0,0,0,0,0,0,1,0,0,1,0.15,0,0,0
Azorius Chancery,16,175,0,9,4,204,0,2,-2,1,0,1,0,1,0,0,0,0,0,0,0,0,1,0,0,0.27,0,0,0
Azorius Cluestone,17,93,132,12,8,262,0,2,-2,1,0,1,3,1,0,0,0,0,0,0,1,0,0,0,0,0.14,0,0,0
Azorius First-Wing,18,36,139,22,18,233,2,2,0,1,1,1,2,1,0,0,0,0,0,0,0,1,0,0,2,0.15,0,0,0
Azorius Guildgate,17,87,77,10,11,202,0,2,-2,1,1,1,0,1,0,0,0,0,0,0,0,0,1,0,0,0.15,0,0,0
Azorius Guildgate,17,87,121,10,11,246,0,2,-2,1,1,1,0,1,0,0,0,0,0,0,0,0,1,0,0,0.17,0,0,0
Azorius Signet,14,39,111,16,8,188,0,2,-2,1,0,1,2,1,0,0,0,0,0,0,1,0,0,0,0,1,1,0,0
Azure Drake,11,6,83,15,16,131,1,1,0,1,1,1,4,1,0,0,0,0,0,0,0,1,0,0,1,0.14,0,0,0
Backwoods Survivalists,22,136,110,12,24,304,1,1,0,1,2,1,4,1,0,0,0,0,0,0,0,1,0,0,1,0.14,0,0,0
Bala Ged Scorpion,17,100,57,7,19,200,1,1,0,1,1,1,4,1,0,0,0,0,0,0,0,1,0,0,1,0.15,0,0,0
Balduvian Barbarians,20,0,142,10,26,198,1,1,0,1,2,1,3,1,0,0,0,0,0,0,0,1,0,0,2,0.15,0,0,0
Balduvian Barbarians,20,0,142,10,26,198,1,1,0,1,2,1,3,1,0,0,0,0,0,0,0,1,0,0,2,0.15,0,0,0
Baleful Eidolon,15,298,0,7,29,349,1,1,0,2,1,1,2,1,0,0,0,0,0,1,0,1,0,0,1,0.14,0,0,0
Ballynock Cohort,16,87,36,13,26,178,1,1,0,1,2,1,3,1,0,0,0,0,0,0,0,1,0,0,1,0.16,0,0,0
Ballynock Trapper,17,91,81,14,26,229,1,1,0,1,2,1,4,1,0,0,0,0,0,0,0,1,0,0,1,0.15,0,0,0
Ballyrush Banneret,18,65,184,13,26,306,1,1,0,1,2,1,2,1,0,0,0,0,0,0,0,1,0,0,1,0.25,0,0,0
Balustrade Spy,14,199,0,11,24,248,1,1,0,1,2,1,4,1,0,0,0,0,0,0,0,1,0,0,1,0.15,0,0,0
Bandage,7,98,79,12,7,203,1,1,0,1,0,1,1,1,0,0,0,1,0,0,0,0,0,0,1,0.17,0,0,0
Bane Alley Blackguard,21,0,164,11,22,218,1,1,0,1,2,1,2,1,0,0,0,0,0,0,0,1,0,0,1,0.14,0,0,0
Banewasp Affliction,19,108,101,11,18,257,1,1,0,1,1,1,2,1,0,0,0,0,0,1,0,0,0,0,1,0.15,0,0,0
Banishing Knack,15,100,109,11,7,242,1,1,0,1,0,1,1,1,0,0,0,1,0,0,0,0,0,0,1,0.23,0,0,0
Banishment Decree,17,76,50,11,7,161,1,1,0,1,0,1,5,1,0,0,0,1,0,0,0,0,0,0,2,0.13,0,0,0
Banners Raised,14,50,84,11,7,166,1,1,0,1,0,1,1,1,0,0,0,1,0,0,0,0,0,0,1,0.13,0,0,0
Bant Panorama,13,196,64,15,4,292,0,0,0,1,0,1,0,1,0,0,0,0,0,0,0,0,1,0,0,0.19,0,0,0
Bant Sojourners,15,150,58,9,24,256,3,3,0,1,2,1,4,1,0,0,0,0,0,0,0,1,0,0,3,0.15,0,0,0
Bant Sureblade,14,102,89,15,24,244,3,3,0,1,2,1,2,1,0,0,0,0,0,0,0,1,0,0,2,0.18,0,0,0
Bar the Door,12,50,109,13,7,191,1,1,0,1,0,1,3,1,0,0,0,1,0,0,0,0,0,0,1,0.14,0,0,0
Barbarian Riftcutter,20,57,159,14,26,276,1,1,0,1,2,1,5,1,0,0,0,0,0,0,0,1,0,0,1,0.15,0,0,0
Barbed Lightning,16,173,46,13,7,255,1,1,0,1,0,1,3,1,0,0,0,1,0,0,0,0,0,0,1,0.15,0,0,0
Barkshell Blessing,18,222,0,15,7,262,2,2,0,1,0,1,1,1,0,0,0,1,0,0,0,0,0,0,1,0.15,0,0,0
Barony Vampire,14,0,117,7,18,156,1,1,0,1,1,1,3,1,0,0,0,0,0,0,0,1,0,0,1,0.15,0,0,0
Barrage of Boulders,19,166,43,12,7,247,1,1,0,1,0,1,3,1,0,0,0,0,1,0,0,0,0,0,1,0.13,0,0,0
Barrel Down Sokenzan,20,184,0,12,16,232,1,1,0,1,1,1,3,1,0,0,0,1,0,0,0,0,0,0,1,0.15,0,0,0
Barrenton Cragtreads,20,55,223,11,24,333,2,2,0,1,2,1,4,1,0,0,0,0,0,0,0,1,0,0,2,0.15,0,0,0
Barrenton Medic,15,153,62,15,25,270,1,1,0,1,2,1,5,1,0,0,0,0,0,0,0,1,0,0,1,0.15,0,0,0
Basal Sliver,12,74,166,11,17,280,1,1,0,1,1,1,3,1,0,0,0,0,0,0,0,1,0,0,1,0.2,0,0,0
Basilica Guards,15,130,31,9,24,209,1,1,0,1,2,1,3,1,0,0,0,0,0,0,0,1,0,0,1,0.15,0,0,0
Basilica Screecher,18,128,89,14,14,263,1,1,0,1,1,1,2,1,0,0,0,0,0,0,0,1,0,0,1,0.15,0,0,0
Bastion Enforcer,16,0,131,12,24,183,1,1,0,1,2,1,3,1,0,0,0,0,0,0,0,1,0,0,1,0.1,0,0,0
Bastion Inventor,16,224,63,9,29,341,1,1,0,1,2,1,6,1,0,0,0,0,0,0,0,1,0,0,1,0.12,0,0,0
Bastion Mastodon,16,56,75,20,28,195,0,1,-1,2,1,1,5,1,0,0,0,0,0,0,1,1,0,0,0,0.1,0,0,0
Bathe in Dragonfire,19,54,69,12,7,161,1,1,0,1,0,1,3,1,0,0,0,0,1,0,0,0,0,0,1,0.14,0,0,0
Baton of Courage,16,206,0,14,8,244,0,0,0,1,0,1,3,1,0,0,0,0,0,0,1,0,0,0,0,0.14,0,0,0
Battered Golem,14,127,69,14,25,249,0,0,0,2,1,1,3,1,0,0,0,0,0,0,1,1,0,0,0,0.16,0,0,0
Batterhorn,10,72,101,12,16,211,1,1,0,1,1,1,5,1,0,0,0,0,0,0,0,1,0,0,1,0.14,0,0,0
Battering Krasis,16,185,0,9,21,231,1,1,0,1,2,1,3,1,0,0,0,0,0,0,0,1,0,0,1,0.14,0,0,0
Battering Sliver,16,34,116,12,17,195,1,1,0,1,1,1,6,1,0,0,0,0,0,0,0,1,0,0,1,0.18,0,0,0
Battle Hurda,12,12,176,19,16,235,1,1,0,1,1,1,5,1,0,0,0,0,0,0,0,1,0,0,1,0.14,0,0,0
Battle Hymn,11,56,112,9,7,195,1,1,0,1,0,1,2,1,0,0,0,1,0,0,0,0,0,0,1,0.15,0,0,0
Battle Rampart,14,60,106,14,15,209,1,1,0,1,1,1,3,1,0,0,0,0,0,0,0,1,0,0,1,0.15,0,0,0
Battleflight Eagle,18,117,72,10,15,232,1,1,0,1,1,1,5,1,0,0,0,0,0,0,0,1,0,0,1,0.14,0,0,0
Battlegate Mimic,16,162,116,15,23,332,2,2,0,1,1,1,2,1,0,0,0,0,0,0,0,1,0,0,1,0.15,0,0,0
Battlegrowth,12,39,75,11,7,144,1,1,0,1,0,1,1,1,0,0,0,1,0,0,0,0,0,0,1,0.14,0,0,0
Battle-Mad Ronin,16,140,154,13,24,347,1,1,0,1,2,1,2,1,0,0,0,0,0,0,0,1,0,0,1,0.15,0,0,0
Battle-Rattle Shaman,20,98,106,11,24,259,1,1,0,1,2,1,4,1,0,0,0,0,0,0,0,1,0,0,1,0.15,0,0,0
Battlewand Oak,14,186,0,14,27,241,1,1,0,1,2,1,3,1,0,0,0,0,0,0,0,1,0,0,1,0.16,0,0,0
Battlewise Valor,16,146,90,11,7,270,1,1,0,1,0,1,2,1,0,0,0,1,0,0,0,0,0,0,1,0.14,0,0,0
Beacon Behemoth,15,79,122,13,16,245,1,1,0,1,1,1,5,1,0,0,0,0,0,0,0,1,0,0,2,0.15,0,0,0
Beacon Hawk,11,138,0,15,15,179,1,1,0,1,1,1,2,1,0,0,0,0,0,0,0,1,0,0,1,0.15,0,0,0
Beast Hunt,10,133,94,13,7,257,1,1,0,1,0,1,4,1,0,0,0,0,1,0,0,0,0,0,1,0.14,0,0,0
Beastmaster's Magemark,22,197,0,17,18,254,1,1,0,1,1,1,3,1,0,0,0,0,0,1,0,0,0,0,1,0.15,0,0,0
Beckon Apparition,17,99,94,16,7,233,2,2,0,1,0,1,1,1,0,0,0,1,0,0,0,0,0,0,1,0.15,0,0,0
Beckon Apparition,17,99,71,12,7,206,2,2,0,1,0,1,1,1,0,0,0,1,0,0,0,0,0,0,1,0.15,0,0,0
Beetleform Mage,15,113,107,11,30,276,2,2,0,1,3,1,3,1,0,0,0,0,0,0,0,1,0,0,2,0.14,0,0,0
Befoul,6,66,173,12,7,264,1,1,0,1,0,1,4,1,0,0,0,0,1,0,0,0,0,0,2,0.15,0,0,0
Belligerent Whiptail,20,128,136,12,15,311,1,1,0,1,1,1,4,1,0,0,0,0,0,0,0,1,0,0,1,0.13,0,0,0
Bellows Lizard,14,52,92,9,17,184,1,1,0,1,1,1,1,1,0,0,0,0,0,0,0,1,0,0,1,0.14,0,0,0
Bellows Lizard,14,52,92,9,17,184,1,1,0,1,1,1,1,1,0,0,0,0,0,0,0,1,0,0,1,0.14,0,0,0
Benalish Cavalry,16,121,90,13,23,263,1,1,0,1,2,1,2,1,0,0,0,0,0,0,0,1,0,0,1,0.15,0,0,0
Benalish Knight,15,155,66,29,23,288,1,1,0,1,2,1,3,1,0,0,0,0,0,0,0,1,0,0,1,0.17,0,0,0
Benalish Veteran,16,67,112,15,24,234,1,1,0,1,2,1,3,1,0,0,0,0,0,0,0,1,0,0,1,0.15,0,0,0
Beneath the Sands,17,156,66,17,7,263,1,1,0,1,0,1,3,1,0,0,0,0,1,0,0,0,0,0,1,0.14,0,0,0
Benediction of Moons,20,222,0,12,7,261,1,1,0,1,0,1,1,1,0,0,0,0,1,0,0,0,0,0,1,0.15,0,0,0
Benefaction of Rhonas,21,163,64,12,7,267,1,1,0,1,0,1,3,1,0,0,0,0,1,0,0,0,0,0,1,0.14,0,0,0
Benevolent Ancestor,19,129,107,13,17,285,1,1,0,1,1,1,3,1,0,0,0,0,0,0,0,1,0,0,1,0.15,0,0,0
Benthic Giant,13,91,119,11,16,250,1,1,0,1,1,1,6,1,0,0,0,0,0,0,0,1,0,0,1,0.14,0,0,0
Benthic Infiltrator,19,190,0,15,24,248,0,1,-1,1,2,1,3,1,0,0,0,0,0,0,0,1,0,0,1,0.15,0,0,0
Berserkers of Blood Ridge,25,54,88,13,26,206,1,1,0,1,2,1,5,1,0,0,0,0,0,0,0,1,0,0,1,0.14,0,0,0
Berserkers of Blood Ridge,25,54,88,13,26,206,1,1,0,1,2,1,5,1,0,0,0,0,0,0,0,1,0,0,1,0.14,0,0,0
Bewilder,8,58,180,13,7,266,1,1,0,1,0,1,3,1,0,0,0,1,0,0,0,0,0,0,1,0.15,0,0,0
Bile Urchin,11,50,174,11,17,263,1,1,0,1,1,1,1,1,0,0,0,0,0,0,0,1,0,0,1,0.15,0,0,0
Binding Mummy,13,107,42,13,17,192,1,1,0,1,1,1,2,1,0,0,0,0,0,0,0,1,0,0,1,0.15,0,0,0
Bioshift,8,109,120,10,7,254,2,2,0,1,0,1,1,1,0,0,0,1,0,0,0,0,0,0,1,0.15,0,0,0
Bishop's Soldier,16,8,98,12,26,160,1,1,0,1,2,1,2,1,0,0,0,0,0,0,0,1,0,0,1,0.13,0,0,0
Bitter Revelation,17,125,89,12,7,250,1,1,0,1,0,1,4,1,0,0,0,0,1,0,0,0,0,0,1,0.14,0,0,0
Bitterblade Warrior,19,178,67,15,25,304,1,1,0,1,2,1,2,1,0,0,0,0,0,0,0,1,0,0,1,0.12,0,0,0
Bitterbow Sharpshooters,23,16,70,9,24,142,1,1,0,1,2,1,5,1,0,0,0,0,0,0,0,1,0,0,1,0.14,0,0,0
Black Cat,9,63,46,13,21,152,1,1,0,1,2,1,2,1,0,0,0,0,0,0,0,1,0,0,1,0.15,0,0,0
Black Cat,9,63,46,13,21,152,1,1,0,1,2,1,2,1,0,0,0,0,0,0,0,1,0,0,1,0.15,0,0,0
Black Poplar Shaman,19,35,102,10,26,192,1,1,0,1,2,1,3,1,0,0,0,0,0,0,0,1,0,0,1,0.16,0,0,0
Blackcleave Goblin,18,131,59,9,24,241,1,1,0,1,2,1,4,1,0,0,0,0,0,0,0,1,0,0,1,0.15,0,0,0
Blade of the Sixth Pride,24,0,0,12,20,56,1,1,0,1,2,1,2,1,0,0,0,0,0,0,0,1,0,0,1,0.17,0,0,0
Bladed Bracers,14,181,39,8,20,262,0,0,0,1,1,1,1,1,0,0,0,0,0,0,1,0,0,0,0,0.14,0,0,0
Bladed Pinions,14,56,102,12,20,204,0,0,0,1,1,1,2,1,0,0,0,0,0,0,1,0,0,0,0,0.17,0,0,0
Bladed Sentinel,15,55,103,16,29,218,0,1,-1,2,1,1,4,1,0,0,0,0,0,0,1,1,0,0,0,0.13,0,0,0
Blademane Baku,14,205,0,20,17,256,1,1,0,1,1,1,2,1,0,0,0,0,0,0,0,1,0,0,1,0.15,0,0,0
Blades of Velis Vel,19,135,80,11,29,274,1,1,0,2,1,1,2,1,0,0,0,1,0,0,0,0,0,0,1,0.15,0,0,0
Blade-Tribe Berserkers,22,173,0,10,26,231,1,1,0,1,2,1,4,1,0,0,0,0,0,0,0,1,0,0,1,0.12,0,0,0
Bladetusk Boar,14,117,95,11,15,252,1,1,0,1,1,1,4,1,0,0,0,0,0,0,0,1,0,0,1,0.13,0,0,0
Bladetusk Boar,14,117,95,11,15,252,1,1,0,1,1,1,4,1,0,0,0,0,0,0,0,1,0,0,1,0.14,0,0,0
Bladetusk Boar,14,117,112,10,15,268,1,1,0,1,1,1,4,1,0,0,0,0,0,0,0,1,0,0,1,0.14,0,0,0
Blastfire Bolt,14,98,141,12,7,272,1,1,0,1,0,1,6,1,0,0,0,1,0,0,0,0,0,0,1,0.14,0,0,0
Blazethorn Scarecrow,20,204,0,12,29,265,0,0,0,2,1,1,5,1,0,0,0,0,0,0,1,1,0,0,0,0.16,0,0,0
Blazing Blade Askari,20,184,72,11,23,310,1,1,0,1,2,1,3,1,0,0,0,0,0,0,0,1,0,0,1,0.15,0,0,0
Blazing Torch,13,252,0,10,20,295,0,0,0,1,1,1,1,1,0,0,0,0,0,0,1,0,0,0,0,0.14,0,0,0
Blazing Volley,14,70,81,11,7,183,1,1,0,1,0,1,1,1,0,0,0,0,1,0,0,0,0,0,1,0.15,0,0,0
Bleak Coven Vampires,20,150,89,13,26,298,1,1,0,1,2,1,5,1,0,0,0,0,0,0,0,1,0,0,2,0.13,0,0,0
Blessed Breath,14,262,0,14,16,306,1,1,0,1,1,1,1,1,0,0,0,1,0,0,0,0,0,0,1,0.16,0,0,0
Blessing of Leeches,19,108,0,12,18,157,1,1,0,1,1,1,3,1,0,0,0,0,0,1,0,0,0,0,1,0.15,0,0,0
Blight Keeper,13,94,33,11,18,169,1,1,0,1,2,1,1,1,0,0,0,0,0,0,0,1,0,0,1,0.14,0,0,0
Blight Mamba,12,158,37,10,16,233,1,1,0,1,1,1,2,1,0,0,0,0,0,0,0,1,0,0,1,0.45,0,0,0
Blight Sickle,13,116,36,9,20,194,0,0,0,1,1,1,2,1,0,0,0,0,0,0,1,0,0,0,0,0.18,0,0,0
Blighted Agent,14,158,91,17,22,302,1,1,0,1,2,1,2,1,0,0,0,0,0,0,0,1,0,0,1,0.5,0,0,0
Blighted Bat,12,55,127,9,21,224,1,1,0,1,2,1,3,1,0,0,0,0,0,0,0,1,0,0,1,0.13,0,0,0
Blightning,10,75,106,14,7,212,2,2,0,1,0,1,3,1,0,0,0,0,1,0,0,0,0,0,2,0.68,0,0,0
Blightsoil Druid,16,43,140,9,20,228,1,2,-1,1,2,1,2,1,0,0,0,0,0,0,0,1,0,0,1,0.15,0,0,0
Blightspeaker,13,184,49,10,29,285,1,1,0,1,3,1,2,1,0,0,0,0,0,0,0,1,0,0,1,0.15,0,0,0
Blightwidow,11,180,0,16,17,224,1,1,0,1,1,1,4,1,0,0,0,0,0,0,0,1,0,0,1,0.15,0,0,0
Blind Creeper,13,76,41,14,23,167,1,1,0,1,2,1,2,1,0,0,0,0,0,0,0,1,0,0,1,0.14,0,0,0
Blind Hunter,12,195,0,11,14,232,2,2,0,1,1,1,4,1,0,0,0,0,0,0,0,1,0,0,2,0.15,0,0,0
Blind Phantasm,14,0,0,8,19,41,1,1,0,1,1,1,3,1,0,0,0,0,0,0,0,1,0,0,1,0.15,0,0,0
Blind Zealot,12,251,0,29,23,315,1,1,0,1,2,1,3,1,0,0,0,0,0,0,0,1,0,0,2,0.15,0,0,0
Blinding Beam,13,159,0,12,7,191,1,1,0,1,0,1,3,1,0,0,0,1,0,0,0,0,0,0,1,0.15,0,0,0
Blinding Drone,14,96,134,12,24,280,0,1,-1,1,2,1,2,1,0,0,0,0,0,0,0,1,0,0,1,0.12,0,0,0
Blinding Fog,12,192,50,13,7,274,1,1,0,1,0,1,3,1,0,0,0,1,0,0,0,0,0,0,1,0.14,0,0,0
Blinding Mage,13,30,90,14,23,170,1,1,0,1,2,1,2,1,0,0,0,0,0,0,0,1,0,0,1,0.15,0,0,0
Blinding Mage,13,30,90,14,23,170,1,1,0,1,2,1,2,1,0,0,0,0,0,0,0,1,0,0,1,0.15,0,0,0
Blinding Souleater,18,79,127,13,26,263,0,1,-1,2,1,1,3,1,0,0,0,0,0,0,1,1,0,0,0,0.14,0,0,0
Blind-Spot Giant,16,72,130,10,24,252,1,1,0,1,2,1,3,1,0,0,0,0,0,0,0,1,0,0,1,0.15,0,0,0
Blister Beetle,14,89,126,17,17,263,1,1,0,1,1,1,2,1,0,0,0,0,0,0,0,1,0,0,1,0.15,0,0,0
Blistergrub,11,139,105,7,17,279,1,1,0,1,1,1,3,1,0,0,0,0,0,0,0,1,0,0,1,0.13,0,0,0
Blistering Dieflyn,18,62,112,13,14,219,1,2,-1,1,1,1,4,1,0,0,0,0,0,0,0,1,0,0,1,0.15,0,0,0
Blisterpod,10,168,42,11,24,255,0,1,-1,1,2,1,1,1,0,0,0,0,0,0,0,1,0,0,1,0.14,0,0,0
Blisterstick Shaman,19,96,53,15,24,207,1,1,0,1,2,1,3,1,0,0,0,0,0,0,0,1,0,0,1,0.13,0,0,0
Blood Bairn,11,69,64,8,18,170,1,1,0,1,1,1,3,1,0,0,0,0,0,0,0,1,0,0,1,0.15,0,0,0
Blood Ogre,10,211,0,19,23,263,1,1,0,1,2,1,3,1,0,0,0,0,0,0,0,1,0,0,1,0.14,0,0,0
Blood Seeker,12,109,45,12,25,203,1,1,0,1,2,1,2,1,0,0,0,0,0,0,0,1,0,0,1,0.15,0,0,0
Blood Seeker,12,109,45,12,25,203,1,1,0,1,2,1,2,1,0,0,0,0,0,0,0,1,0,0,1,0.16,0,0,0
Blood Tithe,11,74,58,11,7,161,1,1,0,1,0,1,4,1,0,0,0,0,1,0,0,0,0,0,1,0.16,0,0,0
Bloodbriar,10,76,124,16,26,252,1,1,0,1,2,1,3,1,0,0,0,0,0,0,0,1,0,0,1,0.14,0,0,0
Bloodcrazed Goblin,18,83,140,14,27,282,1,1,0,1,2,1,1,1,0,0,0,0,0,0,0,1,0,0,1,0.14,0,0,0
Bloodcrazed Hoplite,19,217,0,12,24,272,1,1,0,1,2,1,2,1,0,0,0,0,0,0,0,1,0,0,1,0.15,0,0,0
Bloodcrazed Neonate,19,137,93,16,18,283,1,1,0,1,1,1,2,1,0,0,0,0,0,0,0,1,0,0,1,0.14,0,0,0
Bloodfell Caves,15,147,0,13,4,179,0,2,-2,1,0,1,0,1,0,0,0,0,0,0,0,0,1,0,0,0.15,0,0,0
Bloodfell Caves,15,147,0,13,4,179,0,2,-2,1,0,1,0,1,0,0,0,0,0,0,0,0,1,0,0,0.16,0,0,0
Bloodfire Expert,16,92,118,16,22,264,1,1,0,1,2,1,3,1,0,0,0,0,0,0,0,1,0,0,1,0.13,0,0,0
Bloodfire Mentor,16,46,129,11,24,226,1,2,-1,1,2,1,3,1,0,0,0,0,0,0,0,1,0,0,1,0.12,0,0,0
Bloodflow Connoisseur,21,67,107,15,18,228,1,1,0,1,1,1,3,1,0,0,0,0,0,0,0,1,0,0,1,0.15,0,0,0
Bloodhunter Bat,15,99,79,16,14,223,1,1,0,1,1,1,4,1,0,0,0,0,0,0,0,1,0,0,1,0.14,0,0,0
Bloodlust Inciter,17,51,36,15,24,143,1,1,0,1,2,1,1,1,0,0,0,0,0,0,0,1,0,0,1,0.13,0,0,0
Bloodmad Vampire,16,224,0,13,28,281,1,1,0,1,2,1,3,1,0,0,0,0,0,0,0,1,0,0,1,0.16,0,0,0
Bloodpyre Elemental,19,147,70,14,20,270,1,1,0,1,1,1,5,1,0,0,0,0,0,0,0,1,0,0,1,0.16,0,0,0
Bloodrage Vampire,17,123,58,14,18,230,1,1,0,1,1,1,3,1,0,0,0,0,0,0,0,1,0,0,1,0.15,0,0,0
Bloodrite Invoker,17,52,153,15,25,262,1,1,0,1,2,1,3,1,0,0,0,0,0,0,0,1,0,0,1,0.15,0,0,0
Bloodrock Cyclops,17,46,89,22,18,192,1,1,0,1,1,1,3,1,0,0,0,0,0,0,0,1,0,0,1,0.16,0,0,0
Bloodscale Prowler,18,123,102,15,27,285,1,1,0,1,2,1,3,1,0,0,0,0,0,0,0,1,0,0,1,0.15,0,0,0
Bloodshed Fever,15,64,113,9,18,219,1,1,0,1,1,1,1,1,0,0,0,0,0,1,0,0,0,0,1,0.15,0,0,0
Bloodthorn Taunter,18,81,109,13,22,243,1,1,0,1,2,1,2,1,0,0,0,0,0,0,0,1,0,0,1,0.15,0,0,0
Bloodthrone Vampire,19,71,83,12,18,203,1,1,0,1,1,1,2,1,0,0,0,0,0,0,0,1,0,0,1,0.15,0,0,0
Bloodthrone Vampire,19,71,66,12,18,186,1,1,0,1,1,1,2,1,0,0,0,0,0,0,0,1,0,0,1,0.15,0,0,0
Bloodthrone Vampire,19,71,127,12,18,247,1,1,0,1,1,1,2,1,0,0,0,0,0,0,0,1,0,0,1,0.16,0,0,0
Blood-Toll Harpy,16,78,116,10,16,236,1,1,0,1,1,1,3,1,0,0,0,0,0,0,0,1,0,0,1,0.14,0,0,0
Blossom Dryad,13,23,84,13,16,149,1,1,0,1,1,1,3,1,0,0,0,0,0,0,0,1,0,0,1,0.14,0,0,0
Blossoming Sands,16,149,0,10,4,179,0,2,-2,1,0,1,0,1,0,0,0,0,0,0,0,0,1,0,0,0.14,0,0,0
Blossoming Sands,16,149,0,10,4,179,0,2,-2,1,0,1,0,1,0,0,0,0,0,0,0,0,1,0,0,0.15,0,0,0
Blunt the Assault,17,110,82,12,7,228,1,1,0,1,0,1,4,1,0,0,0,1,0,0,0,0,0,0,1,0.15,0,0,0
Blur of Blades,14,100,125,15,7,261,1,1,0,1,0,1,2,1,0,0,0,1,0,0,0,0,0,0,1,0.14,0,0,0
Blur Sliver,11,107,107,7,17,249,1,1,0,1,1,1,3,1,0,0,0,0,0,0,0,1,0,0,1,0.15,0,0,0
Bog Hoodlums,12,316,0,14,25,367,1,1,0,1,2,1,6,1,0,0,0,0,0,0,0,1,0,0,1,0.15,0,0,0
Bog Imp,7,81,42,14,14,158,1,1,0,1,1,1,2,1,0,0,0,0,0,0,0,1,0,0,1,0.15,0,0,0
Bog Imp,7,81,42,14,14,158,1,1,0,1,1,1,2,1,0,0,0,0,0,0,0,1,0,0,1,0.15,0,0,0
Bog Raiders,11,88,108,14,17,238,1,1,0,1,1,1,3,1,0,0,0,0,0,0,0,1,0,0,1,0.14,0,0,0
Bog Serpent,11,117,84,14,18,244,1,1,0,1,1,1,6,1,0,0,0,0,0,0,0,1,0,0,1,0.15,0,0,0
Bog Tatters,11,88,74,7,17,197,1,1,0,1,1,1,5,1,0,0,0,0,0,0,0,1,0,0,1,0.14,0,0,0
Bogardan Firefiend,18,67,94,14,27,220,1,1,0,1,2,1,3,1,0,0,0,0,0,0,0,1,0,0,1,0.16,0,0,0
Bogardan Lancer,15,245,0,10,23,293,1,1,0,1,2,1,2,1,0,0,0,0,0,0,0,1,0,0,1,0.15,0,0,0
Bogardan Rager,14,157,107,13,20,311,1,1,0,1,1,1,6,1,0,0,0,0,0,0,0,1,0,0,1,0.15,0,0,0
Boggart Arsonists,17,163,125,13,23,341,1,1,0,1,2,1,3,1,0,0,0,0,0,0,0,1,0,0,1,0.15,0,0,0
Boggart Birth Rite,18,59,132,13,23,245,1,1,0,2,1,1,1,1,0,0,0,0,1,0,0,0,0,0,1,0.15,0,0,0
Boggart Brute,13,72,69,13,25,192,1,1,0,1,2,1,3,1,0,0,0,0,0,0,0,1,0,0,1,0.14,0,0,0
Boggart Forager,15,74,85,11,23,208,1,1,0,1,2,1,1,1,0,0,0,0,0,0,0,1,0,0,1,0.15,0,0,0
Boggart Loggers,15,160,133,13,23,344,1,1,0,1,2,1,3,1,0,0,0,0,0,0,0,1,0,0,1,0.15,0,0,0
Boggart Sprite-Chaser,21,81,146,10,25,283,1,1,0,1,2,1,2,1,0,0,0,0,0,0,0,1,0,0,1,0.15,0,0,0
Bog-Strider Ash,15,173,78,15,26,307,1,1,0,1,2,1,4,1,0,0,0,0,0,0,0,1,0,0,1,0.15,0,0,0
Boiling Earth,13,249,0,12,7,281,1,1,0,1,0,1,2,1,0,0,0,0,1,0,0,0,0,0,1,0.13,0,0,0
Bojuka Bog,10,161,0,11,4,186,0,1,-1,1,0,1,0,1,0,0,0,0,0,0,0,0,1,0,0,1.19,1,0,0
Bojuka Brigand,14,157,78,12,29,290,1,1,0,1,3,1,2,1,0,0,0,0,0,0,0,1,0,0,1,0.15,0,0,0
Bold Defense,12,232,0,10,7,261,1,1,0,1,0,1,3,1,0,0,0,1,0,0,0,0,0,0,1,0.15,0,0,0
Bold Impaler,12,50,142,13,25,242,1,1,0,1,2,1,1,1,0,0,0,0,0,0,0,1,0,0,1,0.14,0,0,0
Bolt of Keranos,15,161,83,13,7,279,1,1,0,1,0,1,3,1,0,0,0,0,1,0,0,0,0,0,2,0.15,0,0,0
Bomber Corps,12,132,37,11,24,216,1,1,0,1,2,1,2,1,0,0,0,0,0,0,0,1,0,0,1,0.14,0,0,0
Bond Beetle,11,80,73,9,17,190,1,1,0,1,1,1,1,1,0,0,0,0,0,0,0,1,0,0,1,0.15,0,0,0
Bonded Construct,16,36,54,16,29,151,0,0,0,2,1,1,1,1,0,0,0,0,0,0,1,1,0,0,0,0.15,0,0,0
Bonds of Faith,14,108,57,12,18,209,1,1,0,1,1,1,2,1,0,0,0,0,0,1,0,0,0,0,1,0.15,0,0,0
Bonds of Quicksilver,20,153,42,15,18,248,1,1,0,1,1,1,4,1,0,0,0,0,0,1,0,0,0,0,1,0.12,0,0,0
Bone Saw,8,110,106,10,20,254,0,0,0,1,1,1,0,1,0,0,0,0,0,0,1,0,0,0,0,0.17,0,0,0
Bone Saw,8,110,79,12,20,229,0,0,0,1,1,1,0,1,0,0,0,0,0,0,1,0,0,0,0,0.18,0,0,0
Bone Splinters,14,92,124,9,7,246,1,1,0,1,0,1,1,1,0,0,0,0,1,0,0,0,0,0,1,0.14,0,0,0
Bone Splinters,14,92,71,20,7,204,1,1,0,1,0,1,1,1,0,0,0,0,1,0,0,0,0,0,1,0.14,0,0,0
Bone Splinters,14,92,166,13,7,292,1,1,0,1,0,1,1,1,0,0,0,0,1,0,0,0,0,0,1,0.17,0,0,0
Bone to Ash,11,43,90,13,7,164,1,1,0,1,0,1,4,1,0,0,0,1,0,0,0,0,0,0,2,0.13,0,0,0
Bone to Ash,11,43,89,13,7,163,1,1,0,1,0,1,4,1,0,0,0,1,0,0,0,0,0,0,2,0.14,0,0,0
Bonebreaker Giant,17,0,58,10,16,101,1,1,0,1,1,1,5,1,0,0,0,0,0,0,0,1,0,0,1,0.14,0,0,0
Bonesplitter,12,39,0,13,20,84,0,0,0,1,1,1,1,1,0,0,0,0,0,0,1,0,0,0,0,0.4,0,0,0
Bonesplitter Sliver,19,31,209,11,17,287,1,1,0,1,1,1,4,1,0,0,0,0,0,0,0,1,0,0,1,0.18,0,0,0
Boomerang,9,44,71,15,7,146,1,1,0,1,0,1,2,1,0,0,0,1,0,0,0,0,0,0,2,0.17,0,0,0
Boomerang,9,44,71,12,7,143,1,1,0,1,0,1,2,1,0,0,0,1,0,0,0,0,0,0,2,0.2,0,0,0
Boomerang,9,44,146,12,7,218,1,1,0,1,0,1,2,1,0,0,0,1,0,0,0,0,0,0,2,0.21,0,0,0
Boon of Emrakul,15,47,48,15,18,143,1,1,0,1,1,1,3,1,0,0,0,0,0,1,0,0,0,0,1,0.13,0,0,0
Boon of Erebos,14,77,106,11,7,215,1,1,0,1,0,1,1,1,0,0,0,1,0,0,0,0,0,0,1,0.14,0,0,0
Borderland Marauder,19,70,111,16,24,240,1,1,0,1,2,1,2,1,0,0,0,0,0,0,0,1,0,0,1,0.15,0,0,0
Borderland Minotaur,19,0,248,12,27,306,1,1,0,1,2,1,4,1,0,0,0,0,0,0,0,1,0,0,2,0.14,0,0,0
Borderland Ranger,17,168,75,12,22,294,1,1,0,1,2,1,3,1,0,0,0,0,0,0,0,1,0,0,1,0.14,0,0,0
Borderland Ranger,17,168,35,13,22,255,1,1,0,1,2,1,3,1,0,0,0,0,0,0,0,1,0,0,1,0.15,0,0,0
Boreal Centaur,14,147,121,15,31,328,1,1,0,1,2,1,2,1,0,0,0,0,0,0,0,1,0,0,1,0.15,0,0,0
Boreal Druid,12,31,187,14,25,269,1,1,0,1,2,1,1,1,0,0,0,0,0,0,0,1,0,0,1,0.56,0,0,0
Boreal Griffin,14,119,73,20,23,249,1,1,0,1,1,1,5,1,0,0,0,0,0,0,0,1,0,0,2,0.15,0,0,0
Boros Cluestone,15,91,132,12,8,258,0,2,-2,1,0,1,3,1,0,0,0,0,0,0,1,0,0,0,0,0.14,0,0,0
Boros Fury-Shield,17,218,0,13,7,255,1,2,-1,1,0,1,3,1,0,0,0,1,0,0,0,0,0,0,1,0.17,0,0,0
Boros Garrison,14,171,0,9,4,198,0,2,-2,1,0,1,0,1,0,0,0,0,0,0,0,0,1,0,0,0.28,0,0,0
Boros Guildgate,15,85,103,12,11,226,0,2,-2,1,1,1,0,1,0,0,0,0,0,0,0,0,1,0,0,0.15,0,0,0
Boros Guildgate,15,85,51,12,11,174,0,2,-2,1,1,1,0,1,0,0,0,0,0,0,0,0,1,0,0,0.16,0,0,0
Boros Mastiff,13,217,0,10,16,256,1,1,0,1,1,1,2,1,0,0,0,0,0,0,0,1,0,0,1,0.14,0,0,0
Boros Recruit,13,56,160,14,25,268,2,2,0,1,2,1,1,1,0,0,0,0,0,0,0,1,0,0,1,0.17,0,0,0
Boros Signet,12,39,126,15,8,200,0,2,-2,1,0,1,2,1,0,0,0,0,0,0,1,0,0,0,0,0.3,0,0,0
Borrowed Grace,14,197,0,11,7,229,1,1,0,1,0,1,3,1,0,0,0,1,0,0,0,0,0,0,1,0.14,0,0,0
Borrowed Hostility,18,192,0,11,7,228,1,1,0,1,0,1,1,1,0,0,0,1,0,0,0,0,0,0,1,0.15,0,0,0
Borrowed Malevolence,20,184,0,11,7,222,1,1,0,1,0,1,1,1,0,0,0,1,0,0,0,0,0,0,1,0.14,0,0,0
Bosk Banneret,13,65,170,13,26,287,1,1,0,1,2,1,2,1,0,0,0,0,0,0,0,1,0,0,1,0.17,0,0,0
Boulder Salvo,13,161,84,13,7,278,1,1,0,1,0,1,5,1,0,0,0,0,1,0,0,0,0,0,1,0.13,0,0,0
Boulderfall,11,101,110,13,7,242,1,1,0,1,0,1,8,1,0,0,0,1,0,0,0,0,0,0,2,0.13,0,0,0
Bountiful Harvest,17,42,99,10,7,175,1,1,0,1,0,1,5,1,0,0,0,0,1,0,0,0,0,0,1,0.14,0,0,0
Bountiful Harvest,17,42,107,10,7,183,1,1,0,1,0,1,5,1,0,0,0,0,1,0,0,0,0,0,1,0.15,0,0,0
Bountiful Harvest,17,42,99,10,7,175,1,1,0,1,0,1,5,1,0,0,0,0,1,0,0,0,0,0,1,0.15,0,0,0
Brackwater Elemental,20,306,0,14,20,360,1,1,0,1,1,1,3,1,0,0,0,0,0,0,0,1,0,0,1,0.15,0,0,0
Brain Gorgers,13,245,46,10,17,331,1,1,0,1,1,1,4,1,0,0,0,0,0,0,0,1,0,0,1,0.15,0,0,0
Brain Weevil,12,237,0,13,17,279,1,1,0,1,1,1,4,1,0,0,0,0,0,0,0,1,0,0,1,0.14,0,0,0
Brainbite,9,112,115,10,7,253,2,2,0,1,0,1,4,1,0,0,0,0,1,0,0,0,0,0,2,0.15,0,0,0
Brainspoil,10,295,0,14,7,326,1,1,0,1,0,1,5,1,0,0,0,0,1,0,0,0,0,0,2,0.15,0,0,0
Bramble Creeper,15,66,102,14,20,217,1,1,0,1,1,1,5,1,0,0,0,0,0,0,0,1,0,0,1,0.15,0,0,0
Bramble Elemental,17,103,150,14,20,304,1,1,0,1,1,1,5,1,0,0,0,0,0,0,0,1,0,0,2,0.15,0,0,0
Brambleweft Behemoth,20,106,42,21,20,209,1,1,0,1,1,1,6,1,0,0,0,0,0,0,0,1,0,0,2,0.1,0,0,0
Branching Bolt,14,151,100,12,7,284,2,2,0,1,0,1,3,1,0,0,0,1,0,0,0,0,0,0,2,0.17,0,0,0
Branded Howler,14,105,134,20,19,292,1,1,0,1,1,1,3,1,0,0,0,0,0,0,0,1,0,0,0,0.14,0,0,0
Brass Gnat,10,134,68,17,26,255,0,0,0,2,1,1,1,1,0,0,0,0,0,0,1,1,0,0,0,0.15,0,0,0
Brazen Buccaneers,17,252,0,13,23,305,1,1,0,1,2,1,4,1,0,0,0,0,0,0,0,1,0,0,1,0.14,0,0,0
Brazen Wolves,13,64,75,9,15,176,1,1,0,1,1,1,3,1,0,0,0,0,0,0,0,1,0,0,1,0.14,0,0,0
Breaching Hippocamp,19,159,57,19,21,275,1,1,0,1,2,1,4,1,0,0,0,0,0,0,0,1,0,0,1,0.13,0,0,0
Break of Day,12,208,0,13,7,240,1,1,0,1,0,1,2,1,0,0,0,1,0,0,0,0,0,0,1,0.15,0,0,0
Breath of Malfegor,18,51,182,12,7,270,2,2,0,1,0,1,5,1,0,0,0,1,0,0,0,0,0,0,2,0.18,0,0,0
Briarberry Cohort,17,81,64,14,25,201,1,1,0,1,2,1,2,1,0,0,0,0,0,0,0,1,0,0,1,0.16,0,0,0
Brighthearth Banneret,21,155,114,13,28,331,1,1,0,1,2,1,2,1,0,0,0,0,0,0,0,1,0,0,1,0.21,0,0,0
Brilliant Spectrum,18,122,56,13,7,216,1,1,0,1,0,1,4,1,0,0,0,0,1,0,0,0,0,0,1,0.12,0,0,0
Brimstone Volley,16,167,0,10,7,200,1,1,0,1,0,1,3,1,0,0,0,1,0,0,0,0,0,0,1,0.15,0,0,0
Brindle Boar,12,40,143,11,15,221,1,1,0,1,1,1,3,1,0,0,0,0,0,0,0,1,0,0,1,0.15,0,0,0
Brindle Boar,12,40,91,11,15,169,1,1,0,1,1,1,3,1,0,0,0,0,0,0,0,1,0,0,1,0.15,0,0,0
Brindle Boar,12,40,91,11,15,169,1,1,0,1,1,1,3,1,0,0,0,0,0,0,0,1,0,0,1,0.15,0,0,0
Bring Low,9,128,109,15,7,268,1,1,0,1,0,1,4,1,0,0,0,1,0,0,0,0,0,0,1,0.14,0,0,0
Brink of Disaster,17,77,106,22,18,240,1,1,0,1,1,1,4,1,0,0,0,0,0,1,0,0,0,0,2,0.15,0,0,0
Brink of Disaster,17,77,142,22,18,276,1,1,0,1,1,1,4,1,0,0,0,0,0,1,0,0,0,0,2,0.15,0,0,0
Broken Ambitions,16,361,0,15,7,399,1,1,0,1,0,1,1,1,0,0,0,1,0,0,0,0,0,0,1,0.15,0,0,0
Bronze Sable,12,0,233,14,25,284,0,0,0,2,1,1,2,1,0,0,0,0,0,0,1,1,0,0,0,0.13,0,0,0
Bronze Sable,12,0,233,14,25,284,0,0,0,2,1,1,2,1,0,0,0,0,0,0,1,1,0,0,0,0.14,0,0,0
Brood Birthing,14,193,0,17,7,231,1,1,0,1,0,1,2,1,0,0,0,0,1,0,0,0,0,0,1,0.18,0,0,0
Broodhunter Wurm,16,0,189,15,15,235,1,1,0,1,1,1,4,1,0,0,0,0,0,0,0,1,0,0,1,0.13,0,0,0
Brutal Deceiver,15,217,0,10,17,259,1,1,0,1,1,1,3,1,0,0,0,0,0,0,0,1,0,0,1,0.15,0,0,0
Brute Force,11,45,173,14,7,250,1,1,0,1,0,1,1,1,0,0,0,1,0,0,0,0,0,0,1,0.2,0,0,0
Brute Strength,14,63,114,9,7,207,1,1,0,1,0,1,2,1,0,0,0,1,0,0,0,0,0,0,1,0.1,0,0,0
Brute Strength,14,63,66,14,7,164,1,1,0,1,0,1,2,1,0,0,0,1,0,0,0,0,0,0,1,0.14,0,0,0
Built to Last,13,176,52,15,7,263,1,1,0,1,0,1,1,1,0,0,0,1,0,0,0,0,0,0,1,0.1,0,0,0
Built to Smash,14,121,89,15,7,246,1,1,0,1,0,1,1,1,0,0,0,1,0,0,0,0,0,0,1,0.15,0,0,0
Bull Aurochs,12,104,91,10,18,235,1,1,0,1,1,1,2,1,0,0,0,0,0,0,0,1,0,0,1,0.15,0,0,0
Bull Rush,9,45,56,19,7,136,1,1,0,1,0,1,1,1,0,0,0,1,0,0,0,0,0,0,1,0.15,0,0,0
Bump in the Night,17,130,96,10,7,260,1,2,-1,1,0,1,1,1,0,0,0,0,1,0,0,0,0,0,1,0.15,0,0,0
Burden of Greed,15,71,79,12,7,184,1,1,0,1,0,1,4,1,0,0,0,1,0,0,0,0,0,0,1,0.14,0,0,0
Burden of Guilt,15,45,108,11,18,197,1,1,0,1,1,1,1,1,0,0,0,0,0,1,0,0,0,0,1,0.14,0,0,0
Burn the Impure,15,141,32,9,7,204,1,1,0,1,0,1,2,1,0,0,0,1,0,0,0,0,0,0,1,0.12,0,0,0
Burn Trail,10,232,0,9,7,258,1,1,0,1,0,1,4,1,0,0,0,0,1,0,0,0,0,0,1,0.14,0,0,0
Burning Inquiry,15,67,104,29,7,222,1,1,0,1,0,1,1,1,0,0,0,0,1,0,0,0,0,0,1,3.29,1,0,0
Burning-Tree Bloodscale,23,268,0,10,29,330,2,2,0,1,2,1,4,1,0,0,0,0,0,0,0,1,0,0,2,0.15,0,0,0
Burr Grafter,12,211,0,14,17,254,1,1,0,1,1,1,4,1,0,0,0,0,0,0,0,1,0,0,1,0.15,0,0,0
Burrenton Bombardier,20,97,118,11,26,272,1,1,0,1,2,1,3,1,0,0,0,0,0,0,0,1,0,0,1,0.15,0,0,0
Burrenton Shield-Bearers,24,88,98,11,26,247,1,1,0,1,2,1,5,1,0,0,0,0,0,0,0,1,0,0,1,0.15,0,0,0
Burst Lightning,15,212,0,12,7,246,1,1,0,1,0,1,1,1,0,0,0,1,0,0,0,0,0,0,1,0.16,0,0,0
Burst of Speed,14,120,90,29,7,260,1,1,0,1,0,1,1,1,0,0,0,0,1,0,0,0,0,0,1,0.15,0,0,0
Burst of Strength,17,52,118,11,7,205,1,1,0,1,0,1,1,1,0,0,0,1,0,0,0,0,0,0,1,0.14,0,0,0
Butcher Ghoul,13,152,79,19,17,280,1,1,0,1,1,1,2,1,0,0,0,0,0,0,0,1,0,0,1,0.15,0,0,0
Butcher's Glee,14,173,64,13,7,271,1,1,0,1,0,1,3,1,0,0,0,1,0,0,0,0,0,0,1,0.14,0,0,0
Byway Courier,13,128,50,12,22,225,1,1,0,1,2,1,3,1,0,0,0,0,0,0,0,1,0,0,1,0.14,0,0,0
Cackling Flames,15,167,55,10,7,254,1,1,0,1,0,1,4,1,0,0,0,1,0,0,0,0,0,0,1,0.15,0,0,0
Cackling Imp,12,39,46,13,14,124,1,1,0,1,1,1,4,1,0,0,0,0,0,0,0,1,0,0,2,0.14,0,0,0
Cadaver Imp,11,117,107,12,14,261,1,1,0,1,1,1,3,1,0,0,0,0,0,0,0,1,0,0,2,0.15,0,0,0
Cage of Hands,13,108,131,10,18,280,1,1,0,1,1,1,3,1,0,0,0,0,0,1,0,0,0,0,1,0.17,0,0,0
Calcite Snapper,15,208,0,13,17,253,1,1,0,1,1,1,3,1,0,0,0,0,0,0,0,1,0,0,2,0.15,0,0,0
Calculated Dismissal,20,297,0,13,7,337,1,1,0,1,0,1,3,1,0,0,0,1,0,0,0,0,0,0,1,0.15,0,0,0
Call for Blood,14,157,0,14,16,201,1,1,0,1,1,1,5,1,0,0,0,1,0,0,0,0,0,0,1,0.15,0,0,0
Call the Scions,15,152,96,13,7,283,0,1,-1,1,0,1,3,1,0,0,0,0,1,0,0,0,0,0,1,0.14,0,0,0
Call to Glory,13,91,200,14,7,325,1,1,0,1,0,1,2,1,0,0,0,1,0,0,0,0,0,0,1,0.18,0,0,0
Call to Heel,12,72,134,14,7,239,1,1,0,1,0,1,2,1,0,0,0,1,0,0,0,0,0,0,1,0.16,0,0,0
Call to Serve,13,116,32,11,18,190,1,1,0,1,1,1,2,1,0,0,0,0,0,1,0,0,0,0,1,0.14,0,0,0
Call to the Netherworld,23,203,121,12,7,366,1,1,0,1,0,1,1,1,0,0,0,0,1,0,0,0,0,0,1,0.7,0,0,0
Caller of Gales,15,60,140,22,25,262,1,1,0,1,2,1,1,1,0,0,0,0,0,0,0,1,0,0,1,0.14,0,0,0
Callous Deceiver,16,212,0,18,17,263,1,1,0,1,1,1,3,1,0,0,0,0,0,0,0,1,0,0,1,0.15,0,0,0
Cancel,6,21,0,13,7,47,1,1,0,1,0,1,3,1,0,0,0,1,0,0,0,0,0,0,2,0.14,0,0,0
Cancel,6,21,51,15,7,100,1,1,0,1,0,1,3,1,0,0,0,1,0,0,0,0,0,0,2,0.14,0,0,0
Cancel,6,21,139,10,7,183,1,1,0,1,0,1,3,1,0,0,0,1,0,0,0,0,0,0,2,0.15,0,0,0
Cancel,6,21,84,13,7,131,1,1,0,1,0,1,3,1,0,0,0,1,0,0,0,0,0,0,2,0.15,0,0,0
Cancel,6,21,0,13,7,47,1,1,0,1,0,1,3,1,0,0,0,1,0,0,0,0,0,0,2,0.15,0,0,0
Cancel,6,21,104,10,7,148,1,1,0,1,0,1,3,1,0,0,0,1,0,0,0,0,0,0,2,0.15,0,0,0
Cancel,6,21,0,13,7,47,1,1,0,1,0,1,3,1,0,0,0,1,0,0,0,0,0,0,2,0.15,0,0,0
Cancel,6,21,74,13,7,121,1,1,0,1,0,1,3,1,0,0,0,1,0,0,0,0,0,0,2,0.15,0,0,0
Cancel,6,21,0,13,7,47,1,1,0,1,0,1,3,1,0,0,0,1,0,0,0,0,0,0,2,0.15,0,0,0
Cancel,6,21,103,15,7,152,1,1,0,1,0,1,3,1,0,0,0,1,0,0,0,0,0,0,2,0.15,0,0,0
Cancel,6,21,60,15,7,109,1,1,0,1,0,1,3,1,0,0,0,1,0,0,0,0,0,0,2,0.15,0,0,0
Cancel,6,21,0,10,7,44,1,1,0,1,0,1,3,1,0,0,0,1,0,0,0,0,0,0,2,0.17,0,0,0
Cancel,6,21,84,13,7,131,1,1,0,1,0,1,3,1,0,0,0,1,0,0,0,0,0,0,2,0.24,0,0,0
Canopy Gorger,13,0,153,12,15,193,1,1,0,1,1,1,6,1,0,0,0,0,0,0,0,1,0,0,2,0.13,0,0,0
Canopy Spider,13,54,97,16,17,197,1,1,0,1,1,1,2,1,0,0,0,0,0,0,0,1,0,0,1,0.16,0,0,0
Canopy Spider,13,54,97,16,17,197,1,1,0,1,1,1,2,1,0,0,0,0,0,0,0,1,0,0,1,0.18,0,0,0
Canyon Lurkers,14,119,97,16,22,268,1,1,0,1,2,1,5,1,0,0,0,0,0,0,0,1,0,0,1,0.13,0,0,0
Canyon Minotaur,15,0,198,14,27,254,1,1,0,1,2,1,4,1,0,0,0,0,0,0,0,1,0,0,1,0.14,0,0,0
Canyon Minotaur,15,0,198,14,27,254,1,1,0,1,2,1,4,1,0,0,0,0,0,0,0,1,0,0,1,0.14,0,0,0
Canyon Minotaur,15,0,125,14,27,181,1,1,0,1,2,1,4,1,0,0,0,0,0,0,0,1,0,0,1,0.15,0,0,0
Canyon Minotaur,15,0,198,14,27,254,1,1,0,1,2,1,4,1,0,0,0,0,0,0,0,1,0,0,1,0.15,0,0,0
Canyon Minotaur,15,0,198,14,27,254,1,1,0,1,2,1,4,1,0,0,0,0,0,0,0,1,0,0,1,0.15,0,0,0
Canyon Wildcat,14,94,121,10,14,253,1,1,0,1,1,1,2,1,0,0,0,0,0,0,0,1,0,0,1,0.15,0,0,0
Capashen Knight,15,141,74,14,23,267,1,1,0,1,2,1,2,1,0,0,0,0,0,0,0,1,0,0,1,0.14,0,0,0
Captain's Call,14,47,112,12,7,192,1,1,0,1,0,1,4,1,0,0,0,0,1,0,0,0,0,0,1,0.15,0,0,0
Captured Sunlight,17,257,0,9,7,290,2,2,0,1,0,1,4,1,0,0,0,0,1,0,0,0,0,0,2,0.15,0,0,0
Carapace Forger,15,87,73,12,24,211,1,1,0,1,2,1,2,1,0,0,0,0,0,0,0,1,0,0,1,0.24,0,0,0
Caravan Escort,14,116,0,11,23,164,1,1,0,1,2,1,1,1,0,0,0,0,0,0,0,1,0,0,1,0.15,0,0,0
Caravan Hurda,13,80,124,12,16,245,1,1,0,1,1,1,5,1,0,0,0,0,0,0,0,1,0,0,1,0.14,0,0,0
Caravan Vigil,13,222,0,10,7,252,1,1,0,1,0,1,1,1,0,0,0,0,1,0,0,0,0,0,1,0.15,0,0,0
Caregiver,9,112,129,15,23,288,1,1,0,1,2,1,1,1,0,0,0,0,0,0,0,1,0,0,1,0.16,0,0,0
Carnivorous Moss-Beast,22,57,114,14,32,239,1,1,0,1,3,1,6,1,0,0,0,0,0,0,0,1,0,0,2,0.14,0,0,0
Carom,5,124,32,22,7,190,1,1,0,1,0,1,2,1,0,0,0,1,0,0,0,0,0,0,1,0.15,0,0,0
Carrion Crow,12,125,50,12,22,221,1,1,0,1,2,1,3,1,0,0,0,0,0,0,0,1,0,0,1,0.14,0,0,0
Carrion Screecher,17,6,37,16,22,98,1,1,0,1,2,1,4,1,0,0,0,0,0,0,0,1,0,0,1,0.13,0,0,0
Carrion Thrash,14,123,80,11,27,255,3,3,0,1,2,1,5,1,0,0,0,0,0,0,0,1,0,0,3,0.15,0,0,0
Cartouche of Ambition,21,175,0,13,28,237,1,1,0,1,2,1,3,1,0,0,0,0,0,1,0,0,0,0,1,0.14,0,0,0
Cartouche of Knowledge,22,139,63,13,28,265,1,1,0,1,2,1,2,1,0,0,0,0,0,1,0,0,0,0,1,0.15,0,0,0
Cartouche of Solidarity,23,191,0,13,28,255,1,1,0,1,2,1,1,1,0,0,0,0,0,1,0,0,0,0,1,0.17,0,0,0
Cartouche of Strength,21,255,0,13,28,317,1,1,0,1,2,1,3,1,0,0,0,0,0,1,0,0,0,0,1,0.13,0,0,0
Cartouche of Zeal,17,159,87,13,28,304,1,1,0,1,2,1,1,1,0,0,0,0,0,1,0,0,0,0,1,0.15,0,0,0
Cast into Darkness,18,63,94,13,18,206,1,1,0,1,1,1,2,1,0,0,0,0,0,1,0,0,0,0,1,0.15,0,0,0
Castaway's Despair,18,157,0,10,18,203,1,1,0,1,1,1,4,1,0,0,0,0,0,1,0,0,0,0,1,0.1,0,0,0
Castigate,9,95,160,13,7,284,2,2,0,1,0,1,2,1,0,0,0,0,1,0,0,0,0,0,2,0.19,0,0,0
Castle Raptors,14,60,102,19,23,218,1,1,0,1,2,1,5,1,0,0,0,0,0,0,0,1,0,0,1,0.15,0,0,0
Catacomb Slug,13,0,139,9,15,176,1,1,0,1,1,1,5,1,0,0,0,0,0,0,0,1,0,0,1,0.14,0,0,0
Catacomb Slug,13,0,138,9,15,175,1,1,0,1,1,1,5,1,0,0,0,0,0,0,0,1,0,0,1,0.14,0,0,0
Catalog,7,36,174,13,7,237,1,1,0,1,0,1,3,1,0,0,0,1,0,0,0,0,0,0,1,0.14,0,0,0
Catalog,7,36,124,5,7,179,1,1,0,1,0,1,3,1,0,0,0,1,0,0,0,0,0,0,1,0.15,0,0,0
Caterwauling Boggart,20,116,112,15,24,287,1,1,0,1,2,1,4,1,0,0,0,0,0,0,0,1,0,0,1,0.18,0,0,0
Cathar's Companion,18,155,99,15,16,303,1,1,0,1,1,1,3,1,0,0,0,0,0,0,0,1,0,0,1,0.14,0,0,0
Cathar's Shield,15,128,115,8,20,286,0,0,0,1,1,1,0,1,0,0,0,0,0,0,1,0,0,0,0,0.16,0,0,0
Cathartic Adept,15,85,75,14,23,212,1,1,0,1,2,1,1,1,0,0,0,0,0,0,0,1,0,0,1,0.16,0,0,0
Cathartic Reunion,17,85,73,11,7,193,1,1,0,1,0,1,2,1,0,0,0,0,1,0,0,0,0,0,1,0.17,0,0,0
Cathedral Sanctifier,20,66,73,16,23,198,1,1,0,1,2,1,1,1,0,0,0,0,0,0,0,1,0,0,1,0.15,0,0,0
Caught in the Brights,21,120,92,13,18,264,1,1,0,1,1,1,3,1,0,0,0,0,0,1,0,0,0,0,1,0.12,0,0,0
Caustic Caterpillar,19,78,157,9,17,280,1,1,0,1,1,1,1,1,0,0,0,0,0,0,0,1,0,0,1,0.15,0,0,0
Caustic Hound,13,50,95,11,16,185,1,1,0,1,1,1,6,1,0,0,0,0,0,0,0,1,0,0,1,0.12,0,0,0
Cavalry Pegasus,15,93,56,10,18,192,1,1,0,1,1,1,2,1,0,0,0,0,0,0,0,1,0,0,1,0.14,0,0,0
Cavern Lampad,13,332,0,11,28,384,1,1,0,2,1,1,4,1,0,0,0,0,0,1,0,1,0,0,1,0.13,0,0,0
Cavern Thoctar,14,52,161,23,16,266,1,2,-1,1,1,1,6,1,0,0,0,0,0,0,0,1,0,0,1,0.15,0,0,0
Celestial Flare,15,59,72,13,7,166,1,1,0,1,0,1,2,1,0,0,0,1,0,0,0,0,0,0,2,0.14,0,0,0
Celestial Flare,15,59,73,13,7,167,1,1,0,1,0,1,2,1,0,0,0,1,0,0,0,0,0,0,2,0.17,0,0,0
Cemetery Recruitment,20,97,77,13,7,214,1,1,0,1,0,1,2,1,0,0,0,0,1,0,0,0,0,0,1,0.15,0,0,0
Cenn's Enlistment,17,171,21,12,7,228,1,1,0,1,0,1,4,1,0,0,0,0,1,0,0,0,0,0,1,0.16,0,0,0
Cenn's Heir,11,95,163,15,26,310,1,1,0,1,2,1,2,1,0,0,0,0,0,0,0,1,0,0,1,0.15,0,0,0
Centaur Courser,15,0,182,12,26,235,1,1,0,1,2,1,3,1,0,0,0,0,0,0,0,1,0,0,1,0.14,0,0,0
Centaur Courser,15,0,182,12,26,235,1,1,0,1,2,1,3,1,0,0,0,0,0,0,0,1,0,0,1,0.15,0,0,0
Centaur Courser,15,0,182,12,26,235,1,1,0,1,2,1,3,1,0,0,0,0,0,0,0,1,0,0,1,0.2,0,0,0
Centaur Healer,14,60,126,8,25,233,2,2,0,1,2,1,3,1,0,0,0,0,0,0,0,1,0,0,2,0.15,0,0,0
Centaur Safeguard,17,93,74,11,26,221,2,2,0,1,2,1,3,1,0,0,0,0,0,0,0,1,0,0,1,0.15,0,0,0
Centaur's Herald,16,78,84,11,20,209,1,1,0,1,2,1,1,1,0,0,0,0,0,0,0,1,0,0,1,0.14,0,0,0
Center Soul,11,269,0,13,7,300,1,1,0,1,0,1,2,1,0,0,0,1,0,0,0,0,0,0,1,0.14,0,0,0
Cerodon Yearling,16,16,79,19,16,146,2,2,0,1,1,1,2,1,0,0,0,0,0,0,0,1,0,0,2,0.18,0,0,0
Certain Death,13,73,108,10,7,211,1,1,0,1,0,1,6,1,0,0,0,0,1,0,0,0,0,0,1,0.14,0,0,0
Cerulean Wisps,14,81,113,10,7,225,1,1,0,1,0,1,1,1,0,0,0,1,0,0,0,0,0,0,1,0.49,0,0,0
Chainbreaker,12,121,133,13,29,308,0,0,0,2,1,1,2,1,0,0,0,0,0,0,1,1,0,0,0,0.16,0,0,0
Chained Throatseeker,20,196,0,18,17,251,1,1,0,1,1,1,6,1,0,0,0,0,0,0,0,1,0,0,1,0.14,0,0,0
Chameleon Blur,14,66,69,17,7,173,1,1,0,1,0,1,4,1,0,0,0,1,0,0,0,0,0,0,1,0.15,0,0,0
Champion of Arashin,19,80,62,13,24,198,1,1,0,1,2,1,4,1,0,0,0,0,0,0,0,1,0,0,1,0.14,0,0,0
Champion's Drake,16,109,99,15,16,255,1,1,0,1,1,1,2,1,0,0,0,0,0,0,0,1,0,0,1,0.14,0,0,0
Chandra's Fury,14,98,72,11,7,202,1,1,0,1,0,1,5,1,0,0,0,1,0,0,0,0,0,0,1,0.14,0,0,0
Chandra's Fury,14,98,18,11,7,148,1,1,0,1,0,1,5,1,0,0,0,1,0,0,0,0,0,0,1,0.15,0,0,0
Chandra's Outrage,17,95,141,19,7,279,1,1,0,1,0,1,4,1,0,0,0,1,0,0,0,0,0,0,2,0.13,0,0,0
Chandra's Outrage,17,95,51,19,7,189,1,1,0,1,0,1,4,1,0,0,0,1,0,0,0,0,0,0,2,0.14,0,0,0
Chandra's Outrage,17,95,51,19,7,189,1,1,0,1,0,1,4,1,0,0,0,1,0,0,0,0,0,0,2,0.14,0,0,0
Chandra's Pyrohelix,19,106,47,13,7,192,1,1,0,1,0,1,2,1,0,0,0,1,0,0,0,0,0,0,1,0.13,0,0,0
Chandra's Revolution,20,137,100,13,7,277,1,1,0,1,0,1,4,1,0,0,0,0,1,0,0,0,0,0,1,0.12,0,0,0
Changeling Sentinel,19,56,92,12,23,202,1,1,0,1,1,1,4,1,0,0,0,0,0,0,0,1,0,0,1,0.15,0,0,0
Chant of the Skifsang,21,48,140,9,18,236,1,1,0,1,1,1,3,1,0,0,0,0,0,1,0,0,0,0,1,0.13,0,0,0
Chapel Geist,12,6,120,16,17,171,1,1,0,1,1,1,3,1,0,0,0,0,0,0,0,1,0,0,2,0.14,0,0,0
Chaplain's Blessing,19,16,104,11,7,157,1,1,0,1,0,1,1,1,0,0,0,0,1,0,0,0,0,0,1,0.15,0,0,0
Charging Badger,15,7,126,12,17,177,1,1,0,1,1,1,1,1,0,0,0,0,0,0,0,1,0,0,1,0.14,0,0,0
Charging Griffin,16,149,41,10,18,234,1,1,0,1,1,1,4,1,0,0,0,0,0,0,0,1,0,0,1,0.14,0,0,0
Charging Griffin,16,149,41,10,18,234,1,1,0,1,1,1,4,1,0,0,0,0,0,0,0,1,0,0,1,0.14,0,0,0
Charging Rhino,14,58,169,11,16,268,1,1,0,1,1,1,5,1,0,0,0,0,0,0,0,1,0,0,2,0.14,0,0,0
Chasm Drake,11,96,112,17,16,252,1,1,0,1,1,1,5,1,0,0,0,0,0,0,0,1,0,0,1,0.14,0,0,0
Chemister's Trick,17,240,0,19,7,283,2,2,0,1,0,1,2,1,0,0,0,1,0,0,0,0,0,0,2,0.14,0,0,0
Child of Night,14,80,96,8,18,216,1,1,0,1,1,1,2,1,0,0,0,0,0,0,0,1,0,0,1,0.14,0,0,0
Child of Night,14,80,96,8,18,216,1,1,0,1,1,1,2,1,0,0,0,0,0,0,0,1,0,0,1,0.14,0,0,0
Child of Night,14,80,95,8,18,215,1,1,0,1,1,1,2,1,0,0,0,0,0,0,0,1,0,0,1,0.15,0,0,0
Child of Night,14,80,95,8,18,215,1,1,0,1,1,1,2,1,0,0,0,0,0,0,0,1,0,0,1,0.15,0,0,0
Child of Night,14,80,96,8,18,216,1,1,0,1,1,1,2,1,0,0,0,0,0,0,0,1,0,0,1,0.15,0,0,0
Child of Thorns,15,72,155,11,17,270,1,1,0,1,1,1,1,1,0,0,0,0,0,0,0,1,0,0,1,0.15,0,0,0
Children of Korlis,18,114,166,14,29,341,1,1,0,1,3,1,1,1,0,0,0,0,0,0,0,1,0,0,1,0.24,0,0,0
Chill to the Bone,17,32,106,10,7,172,1,1,0,1,0,1,4,1,0,0,0,1,0,0,0,0,0,0,1,0.15,0,0,0
Chilling Shade,14,111,130,12,21,288,1,1,0,1,1,1,3,1,0,0,0,0,0,0,0,1,0,0,1,0.15,0,0,0
Chimney Imp,11,108,0,19,14,152,1,1,0,1,1,1,5,1,0,0,0,0,0,0,0,1,0,0,1,0.16,0,0,0
Chittering Host,15,196,0,11,25,247,0,1,-1,1,2,1,7,1,0,0,0,0,0,0,0,1,0,0,0,0.14,0,0,0
Chittering Rats,15,123,41,15,14,208,1,1,0,1,1,1,3,1,0,0,0,0,0,0,0,1,0,0,2,0.47,0,0,0
Choking Restraints,18,125,0,11,18,172,1,1,0,1,1,1,3,1,0,0,0,0,0,1,0,0,0,0,1,0.14,0,0,0
Chorus of Might,15,94,55,19,7,190,1,1,0,1,0,1,4,1,0,0,0,1,0,0,0,0,0,0,1,0.14,0,0,0
Chorus of the Tides,19,192,0,14,16,241,1,1,0,1,1,1,4,1,0,0,0,0,0,0,0,1,0,0,1,0.14,0,0,0
Chosen by Heliod,16,106,106,11,18,257,1,1,0,1,1,1,2,1,0,0,0,0,0,1,0,0,0,0,1,0.13,0,0,0
Chosen of Markov,16,69,52,12,16,165,1,1,0,1,1,1,3,1,0,0,0,0,0,0,0,1,0,0,1,0.15,0,0,0
Chromatic Sphere,16,95,121,12,8,252,0,0,0,1,0,1,1,1,0,0,0,0,0,0,1,0,0,0,0,0.45,0,0,0
Chromatic Star,14,159,137,22,8,340,0,0,0,1,0,1,1,1,0,0,0,0,0,0,1,0,0,0,0,3.52,1,0,0
Chrome Steed,12,84,82,29,25,232,0,0,0,2,1,1,4,1,0,0,0,0,0,0,1,1,0,0,0,0.12,0,0,0
Chronic Flooding,16,141,82,10,18,267,1,1,0,1,1,1,2,1,0,0,0,0,0,1,0,0,0,0,1,0.14,0,0,0
Chronostutter,13,65,21,12,7,118,1,1,0,1,0,1,6,1,0,0,0,1,0,0,0,0,0,0,1,0.14,0,0,0
Cinder Barrens,14,84,110,12,4,224,0,2,-2,1,0,1,0,1,0,0,0,0,0,0,0,0,1,0,0,0.1,0,0,0
Cinder Barrens,14,84,70,12,4,184,0,2,-2,1,0,1,0,1,0,0,0,0,0,0,0,0,1,0,0,0.14,0,0,0
Cinder Hellion,14,89,78,10,18,209,1,1,0,1,1,1,5,1,0,0,0,0,0,0,0,1,0,0,1,0.13,0,0,0
Cinder Pyromancer,17,119,49,12,27,224,1,1,0,1,2,1,3,1,0,0,0,0,0,0,0,1,0,0,1,0.17,0,0,0
Cinder Wall,11,62,76,17,15,181,1,1,0,1,1,1,1,1,0,0,0,0,0,0,0,1,0,0,1,0.15,0,0,0
Cinderbones,11,102,52,14,29,208,1,1,0,1,2,1,3,1,0,0,0,0,0,0,0,1,0,0,1,0.16,0,0,0
Cinderhaze Wretch,17,147,112,15,27,318,1,1,0,1,2,1,5,1,0,0,0,0,0,0,0,1,0,0,1,0.17,0,0,0
Citanul Woodreaders,19,155,70,15,22,281,1,1,0,1,2,1,3,1,0,0,0,0,0,0,0,1,0,0,1,0.15,0,0,0
Civic Wayfinder,15,166,77,20,28,306,1,1,0,1,3,1,3,1,0,0,0,0,0,0,0,1,0,0,1,0.15,0,0,0
Civic Wayfinder,15,166,77,20,28,306,1,1,0,1,3,1,3,1,0,0,0,0,0,0,0,1,0,0,1,0.16,0,0,0
Claim of Erebos,15,82,92,11,18,218,1,1,0,1,1,1,2,1,0,0,0,0,0,1,0,0,0,0,1,0.14,0,0,0
Claustrophobia,14,153,36,13,18,234,1,1,0,1,1,1,3,1,0,0,0,0,0,1,0,0,0,0,2,0.14,0,0,0
Claustrophobia,14,153,36,13,18,234,1,1,0,1,1,1,3,1,0,0,0,0,0,1,0,0,0,0,2,0.14,0,0,0
Claustrophobia,14,153,36,13,18,234,1,1,0,1,1,1,3,1,0,0,0,0,0,1,0,0,0,0,2,0.15,0,0,0
Claws of Valakut,16,98,109,13,18,254,1,1,0,1,1,1,3,1,0,0,0,0,0,1,0,0,0,0,2,0.15,0,0,0
Clear a Path,12,38,111,13,7,181,1,1,0,1,0,1,1,1,0,0,0,0,1,0,0,0,0,0,1,0.14,0,0,0
Clear a Path,12,38,111,13,7,181,1,1,0,1,0,1,1,1,0,0,0,0,1,0,0,0,0,0,1,0.14,0,0,0
Cleric of the Forward Order,27,137,64,12,23,263,1,1,0,1,2,1,2,1,0,0,0,0,0,0,0,1,0,0,1,0.14,0,0,0
Cliff Threader,14,94,135,11,20,274,1,1,0,1,2,1,2,1,0,0,0,0,0,0,0,1,0,0,1,0.15,0,0,0
Cliffside Lookout,17,58,95,14,25,209,1,1,0,1,3,1,1,1,0,0,0,0,0,0,0,1,0,0,1,0.13,0,0,0
Clinging Anemones,17,186,0,11,20,234,1,1,0,1,1,1,4,1,0,0,0,0,0,0,0,1,0,0,1,0.14,0,0,0
Clinging Darkness,17,47,145,10,18,237,1,1,0,1,1,1,2,1,0,0,0,0,0,1,0,0,0,0,1,0.15,0,0,0
Clinging Mists,14,199,0,17,7,237,1,1,0,1,0,1,3,1,0,0,0,1,0,0,0,0,0,0,1,0.13,0,0,0
Clip Wings,10,48,69,11,7,145,1,1,0,1,0,1,2,1,0,0,0,1,0,0,0,0,0,0,1,0.15,0,0,0
Cloaked Siren,13,74,80,8,16,191,1,1,0,1,1,1,4,1,0,0,0,0,0,0,0,1,0,0,1,0.14,0,0,0
Clockspinning,13,267,0,29,7,316,1,1,0,1,0,1,1,1,0,0,0,1,0,0,0,0,0,0,1,0.33,0,0,0
Clockwork Beetle,16,164,0,12,26,218,0,0,0,2,1,1,1,1,0,0,0,0,0,0,1,1,0,0,0,0.15,0,0,0
Clockwork Condor,16,173,0,12,24,225,0,0,0,2,1,1,4,1,0,0,0,0,0,0,1,1,0,0,0,0.14,0,0,0
Cloud Crusader,14,94,98,14,23,243,1,1,0,1,2,1,4,1,0,0,0,0,0,0,0,1,0,0,2,0.14,0,0,0
Cloud Elemental,15,60,106,14,20,215,1,1,0,1,1,1,3,1,0,0,0,0,0,0,0,1,0,0,1,0.14,0,0,0
Cloud Elemental,15,60,95,14,20,204,1,1,0,1,1,1,3,1,0,0,0,0,0,0,0,1,0,0,1,0.15,0,0,0
Cloud Manta,11,6,196,11,15,239,1,1,0,1,1,1,4,1,0,0,0,0,0,0,0,1,0,0,1,0.12,0,0,0
Cloud Sprite,12,132,110,8,17,279,1,1,0,1,1,1,1,1,0,0,0,0,0,0,0,1,0,0,1,0.16,0,0,0
Cloudchaser Kestrel,19,138,0,11,15,183,1,1,0,1,1,1,3,1,0,0,0,0,0,0,0,1,0,0,2,0.15,0,0,0
Cloudcrown Oak,14,54,167,12,27,274,1,1,0,1,2,1,4,1,0,0,0,0,0,0,0,1,0,0,2,0.15,0,0,0
Cloudfin Raptor,15,184,0,16,22,237,1,1,0,1,2,1,1,1,0,0,0,0,0,0,0,1,0,0,1,0.15,0,0,0
Cloudheath Drake,16,66,148,4,25,259,1,2,-1,2,1,1,5,1,0,0,0,0,0,0,1,1,0,0,1,0.15,0,0,0
Cloudpost,9,106,116,17,12,260,0,0,0,1,1,1,0,1,0,0,0,0,0,0,0,0,1,0,0,0.69,0,0,0
Cloudshift,10,95,57,11,7,180,1,1,0,1,0,1,1,1,0,0,0,1,0,0,0,0,0,0,1,0.25,0,0,0
Clout of the Dominus,20,201,0,11,18,250,2,2,0,1,1,1,1,1,0,0,0,0,0,1,0,0,0,0,1,0.31,0,0,0
Clutch of Currents,18,224,0,13,7,262,1,1,0,1,0,1,1,1,0,0,0,0,1,0,0,0,0,0,1,0.15,0,0,0
Coal Stoker,11,104,171,8,20,314,1,1,0,1,1,1,4,1,0,0,0,0,0,0,0,1,0,0,1,0.15,0,0,0
Coalhauler Swine,16,84,74,11,21,206,1,1,0,1,2,1,6,1,0,0,0,0,0,0,0,1,0,0,2,0.15,0,0,0
Coastal Hornclaw,16,66,83,10,15,190,1,1,0,1,1,1,5,1,0,0,0,0,0,0,0,1,0,0,1,0.15,0,0,0
Coastline Chimera,17,76,113,9,18,233,1,2,-1,1,1,1,4,1,0,0,0,0,0,0,0,1,0,0,1,0.11,0,0,0
Coat with Venom,15,137,84,12,7,255,1,1,0,1,0,1,1,1,0,0,0,1,0,0,0,0,0,0,1,0.15,0,0,0
Cobalt Golem,12,52,126,13,25,228,0,1,-1,2,1,1,4,1,0,0,0,0,0,0,1,1,0,0,0,0.14,0,0,0
Cobblebrute,11,0,104,10,20,145,1,1,0,1,1,1,4,1,0,0,0,0,0,0,0,1,0,0,1,0.14,0,0,0
Cobblebrute,11,0,110,10,20,151,1,1,0,1,1,1,4,1,0,0,0,0,0,0,0,1,0,0,1,0.14,0,0,0
Cobbled Wings,13,110,34,10,20,187,0,0,0,1,1,1,2,1,0,0,0,0,0,0,1,0,0,0,0,0.14,0,0,0
Cobbled Wings,13,110,93,12,20,248,0,0,0,1,1,1,2,1,0,0,0,0,0,0,1,0,0,0,0,0.15,0,0,0
Coercion,8,99,58,10,7,182,1,1,0,1,0,1,3,1,0,0,0,0,1,0,0,0,0,0,1,0.15,0,0,0
Coercion,8,99,53,10,7,177,1,1,0,1,0,1,3,1,0,0,0,0,1,0,0,0,0,0,1,0.15,0,0,0
Cogworker's Puzzleknot,22,201,0,12,8,243,0,1,-1,1,0,1,2,1,0,0,0,0,0,0,1,0,0,0,0,0.12,0,0,0
Coiling Oracle,14,171,108,8,26,327,2,2,0,1,3,1,2,1,0,0,0,0,0,0,0,1,0,0,2,0.25,0,0,0
Collateral Damage,17,133,52,11,7,220,1,1,0,1,0,1,1,1,0,0,0,1,0,0,0,0,0,0,1,0.16,0,0,0
Colossal Dreadmaw,17,7,101,13,19,157,1,1,0,1,1,1,6,1,0,0,0,0,0,0,0,1,0,0,2,0.13,0,0,0
Colossal Might,14,63,81,12,7,177,2,2,0,1,0,1,2,1,0,0,0,1,0,0,0,0,0,0,2,0.2,0,0,0
Colossapede,11,0,191,10,17,229,1,1,0,1,1,1,5,1,0,0,0,0,0,0,0,1,0,0,1,0.12,0,0,0
Colossodon Yearling,19,0,130,13,16,178,1,1,0,1,1,1,3,1,0,0,0,0,0,0,0,1,0,0,1,0.14,0,0,0
Coma Veil,9,98,86,9,18,220,1,1,0,1,1,1,5,1,0,0,0,0,0,1,0,0,0,0,1,0.15,0,0,0
Commencement of Festivities,27,67,183,11,7,295,1,1,0,1,0,1,2,1,0,0,0,1,0,0,0,0,0,0,1,0.13,0,0,0
Common Bond,11,79,121,16,7,234,2,2,0,1,0,1,3,1,0,0,0,1,0,0,0,0,0,0,2,0.14,0,0,0
Commune with Dinosaurs,22,182,0,12,7,223,1,1,0,1,0,1,1,1,0,0,0,0,1,0,0,0,0,0,1,0.14,0,0,0
Commune with Nature,19,174,0,20,7,220,1,1,0,1,0,1,1,1,0,0,0,0,1,0,0,0,0,0,1,0.16,0,0,0
Commune with Nature,19,174,0,15,7,215,1,1,0,1,0,1,1,1,0,0,0,0,1,0,0,0,0,0,1,0.17,0,0,0
Commune with the Gods,21,151,57,14,7,250,1,1,0,1,0,1,2,1,0,0,0,0,1,0,0,0,0,0,1,0.16,0,0,0
Comparative Analysis,20,143,110,13,7,293,1,1,0,1,0,1,4,1,0,0,0,1,0,0,0,0,0,0,1,0.12,0,0,0
Compelling Argument,19,137,88,14,7,265,1,1,0,1,0,1,2,1,0,0,0,0,1,0,0,0,0,0,1,0.15,0,0,0
Complete Disregard,18,76,145,16,7,262,0,1,-1,1,0,1,3,1,0,0,0,1,0,0,0,0,0,0,1,0.14,0,0,0
Compulsive Research,19,107,92,14,7,239,1,1,0,1,0,1,3,1,0,0,0,0,1,0,0,0,0,0,1,0.17,0,0,0
Compulsory Rest,15,130,61,14,18,238,1,1,0,1,1,1,2,1,0,0,0,0,0,1,0,0,0,0,1,0.12,0,0,0
Conclave Equenaut,17,155,108,14,24,318,1,1,0,1,2,1,6,1,0,0,0,0,0,0,0,1,0,0,2,0.15,0,0,0
Conclave's Blessing,19,232,0,10,18,279,1,1,0,1,1,1,4,1,0,0,0,0,0,1,0,0,0,0,1,0.15,0,0,0
Concordia Pegasus,17,6,117,13,18,171,1,1,0,1,1,1,2,1,0,0,0,0,0,0,0,1,0,0,1,0.14,0,0,0
Concussive Bolt,15,155,24,12,7,213,1,1,0,1,0,1,5,1,0,0,0,0,1,0,0,0,0,0,2,0.13,0,0,0
Condescend,10,197,0,10,7,224,1,1,0,1,0,1,1,1,0,0,0,1,0,0,0,0,0,0,1,0.85,0,0,0
Confront the Unknown,20,196,59,10,7,292,1,1,0,1,0,1,1,1,0,0,0,1,0,0,0,0,0,0,1,0.14,0,0,0
Conifer Strider,15,91,94,7,20,227,1,1,0,1,1,1,4,1,0,0,0,0,0,0,0,1,0,0,1,0.15,0,0,0
Conjurer's Bauble,17,123,86,13,8,247,0,0,0,1,0,1,1,1,0,0,0,0,0,0,1,0,0,0,0,0.21,0,0,0
Consign to Dream,16,125,68,21,7,237,1,1,0,1,0,1,3,1,0,0,0,1,0,0,0,0,0,0,1,0.17,0,0,0
Constricting Tendrils,21,96,86,13,7,223,1,1,0,1,0,1,1,1,0,0,0,1,0,0,0,0,0,0,1,0.15,0,0,0
Consulate Skygate,17,63,91,9,24,204,0,0,0,2,1,1,2,1,0,0,0,0,0,0,1,1,0,0,0,0.13,0,0,0
Consulate Turret,16,107,83,14,8,228,0,0,0,1,0,1,3,1,0,0,0,0,0,0,1,0,0,0,0,0.11,0,0,0
Consult the Necrosages,22,81,198,13,7,321,2,2,0,1,0,1,3,1,0,0,0,0,1,0,0,0,0,0,2,0.18,0,0,0
Consume Spirit,14,107,86,13,7,227,1,1,0,1,0,1,2,1,0,0,0,0,1,0,0,0,0,0,1,0.16,0,0,0
Consuming Bonfire,17,145,107,14,26,309,1,1,0,2,1,1,5,1,0,0,0,0,1,0,0,0,0,0,2,0.15,0,0,0
Consuming Sinkhole,18,129,82,13,7,249,0,1,-1,1,0,1,4,1,0,0,0,1,0,0,0,0,0,0,1,0.12,0,0,0
Consuming Vortex,16,215,0,12,16,259,1,1,0,1,1,1,2,1,0,0,0,1,0,0,0,0,0,0,1,0.16,0,0,0
Contagious Nim,14,125,105,14,17,275,1,1,0,1,1,1,3,1,0,0,0,0,0,0,0,1,0,0,1,0.14,0,0,0
Containment Membrane,20,195,0,7,18,240,1,1,0,1,1,1,3,1,0,0,0,0,0,1,0,0,0,0,1,0.13,0,0,0
Contaminated Bond,17,190,34,14,18,273,1,1,0,1,1,1,2,1,0,0,0,0,0,1,0,0,0,0,1,0.15,0,0,0
Contaminated Bond,17,190,0,14,18,239,1,1,0,1,1,1,2,1,0,0,0,0,0,1,0,0,0,0,1,0.16,0,0,0
Contaminated Bond,17,190,137,14,18,376,1,1,0,1,1,1,2,1,0,0,0,0,0,1,0,0,0,0,1,0.17,0,0,0
Contaminated Ground,19,108,100,13,18,258,1,1,0,1,1,1,2,1,0,0,0,0,0,1,0,0,0,0,1,0.15,0,0,0
Contaminated Ground,19,108,81,14,18,240,1,1,0,1,1,1,2,1,0,0,0,0,0,1,0,0,0,0,1,0.15,0,0,0
Contingency Plan,16,141,65,8,7,237,1,1,0,1,0,1,2,1,0,0,0,0,1,0,0,0,0,0,1,0.15,0,0,0
Contract Killing,16,152,123,13,7,311,1,1,0,1,0,1,5,1,0,0,0,0,1,0,0,0,0,0,2,0.13,0,0,0
Contradict,10,34,64,14,7,129,1,1,0,1,0,1,5,1,0,0,0,1,0,0,0,0,0,0,2,0.14,0,0,0
Convicted Killer,16,94,76,20,25,231,1,1,0,1,2,1,3,1,0,0,0,0,0,0,0,1,0,0,1,0.14,0,0,0
Conviction,10,91,62,11,18,192,1,1,0,1,1,1,2,1,0,0,0,0,0,1,0,0,0,0,1,0.12,0,0,0
Convincing Mirage,17,118,70,13,18,236,1,1,0,1,1,1,2,1,0,0,0,0,0,1,0,0,0,0,1,0.15,0,0,0
Convolute,9,52,67,12,7,147,1,1,0,1,0,1,3,1,0,0,0,1,0,0,0,0,0,0,1,0.13,0,0,0
Convolute,9,52,71,11,7,150,1,1,0,1,0,1,3,1,0,0,0,1,0,0,0,0,0,0,1,0.16,0,0,0
Coordinated Barrage,19,163,0,15,7,204,1,1,0,1,0,1,1,1,0,0,0,1,0,0,0,0,0,0,1,0.16,0,0,0
Copper Carapace,15,126,93,15,20,269,0,0,0,1,1,1,1,1,0,0,0,0,0,0,1,0,0,0,0,0.12,0,0,0
Copper Myr,10,31,84,10,23,158,0,1,-1,2,1,1,2,1,0,0,0,0,0,0,1,1,0,0,0,0.15,0,0,0
Copper Myr,10,31,83,12,23,159,0,1,-1,2,1,1,2,1,0,0,0,0,0,0,1,1,0,0,0,0.15,0,0,0
Copperhorn Scout,16,73,126,10,20,245,1,1,0,1,2,1,1,1,0,0,0,0,0,0,0,1,0,0,1,0.15,0,0,0
Coral Barrier,13,207,0,21,15,256,1,1,0,1,1,1,3,1,0,0,0,0,0,0,0,1,0,0,1,0.15,0,0,0
Coral Eel,9,0,65,11,15,100,1,1,0,1,1,1,2,1,0,0,0,0,0,0,0,1,0,0,1,0.15,0,0,0
Coral Eel,9,0,65,11,15,100,1,1,0,1,1,1,2,1,0,0,0,0,0,0,0,1,0,0,1,0.16,0,0,0
Coral Merfolk,13,0,177,7,18,215,1,1,0,1,1,1,2,1,0,0,0,0,0,0,0,1,0,0,1,0.14,0,0,0
Coral Merfolk,13,0,177,7,18,215,1,1,0,1,1,1,2,1,0,0,0,0,0,0,0,1,0,0,1,0.15,0,0,0
Coral Merfolk,13,0,165,7,18,203,1,1,0,1,1,1,2,1,0,0,0,0,0,0,0,1,0,0,1,0.15,0,0,0
Coral Trickster,15,195,47,20,24,301,1,1,0,1,2,1,2,1,0,0,0,0,0,0,0,1,0,0,1,0.15,0,0,0
Coralhelm Guide,15,51,166,12,29,273,1,1,0,1,3,1,2,1,0,0,0,0,0,0,0,1,0,0,1,0.13,0,0,0
Corpse Blockade,15,88,116,14,17,250,1,1,0,1,1,1,3,1,0,0,0,0,0,0,0,1,0,0,1,0.14,0,0,0
Corpse Churn,12,130,93,17,7,259,1,1,0,1,0,1,2,1,0,0,0,1,0,0,0,0,0,0,1,0.14,0,0,0
Corpse Cur,10,247,0,12,25,294,0,0,0,2,1,1,4,1,0,0,0,0,0,0,1,1,0,0,0,0.14,0,0,0
Corpse Hauler,13,102,114,13,22,264,1,1,0,1,2,1,2,1,0,0,0,0,0,0,0,1,0,0,1,0.14,0,0,0
Corpse Lunge,12,165,0,19,7,203,1,1,0,1,0,1,3,1,0,0,0,1,0,0,0,0,0,0,1,0.14,0,0,0
Corpulent Corpse,16,343,0,12,17,388,1,1,0,1,1,1,6,1,0,0,0,0,0,0,0,1,0,0,1,0.15,0,0,0
Corrupted Zendikon,18,140,0,9,18,185,1,1,0,1,1,1,2,1,0,0,0,0,0,1,0,0,0,0,1,0.15,0,0,0
Cosi's Ravager,14,129,98,29,20,290,1,1,0,1,1,1,4,1,0,0,0,0,0,0,0,1,0,0,1,0.15,0,0,0
Costly Plunder,14,96,54,9,7,180,1,1,0,1,0,1,2,1,0,0,0,1,0,0,0,0,0,0,1,0.14,0,0,0
Counsel of the Soratami,23,15,111,14,7,170,1,1,0,1,0,1,3,1,0,0,0,0,1,0,0,0,0,0,1,0.15,0,0,0
Counsel of the Soratami,23,15,111,14,7,170,1,1,0,1,0,1,3,1,0,0,0,0,1,0,0,0,0,0,1,0.15,0,0,0
Counsel of the Soratami,23,15,111,14,7,170,1,1,0,1,0,1,3,1,0,0,0,0,1,0,0,0,0,0,1,0.16,0,0,0
Countermand,11,109,64,13,7,204,1,1,0,1,0,1,4,1,0,0,0,1,0,0,0,0,0,0,2,0.14,0,0,0
Countervailing Winds,20,135,78,14,7,254,1,1,0,1,0,1,3,1,0,0,0,1,0,0,0,0,0,0,1,0.15,0,0,0
Countless Gears Renegade,24,178,44,9,26,281,1,1,0,1,2,1,2,1,0,0,0,0,0,0,0,1,0,0,1,0.12,0,0,0
Courier Griffin,15,68,159,13,18,273,1,1,0,1,1,1,4,1,0,0,0,0,0,0,0,1,0,0,1,0.12,0,0,0
Courier Hawk,12,17,178,10,15,232,1,1,0,1,1,1,2,1,0,0,0,0,0,0,0,1,0,0,1,0.15,0,0,0
Courier's Capsule,17,57,146,13,8,241,1,1,0,1,0,1,2,1,0,0,0,0,0,0,1,0,0,0,1,0.18,0,0,0
Coursers' Accord,16,121,82,9,7,235,2,2,0,1,0,1,6,1,0,0,0,0,1,0,0,0,0,0,2,0.14,0,0,0
Court Archers,13,155,84,14,23,289,1,1,0,1,2,1,3,1,0,0,0,0,0,0,0,1,0,0,1,0.16,0,0,0
Court Homunculus,16,68,91,12,30,217,1,1,0,2,1,1,1,1,0,0,0,0,0,0,1,1,0,0,1,0.15,0,0,0
Court Street Denizen,20,116,123,11,24,294,1,1,0,1,2,1,3,1,0,0,0,0,0,0,0,1,0,0,1,0.14,0,0,0
Covenant of Blood,17,231,0,12,7,267,1,1,0,1,0,1,7,1,0,0,0,0,1,0,0,0,0,0,1,0.14,0,0,0
Cowed by Wisdom,15,116,0,11,18,160,1,1,0,1,1,1,1,1,0,0,0,0,0,1,0,0,0,0,1,0.15,0,0,0
Cowl Prowler,12,0,135,16,15,178,1,1,0,1,1,1,6,1,0,0,0,0,0,0,0,1,0,0,2,0.11,0,0,0
Crabapple Cohort,16,74,149,16,27,282,1,1,0,1,2,1,5,1,0,0,0,0,0,0,0,1,0,0,1,0.15,0,0,0
Crack the Earth,15,35,131,14,16,211,1,1,0,1,1,1,1,1,0,0,0,0,1,0,0,0,0,0,1,0.2,0,0,0
Crackling Triton,16,97,73,12,25,223,1,2,-1,1,2,1,3,1,0,0,0,0,0,0,0,1,0,0,1,0.13,0,0,0
Cradle of the Accursed,22,179,53,12,13,279,0,0,0,1,1,1,0,1,0,0,0,0,0,0,0,0,1,0,0,0.14,0,0,0
Cradle to Grave,15,72,120,12,7,226,1,1,0,1,0,1,2,1,0,0,0,1,0,0,0,0,0,0,1,0.15,0,0,0
Crafty Pathmage,15,69,64,13,23,184,1,1,0,1,2,1,3,1,0,0,0,0,0,0,0,1,0,0,1,0.15,0,0,0
Crafty Pathmage,15,69,64,13,23,184,1,1,0,1,2,1,3,1,0,0,0,0,0,0,0,1,0,0,1,0.16,0,0,0
Cranial Plating,15,132,0,8,20,175,0,1,-1,1,1,1,2,1,0,0,0,0,0,0,1,0,0,0,0,0.65,0,0,0
Crash the Ramparts,18,63,159,9,7,256,1,1,0,1,0,1,3,1,0,0,0,1,0,0,0,0,0,0,1,0.14,0,0,0
Crash Through,13,66,111,4,7,201,1,1,0,1,0,1,1,1,0,0,0,0,1,0,0,0,0,0,1,0.14,0,0,0
Craterize,9,20,68,10,7,114,1,1,0,1,0,1,4,1,0,0,0,0,1,0,0,0,0,0,1,0.14,0,0,0
Craw Wurm,9,0,224,14,15,262,1,1,0,1,1,1,6,1,0,0,0,0,0,0,0,1,0,0,2,0.15,0,0,0
Craw Wurm,9,0,224,16,15,264,1,1,0,1,1,1,6,1,0,0,0,0,0,0,0,1,0,0,2,0.15,0,0,0
Craw Wurm,9,0,224,16,15,264,1,1,0,1,1,1,6,1,0,0,0,0,0,0,0,1,0,0,2,0.15,0,0,0
Craw Wurm,9,0,224,16,15,264,1,1,0,1,1,1,6,1,0,0,0,0,0,0,0,1,0,0,2,0.15,0,0,0
Crawling Filth,14,232,0,17,17,280,1,1,0,1,1,1,6,1,0,0,0,0,0,0,0,1,0,0,1,0.15,0,0,0
Crazed Goblin,13,42,61,13,25,154,1,1,0,1,2,1,1,1,0,0,0,0,0,0,0,1,0,0,1,0.14,0,0,0
Cremate,7,48,100,16,7,178,1,1,0,1,0,1,1,1,0,0,0,1,0,0,0,0,0,0,1,0.14,0,0,0
Cremate,7,48,129,13,7,204,1,1,0,1,0,1,1,1,0,0,0,1,0,0,0,0,0,0,1,0.15,0,0,0
Crimson Wisps,13,75,80,10,7,185,1,1,0,1,0,1,1,1,0,0,0,1,0,0,0,0,0,0,1,0.46,0,0,0
Crippling Blight,16,63,109,14,18,220,1,1,0,1,1,1,1,1,0,0,0,0,0,1,0,0,0,0,1,0.14,0,0,0
Crippling Blight,16,63,109,14,18,220,1,1,0,1,1,1,1,1,0,0,0,0,0,1,0,0,0,0,1,0.14,0,0,0
Crippling Chill,15,91,80,15,7,208,1,1,0,1,0,1,3,1,0,0,0,1,0,0,0,0,0,0,1,0.11,0,0,0
Crippling Chill,15,91,52,19,7,184,1,1,0,1,0,1,3,1,0,0,0,1,0,0,0,0,0,0,1,0.13,0,0,0
Crocanura,9,232,0,9,25,275,1,1,0,1,2,1,3,1,0,0,0,0,0,0,0,1,0,0,1,0.14,0,0,0
Crookclaw Transmuter,20,188,0,11,22,241,1,1,0,1,2,1,4,1,0,0,0,0,0,0,0,1,0,0,1,0.15,0,0,0
Crossbow Infantry,17,79,79,15,31,221,1,1,0,1,3,1,2,1,0,0,0,0,0,0,0,1,0,0,1,0.15,0,0,0
Crossbow Infantry,17,79,79,15,31,221,1,1,0,1,3,1,2,1,0,0,0,0,0,0,0,1,0,0,1,0.15,0,0,0
Crossroads Consecrator,22,62,59,13,23,179,1,1,0,1,2,1,1,1,0,0,0,0,0,0,0,1,0,0,1,0.13,0,0,0
Crosstown Courier,17,154,87,11,19,288,1,1,0,1,1,1,2,1,0,0,0,0,0,0,0,1,0,0,1,0.14,0,0,0
Crossway Vampire,16,84,92,10,18,220,1,1,0,1,1,1,3,1,0,0,0,0,0,0,0,1,0,0,2,0.14,0,0,0
Crow of Dark Tidings,20,123,0,9,22,174,1,1,0,1,2,1,3,1,0,0,0,0,0,0,0,1,0,0,1,0.15,0,0,0
Crowd's Favor,13,281,0,15,7,316,1,1,0,1,0,1,1,1,0,0,0,1,0,0,0,0,0,0,1,0.14,0,0,0
Cruel Deceiver,14,264,0,7,17,302,1,1,0,1,1,1,2,1,0,0,0,0,0,0,0,1,0,0,1,0.15,0,0,0
Cruel Feeding,13,259,0,14,7,293,1,1,0,1,0,1,1,1,0,0,0,1,0,0,0,0,0,0,1,0.15,0,0,0
Cruel Finality,14,146,64,15,7,246,1,1,0,1,0,1,3,1,0,0,0,1,0,0,0,0,0,0,1,0.1,0,0,0
Crumbling Vestige,17,205,0,11,4,237,0,0,0,1,0,1,0,1,0,0,0,0,0,0,0,0,1,0,0,0.14,0,0,0
Crush,5,36,35,12,7,95,1,1,0,1,0,1,1,1,0,0,0,1,0,0,0,0,0,0,1,0.11,0,0,0
Crusher Zendikon,16,152,0,13,18,199,1,1,0,1,1,1,3,1,0,0,0,0,0,1,0,0,0,0,1,0.15,0,0,0
Crushing Canopy,15,81,68,16,7,187,1,1,0,1,0,1,3,1,0,0,0,1,0,0,0,0,0,0,1,0.14,0,0,0
Crushing Pain,13,80,74,14,16,197,1,1,0,1,1,1,2,1,0,0,0,1,0,0,0,0,0,0,1,0.15,0,0,0
Crushing Vines,14,78,179,10,7,288,1,1,0,1,0,1,3,1,0,0,0,1,0,0,0,0,0,0,1,0.14,0,0,0
Cry of Contrition,17,215,0,11,7,250,1,1,0,1,0,1,1,1,0,0,0,0,1,0,0,0,0,0,1,0.17,0,0,0
Crypsis,7,111,80,7,7,212,1,1,0,1,0,1,2,1,0,0,0,1,0,0,0,0,0,0,1,0.15,0,0,0
Crypt Creeper,13,60,114,10,17,214,1,1,0,1,1,1,2,1,0,0,0,0,0,0,0,1,0,0,1,0.14,0,0,0
Crypt Incursion,15,103,118,15,7,258,1,1,0,1,0,1,3,1,0,0,0,1,0,0,0,0,0,0,1,0.22,0,0,0
Crypt Ripper,12,53,62,12,16,155,1,1,0,1,1,1,4,1,0,0,0,0,0,0,0,1,0,0,2,0.15,0,0,0
Crystal Seer,12,167,75,10,26,290,1,1,0,1,2,1,5,1,0,0,0,0,0,0,0,1,0,0,1,0.15,0,0,0
Crystallization,15,145,0,29,18,207,3,3,0,1,1,1,2,1,0,0,0,0,0,1,0,0,0,0,2,0.2,0,0,0
Culling Drone,13,152,65,17,24,271,0,1,-1,1,2,1,2,1,0,0,0,0,0,0,0,1,0,0,1,0.14,0,0,0
Culling Mark,12,41,69,16,7,145,1,1,0,1,0,1,3,1,0,0,0,0,1,0,0,0,0,0,1,0.15,0,0,0
Cultbrand Cinder,16,85,81,19,27,228,2,2,0,1,2,1,5,1,0,0,0,0,0,0,0,1,0,0,1,0.15,0,0,0
Cultist's Staff,15,110,70,13,20,228,0,0,0,1,1,1,2,1,0,0,0,0,0,0,1,0,0,0,0,0.14,0,0,0
Cultivate,9,168,69,15,7,268,1,1,0,1,0,1,3,1,0,0,0,0,1,0,0,0,0,0,1,1.17,1,0,0
Cultivator Drone,16,224,0,15,24,279,0,1,-1,1,2,1,3,1,0,0,0,0,0,0,0,1,0,0,1,0.12,0,0,0
Cunning Strike,14,92,82,13,7,208,2,2,0,1,0,1,5,1,0,0,0,1,0,0,0,0,0,0,2,0.15,0,0,0
Cunning Survivor,16,115,109,12,24,276,1,1,0,1,2,1,2,1,0,0,0,0,0,0,0,1,0,0,1,0.12,0,0,0
Curio Vendor,12,0,76,13,19,120,1,1,0,1,1,1,2,1,0,0,0,0,0,0,0,1,0,0,1,0.15,0,0,0
Curse of Chains,15,73,126,11,18,243,2,2,0,1,1,1,2,1,0,0,0,0,0,1,0,0,0,0,1,0.47,0,0,0
Curse of Oblivion,17,117,50,29,24,237,1,1,0,1,2,1,4,1,0,0,0,0,0,1,0,0,0,0,1,0.14,0,0,0
Curse of the Bloody Tome,24,145,88,11,24,292,1,1,0,1,2,1,3,1,0,0,0,0,0,1,0,0,0,0,1,0.15,0,0,0
Curse of the Pierced Heart,26,119,73,10,24,252,1,1,0,1,2,1,2,1,0,0,0,0,0,1,0,0,0,0,1,0.18,0,0,0
Cursebreak,10,44,84,18,7,163,1,1,0,1,0,1,2,1,0,0,0,1,0,0,0,0,0,0,1,0.14,0,0,0
Cursed Minotaur,15,72,104,13,26,230,1,1,0,1,2,1,3,1,0,0,0,0,0,0,0,1,0,0,1,0.14,0,0,0
Cursed Ronin,12,142,85,14,24,277,1,1,0,1,2,1,4,1,0,0,0,0,0,0,0,1,0,0,1,0.15,0,0,0
Curtain of Light,16,190,115,6,7,334,1,1,0,1,0,1,2,1,0,0,0,1,0,0,0,0,0,0,1,0.15,0,0,0
Custodian of the Trove,22,62,94,12,25,215,0,0,0,2,1,1,3,1,0,0,0,0,0,0,1,1,0,0,0,0.14,0,0,0
Cut the Earthly Bond,20,54,194,13,16,297,1,1,0,1,1,1,1,1,0,0,0,1,0,0,0,0,0,0,1,0.15,0,0,0
Cutthroat il-Dal,16,136,78,12,22,264,1,1,0,1,2,1,4,1,0,0,0,0,0,0,0,1,0,0,1,0.15,0,0,0
Cyclopean Giant,15,78,124,10,23,250,1,1,0,1,2,1,4,1,0,0,0,0,0,0,0,1,0,0,2,0.15,0,0,0
Cyclops of One-Eyed Pass,24,0,220,10,18,272,1,1,0,1,1,1,4,1,0,0,0,0,0,0,0,1,0,0,2,0.14,0,0,0
Cyclops Tyrant,14,176,30,11,18,249,1,1,0,1,1,1,6,1,0,0,0,0,0,0,0,1,0,0,1,0.14,0,0,0
Cylian Elf,10,0,157,14,20,201,1,1,0,1,2,1,2,1,0,0,0,0,0,0,0,1,0,0,1,0.15,0,0,0
Cystbearer,10,125,87,10,16,248,1,1,0,1,1,1,3,1,0,0,0,0,0,0,0,1,0,0,1,0.16,0,0,0
Cytospawn Shambler,18,265,0,17,27,327,1,1,0,1,2,1,7,1,0,0,0,0,0,0,0,1,0,0,1,0.15,0,0,0
Daggerback Basilisk,19,10,168,13,19,229,1,1,0,1,1,1,3,1,0,0,0,0,0,0,0,1,0,0,1,0.15,0,0,0
Daggerdrome Imp,15,87,59,9,14,184,1,1,0,1,1,1,2,1,0,0,0,0,0,0,0,1,0,0,1,0.15,0,0,0
Dangerous Wager,15,39,104,10,7,175,1,1,0,1,0,1,2,1,0,0,0,1,0,0,0,0,0,0,1,0.15,0,0,0
Daring Demolition,17,35,77,15,7,151,1,1,0,1,0,1,4,1,0,0,0,0,1,0,0,0,0,0,2,0.11,0,0,0
Daring Skyjek,13,121,88,10,23,255,1,1,0,1,2,1,2,1,0,0,0,0,0,0,0,1,0,0,1,0.15,0,0,0
Dark Banishing,14,58,144,12,7,235,1,1,0,1,0,1,3,1,0,0,0,1,0,0,0,0,0,0,1,0.15,0,0,0
Dark Banishing,14,58,144,12,7,235,1,1,0,1,0,1,3,1,0,0,0,1,0,0,0,0,0,0,1,0.16,0,0,0
Dark Dabbling,13,317,0,18,7,355,1,1,0,1,0,1,3,1,0,0,0,1,0,0,0,0,0,0,1,0.15,0,0,0
Dark Favor,10,104,70,14,18,216,1,1,0,1,1,1,2,1,0,0,0,0,0,1,0,0,0,0,1,0.14,0,0,0
Dark Favor,10,104,70,14,18,216,1,1,0,1,1,1,2,1,0,0,0,0,0,1,0,0,0,0,1,0.15,0,0,0
Dark Favor,10,104,70,14,18,216,1,1,0,1,1,1,2,1,0,0,0,0,0,1,0,0,0,0,1,0.15,0,0,0
Dark Temper,11,110,78,11,7,217,1,1,0,1,0,1,3,1,0,0,0,1,0,0,0,0,0,0,1,0.15,0,0,0
Dark Withering,14,169,0,14,7,204,1,1,0,1,0,1,6,1,0,0,0,1,0,0,0,0,0,0,2,0.18,0,0,0
Darklit Gargoyle,16,58,52,11,28,165,1,2,-1,2,1,1,2,1,0,0,0,0,0,0,1,1,0,0,1,0.15,0,0,0
Darksteel Citadel,17,46,66,9,13,151,0,0,0,2,0,1,0,1,0,0,0,0,0,0,1,0,1,0,0,0.62,0,0,0
Darksteel Ingot,15,64,0,17,8,104,0,0,0,1,0,1,3,1,0,0,0,0,0,0,1,0,0,0,0,0.32,0,0,0
Darksteel Pendant,17,183,0,14,8,222,0,0,0,1,0,1,2,1,0,0,0,0,0,0,1,0,0,0,0,0.16,0,0,0
Darkthicket Wolf,16,97,113,13,15,254,1,1,0,1,1,1,2,1,0,0,0,0,0,0,0,1,0,0,1,0.14,0,0,0
Dash Hopes,10,112,111,29,7,269,1,1,0,1,0,1,2,1,0,0,0,1,0,0,0,0,0,0,2,1.08,1,0,0
Dauntless Aven,14,74,142,11,23,264,1,1,0,1,2,1,3,1,0,0,0,0,0,0,0,1,0,0,1,0.12,0,0,0
Dauntless Cathar,16,167,84,11,24,302,1,1,0,1,2,1,3,1,0,0,0,0,0,0,0,1,0,0,1,0.14,0,0,0
D'Avenant Healer,16,169,82,14,30,311,1,1,0,1,3,1,3,1,0,0,0,0,0,0,0,1,0,0,2,0.15,0,0,0
Dawn Charm,10,142,0,9,7,168,1,1,0,1,0,1,2,1,0,0,0,1,0,0,0,0,0,0,1,0.89,0,0,0
Dawn Gryff,10,6,117,14,21,168,1,1,0,1,1,1,3,1,0,0,0,0,0,0,0,1,0,0,1,0.13,0,0,0
Dawnfeather Eagle,17,123,108,19,15,282,1,1,0,1,1,1,5,1,0,0,0,0,0,0,0,1,0,0,1,0.11,0,0,0
Dawnfluke,9,245,0,8,20,282,1,1,0,1,1,1,4,1,0,0,0,0,0,0,0,1,0,0,1,0.15,0,0,0
Dawnglare Invoker,17,53,129,12,21,232,1,1,0,1,2,1,3,1,0,0,0,0,0,0,0,1,0,0,1,0.15,0,0,0
Dawn's Reflection,17,183,75,9,18,302,1,1,0,1,1,1,4,1,0,0,0,0,0,1,0,0,0,0,1,0.17,0,0,0
Dawnstrike Paladin,18,138,50,14,23,243,1,1,0,1,2,1,5,1,0,0,0,0,0,0,0,1,0,0,2,0.14,0,0,0
Dawntreader Elk,15,137,74,9,14,249,1,1,0,1,1,1,2,1,0,0,0,0,0,0,0,1,0,0,1,0.15,0,0,0
Dazzling Reflection,19,125,81,13,7,245,1,1,0,1,0,1,2,1,0,0,0,1,0,0,0,0,0,0,1,0.13,0,0,0
Dead Reckoning,14,162,79,15,7,277,1,1,0,1,0,1,3,1,0,0,0,0,1,0,0,0,0,0,2,0.15,0,0,0
Dead Reveler,12,142,29,13,17,213,1,1,0,1,1,1,3,1,0,0,0,0,0,0,0,1,0,0,1,0.14,0,0,0
Dead Weight,11,47,49,14,18,139,1,1,0,1,1,1,1,1,0,0,0,0,0,1,0,0,0,0,1,0.15,0,0,0
Dead Weight,11,47,64,14,18,154,1,1,0,1,1,1,1,1,0,0,0,0,0,1,0,0,0,0,1,0.15,0,0,0
Deadbridge Shaman,17,61,42,9,21,150,1,1,0,1,2,1,3,1,0,0,0,0,0,0,0,1,0,0,1,0.15,0,0,0
Deadeye Tormentor,17,129,121,14,23,304,1,1,0,1,2,1,3,1,0,0,0,0,0,0,0,1,0,0,1,0.14,0,0,0
Deadly Grub,11,346,0,10,17,384,1,1,0,1,1,1,3,1,0,0,0,0,0,0,0,1,0,0,1,0.15,0,0,0
Deadly Recluse,14,138,0,11,17,180,1,1,0,1,1,1,2,1,0,0,0,0,0,0,0,1,0,0,1,0.15,0,0,0
Deadly Recluse,14,138,37,11,17,217,1,1,0,1,1,1,2,1,0,0,0,0,0,0,0,1,0,0,1,0.15,0,0,0
Deadly Recluse,14,138,37,11,17,217,1,1,0,1,1,1,2,1,0,0,0,0,0,0,0,1,0,0,1,0.16,0,0,0
Deadshot Minotaur,17,151,36,10,19,233,2,2,0,1,1,1,5,1,0,0,0,0,0,0,0,1,0,0,2,0.35,0,0,0
Death Cultist,13,72,42,13,23,163,1,1,0,1,2,1,1,1,0,0,0,0,0,0,0,1,0,0,1,0.16,0,0,0
Death Denied,12,64,151,16,16,259,1,1,0,1,1,1,2,1,0,0,0,1,0,0,0,0,0,0,2,0.19,0,0,0
Death of a Thousand Stings,26,207,0,16,16,265,1,1,0,1,1,1,5,1,0,0,0,1,0,0,0,0,0,0,1,0.15,0,0,0
Death Rattle,12,145,0,12,7,176,1,1,0,1,0,1,6,1,0,0,0,1,0,0,0,0,0,0,1,0.15,0,0,0
Death Wind,10,45,108,16,7,186,1,1,0,1,0,1,1,1,0,0,0,1,0,0,0,0,0,0,1,0.14,0,0,0
Deathbellow Raider,18,86,86,14,29,233,1,2,-1,1,2,1,2,1,0,0,0,0,0,0,0,1,0,0,1,0.14,0,0,0
Deathcult Rogue,15,50,154,13,22,254,2,2,0,1,2,1,3,1,0,0,0,0,0,0,0,1,0,0,2,0.15,0,0,0
Deathcurse Ogre,15,52,157,10,23,257,1,1,0,1,2,1,6,1,0,0,0,0,0,0,0,1,0,0,1,0.15,0,0,0
Deathgaze Cockatrice,20,90,106,10,21,247,1,1,0,1,1,1,4,1,0,0,0,0,0,0,0,1,0,0,2,0.14,0,0,0
Deathgreeter,12,52,113,16,23,216,1,1,0,1,2,1,1,1,0,0,0,0,0,0,0,1,0,0,1,0.24,0,0,0
Death-Hood Cobra,16,116,0,11,16,159,1,1,0,1,1,1,2,1,0,0,0,0,0,0,0,1,0,0,1,0.14,0,0,0
Deathknell Kami,15,251,0,9,17,292,1,1,0,1,1,1,2,1,0,0,0,0,0,0,0,1,0,0,1,0.15,0,0,0
Deathmask Nezumi,16,165,104,11,21,317,1,1,0,1,2,1,3,1,0,0,0,0,0,0,0,1,0,0,1,0.15,0,0,0
Death's Approach,16,118,103,14,18,269,1,1,0,1,1,1,1,1,0,0,0,0,0,1,0,0,0,0,1,0.14,0,0,0
Death's Caress,14,92,111,11,7,235,1,1,0,1,0,1,5,1,0,0,0,0,1,0,0,0,0,0,2,0.13,0,0,0
Deathspore Thallid,18,242,0,13,24,297,1,1,0,1,2,1,2,1,0,0,0,0,0,0,0,1,0,0,1,0.16,0,0,0
Debilitating Injury,19,47,107,15,18,206,1,1,0,1,1,1,2,1,0,0,0,0,0,1,0,0,0,0,1,0.13,0,0,0
Decision Paralysis,18,102,102,13,7,242,1,1,0,1,0,1,4,1,0,0,0,1,0,0,0,0,0,0,1,0.12,0,0,0
Decommission,12,127,80,9,7,235,1,1,0,1,0,1,3,1,0,0,0,1,0,0,0,0,0,0,1,0.12,0,0,0
Deconstruct,11,57,59,20,7,154,1,1,0,1,0,1,3,1,0,0,0,0,1,0,0,0,0,0,1,0.14,0,0,0
Deepcavern Imp,14,185,0,13,20,232,1,1,0,1,2,1,3,1,0,0,0,0,0,0,0,1,0,0,1,0.16,0,0,0
Deeproot Warrior,16,75,153,15,26,285,1,1,0,1,2,1,2,1,0,0,0,0,0,0,0,1,0,0,1,0.13,0,0,0
Deep-Sea Terror,15,84,78,11,18,206,1,1,0,1,1,1,6,1,0,0,0,0,0,0,0,1,0,0,2,0.13,0,0,0
Deeptread Merrow,16,127,202,27,24,396,1,1,0,1,2,1,2,1,0,0,0,0,0,0,0,1,0,0,1,0.15,0,0,0
Deepwater Hypnotist,19,124,74,19,25,261,1,1,0,1,2,1,2,1,0,0,0,0,0,0,0,1,0,0,1,0.14,0,0,0
Deepwood Ghoul,14,38,39,12,17,120,1,1,0,1,1,1,3,1,0,0,0,0,0,0,0,1,0,0,1,0.15,0,0,0
Defang,6,78,114,15,18,231,1,1,0,1,1,1,2,1,0,0,0,0,0,1,0,0,0,0,1,0.13,0,0,0
Defeat,6,45,70,12,7,140,1,1,0,1,0,1,2,1,0,0,0,0,1,0,0,0,0,0,1,0.14,0,0,0
Defend the Hearth,17,67,86,16,7,193,1,1,0,1,0,1,2,1,0,0,0,1,0,0,0,0,0,0,1,0.14,0,0,0
Defensive Stance,16,47,94,9,18,184,1,1,0,1,1,1,1,1,0,0,0,0,0,1,0,0,0,0,1,0.14,0,0,0
Defiant Khenra,14,0,196,13,25,248,1,1,0,1,2,1,2,1,0,0,0,0,0,0,0,1,0,0,1,0.12,0,0,0
Defiant Ogre,12,120,43,16,23,214,1,1,0,1,2,1,6,1,0,0,0,0,0,0,0,1,0,0,1,0.14,0,0,0
Defiant Salvager,16,137,71,11,31,266,1,1,0,1,2,1,3,1,0,0,0,0,0,0,0,1,0,0,1,0.12,0,0,0
Defiant Strike,14,58,104,22,7,205,1,1,0,1,0,1,1,1,0,0,0,1,0,0,0,0,0,0,1,0.15,0,0,0
Deft Duelist,12,79,129,13,22,255,2,2,0,1,2,1,2,1,0,0,0,0,0,0,0,1,0,0,2,0.16,0,0,0
Deglamer,8,85,75,29,7,204,1,1,0,1,0,1,2,1,0,0,0,1,0,0,0,0,0,0,1,0.16,0,0,0
Dehydration,11,183,81,12,18,305,1,1,0,1,1,1,4,1,0,0,0,0,0,1,0,0,0,0,1,0.15,0,0,0
Dehydration,11,183,0,12,18,224,1,1,0,1,1,1,4,1,0,0,0,0,0,1,0,0,0,0,1,0.15,0,0,0
Dehydration,11,183,116,12,18,340,1,1,0,1,1,1,4,1,0,0,0,0,0,1,0,0,0,0,1,0.15,0,0,0
Delirium Skeins,15,33,155,14,7,224,1,1,0,1,0,1,3,1,0,0,0,0,1,0,0,0,0,0,1,0.17,0,0,0
Delver of Secrets,17,177,0,9,23,226,1,1,0,1,2,1,1,1,0,0,0,0,0,0,0,1,0,0,1,1.53,1,0,0
Dementia Bat,12,72,131,7,14,236,1,1,0,1,1,1,5,1,0,0,0,0,0,0,0,1,0,0,1,0.14,0,0,0
Demolish,8,32,64,15,7,126,1,1,0,1,0,1,4,1,0,0,0,0,1,0,0,0,0,0,1,0.1,0,0,0
Demolish,8,32,145,11,7,203,1,1,0,1,0,1,4,1,0,0,0,0,1,0,0,0,0,0,1,0.13,0,0,0
Demolish,8,32,92,13,7,152,1,1,0,1,0,1,4,1,0,0,0,0,1,0,0,0,0,0,1,0.13,0,0,0
Demolish,8,32,0,9,7,56,1,1,0,1,0,1,4,1,0,0,0,0,1,0,0,0,0,0,1,0.14,0,0,0
Demolish,8,32,114,16,7,177,1,1,0,1,0,1,4,1,0,0,0,0,1,0,0,0,0,0,1,0.14,0,0,0
Demolish,8,32,51,9,7,107,1,1,0,1,0,1,4,1,0,0,0,0,1,0,0,0,0,0,1,0.14,0,0,0
Demolish,8,32,82,12,7,141,1,1,0,1,0,1,4,1,0,0,0,0,1,0,0,0,0,0,1,0.15,0,0,0
Demolish,8,32,114,9,7,170,1,1,0,1,0,1,4,1,0,0,0,0,1,0,0,0,0,0,1,0.15,0,0,0
Demolish,8,32,114,9,7,170,1,1,0,1,0,1,4,1,0,0,0,0,1,0,0,0,0,0,1,0.15,0,0,0
Demonic Appetite,16,114,80,13,18,241,1,1,0,1,1,1,1,1,0,0,0,0,0,1,0,0,0,0,1,0.14,0,0,0
Demonic Dread,13,279,0,14,7,313,2,2,0,1,0,1,3,1,0,0,0,0,1,0,0,0,0,0,2,0.42,0,0,0
Demon's Grasp,13,45,110,13,7,188,1,1,0,1,0,1,5,1,0,0,0,0,1,0,0,0,0,0,1,0.12,0,0,0
Demon's Jester,14,81,52,12,14,173,1,1,0,1,1,1,4,1,0,0,0,0,0,0,0,1,0,0,1,0.15,0,0,0
Demystify,9,27,149,13,7,205,1,1,0,1,0,1,1,1,0,0,0,1,0,0,0,0,0,0,1,0.14,0,0,0
Demystify,9,27,0,16,7,59,1,1,0,1,0,1,1,1,0,0,0,1,0,0,0,0,0,0,1,0.15,0,0,0
Demystify,9,27,102,18,7,163,1,1,0,1,0,1,1,1,0,0,0,1,0,0,0,0,0,0,1,0.15,0,0,0
Demystify,9,27,47,18,7,108,1,1,0,1,0,1,1,1,0,0,0,1,0,0,0,0,0,0,1,0.15,0,0,0
Demystify,9,27,0,16,7,59,1,1,0,1,0,1,1,1,0,0,0,1,0,0,0,0,0,0,1,0.16,0,0,0
Demystify,9,27,73,16,7,132,1,1,0,1,0,1,1,1,0,0,0,1,0,0,0,0,0,0,1,0.16,0,0,0
Deny Existence,14,126,54,19,7,220,1,1,0,1,0,1,3,1,0,0,0,1,0,0,0,0,0,0,1,0.14,0,0,0
Deny Reality,12,285,0,23,7,327,2,2,0,1,0,1,5,1,0,0,0,0,1,0,0,0,0,0,2,0.16,0,0,0
Deprive,7,107,114,4,7,239,1,1,0,1,0,1,2,1,0,0,0,1,0,0,0,0,0,0,2,0.55,0,0,0
Depths of Desire,16,168,42,11,7,244,1,1,0,1,0,1,3,1,0,0,0,1,0,0,0,0,0,0,1,0.14,0,0,0
Deputy of Acquittals,20,189,35,11,23,278,2,2,0,1,2,1,2,1,0,0,0,0,0,0,0,1,0,0,2,0.15,0,0,0
Deranged Assistant,18,85,160,9,23,295,1,1,0,1,2,1,2,1,0,0,0,0,0,0,0,1,0,0,1,0.15,0,0,0
Descendant of Soramaro,22,126,82,13,23,266,1,1,0,1,2,1,4,1,0,0,0,0,0,0,0,1,0,0,1,0.16,0,0,0
Desecrated Earth,16,52,149,7,7,231,1,1,0,1,0,1,5,1,0,0,0,0,1,0,0,0,0,0,1,0.15,0,0,0
Desecration Plague,18,35,95,13,7,168,1,1,0,1,0,1,4,1,0,0,0,0,1,0,0,0,0,0,1,0.15,0,0,0
Desecrator Hag,14,198,45,11,14,282,2,2,0,1,1,1,4,1,0,0,0,0,0,0,0,1,0,0,2,0.15,0,0,0
Desert Cerodon,14,50,113,13,16,206,1,1,0,1,1,1,6,1,0,0,0,0,0,0,0,1,0,0,1,0.14,0,0,0
Desert of the Fervent,21,141,0,12,13,187,0,1,-1,1,1,1,0,1,0,0,0,0,0,0,0,0,1,0,0,0.15,0,0,0
Desert of the Glorified,23,143,0,11,13,190,0,1,-1,1,1,1,0,1,0,0,0,0,0,0,0,0,1,0,0,0.16,0,0,0
Desert of the Indomitable,25,145,0,11,13,194,0,1,-1,1,1,1,0,1,0,0,0,0,0,0,0,0,1,0,0,0.15,0,0,0
Desert of the Mindful,21,141,0,14,13,189,0,1,-1,1,1,1,0,1,0,0,0,0,0,0,0,0,1,0,0,0.15,0,0,0
Desert of the True,18,138,0,9,13,178,0,1,-1,1,1,1,0,1,0,0,0,0,0,0,0,0,1,0,0,0.15,0,0,0
Desperate Castaways,19,64,72,12,23,190,1,1,0,1,2,1,2,1,0,0,0,0,0,0,0,1,0,0,1,0.13,0,0,0
Desperate Ritual,16,204,0,13,16,249,1,1,0,1,1,1,2,1,0,0,0,1,0,0,0,0,0,0,1,2.03,1,0,0
Desperate Sentry,16,196,0,15,24,251,1,1,0,1,2,1,3,1,0,0,0,0,0,0,0,1,0,0,1,0.14,0,0,0
Destroy the Evidence,20,170,89,13,7,299,1,1,0,1,0,1,5,1,0,0,0,0,1,0,0,0,0,0,1,0.14,0,0,0
Destructive Tampering,21,89,84,12,7,213,1,1,0,1,0,1,3,1,0,0,0,0,1,0,0,0,0,0,1,0.13,0,0,0
Detainment Spell,16,129,86,13,18,262,1,1,0,1,1,1,1,1,0,0,0,0,0,1,0,0,0,0,1,0.15,0,0,0
Deviant Glee,12,108,57,16,18,211,1,2,-1,1,1,1,1,1,0,0,0,0,0,1,0,0,0,0,1,0.14,0,0,0
Devilthorn Fox,14,0,134,14,14,176,1,1,0,1,1,1,2,1,0,0,0,0,0,0,0,1,0,0,1,0.14,0,0,0
Devoted Druid,13,90,66,13,20,202,1,1,0,1,2,1,2,1,0,0,0,0,0,0,0,1,0,0,1,6.29,1,1,0
Devoted Retainer,16,94,156,16,24,306,1,1,0,1,2,1,1,1,0,0,0,0,0,0,0,1,0,0,1,0.17,0,0,0
Devour Flesh,12,88,89,10,7,206,1,1,0,1,0,1,2,1,0,0,0,1,0,0,0,0,0,0,1,0.14,0,0,0
Devouring Greed,15,188,0,12,16,231,1,1,0,1,1,1,4,1,0,0,0,0,1,0,0,0,0,0,2,0.16,0,0,0
Devouring Rage,14,227,0,12,16,269,1,1,0,1,1,1,5,1,0,0,0,1,0,0,0,0,0,0,1,0.15,0,0,0
Devouring Swarm,15,74,123,13,17,242,1,1,0,1,1,1,3,1,0,0,0,0,0,0,0,1,0,0,2,0.15,0,0,0
Dewdrop Spy,11,102,77,13,23,226,1,1,0,1,2,1,3,1,0,0,0,0,0,0,0,1,0,0,2,0.15,0,0,0
Dhund Operative,15,153,48,17,22,255,1,1,0,1,2,1,2,1,0,0,0,0,0,0,0,1,0,0,1,0.11,0,0,0
Die Young,9,167,53,8,7,244,1,1,0,1,0,1,2,1,0,0,0,0,1,0,0,0,0,0,1,0.13,0,0,0
Diminish,8,67,185,14,7,281,1,1,0,1,0,1,1,1,0,0,0,1,0,0,0,0,0,0,1,0.15,0,0,0
Dimir Aqueduct,14,171,0,9,4,198,0,2,-2,1,0,1,0,1,0,0,0,0,0,0,0,0,1,0,0,0.71,0,0,0
Dimir Cluestone,15,91,96,12,8,222,0,2,-2,1,0,1,3,1,0,0,0,0,0,0,1,0,0,0,0,0.14,0,0,0
Dimir Guildgate,15,85,60,12,11,183,0,2,-2,1,1,1,0,1,0,0,0,0,0,0,0,0,1,0,0,0.16,0,0,0
Dimir Guildgate,15,85,102,12,11,225,0,2,-2,1,1,1,0,1,0,0,0,0,0,0,0,0,1,0,0,0.17,0,0,0
Dimir House Guard,17,367,0,13,19,416,1,1,0,1,1,1,4,1,0,0,0,0,0,0,0,1,0,0,1,0.19,0,0,0
Dimir Infiltrator,17,260,0,10,17,304,2,2,0,1,1,1,2,1,0,0,0,0,0,0,0,1,0,0,2,0.16,0,0,0
Dimir Signet,12,39,95,15,8,169,0,2,-2,1,0,1,2,1,0,0,0,0,0,0,1,0,0,0,0,1.49,1,0,0
Dire Fleet Hoarder,18,154,97,20,23,312,1,1,0,1,2,1,2,1,0,0,0,0,0,0,0,1,0,0,1,0.12,0,0,0
Dire Fleet Interloper,21,257,0,21,23,322,1,1,0,1,2,1,4,1,0,0,0,0,0,0,0,1,0,0,1,0.13,0,0,0
Diregraf Escort,15,269,0,13,23,320,1,1,0,1,2,1,1,1,0,0,0,0,0,0,0,1,0,0,1,0.13,0,0,0
Dirgur Nemesis,14,166,0,15,18,213,1,1,0,1,1,1,6,1,0,0,0,0,0,0,0,1,0,0,1,0.15,0,0,0
Disarm,6,44,38,22,7,117,1,1,0,1,0,1,1,1,0,0,0,1,0,0,0,0,0,0,1,0.14,0,0,0
Disciple of Phenax,18,290,0,21,23,352,1,1,0,1,2,1,4,1,0,0,0,0,0,0,0,1,0,0,2,0.14,0,0,0
Disciple of Tevesh Szat,23,147,100,12,23,305,1,1,0,1,2,1,4,1,0,0,0,0,0,0,0,1,0,0,2,0.15,0,0,0
Disciple of the Old Ways,24,67,119,15,24,249,1,2,-1,1,2,1,2,1,0,0,0,0,0,0,0,1,0,0,1,0.14,0,0,0
Disciple of the Vault,21,108,86,13,23,251,1,1,0,1,2,1,1,1,0,0,0,0,0,0,0,1,0,0,1,0.25,0,0,0
Disdainful Stroke,17,59,59,15,7,157,1,1,0,1,0,1,2,1,0,0,0,1,0,0,0,0,0,0,1,0.15,0,0,0
Disembowel,10,51,162,17,7,247,1,1,0,1,0,1,1,1,0,0,0,1,0,0,0,0,0,0,1,0.15,0,0,0
Disentomb,9,61,49,22,7,148,1,1,0,1,0,1,1,1,0,0,0,0,1,0,0,0,0,0,1,0.14,0,0,0
Disentomb,9,61,147,22,7,246,1,1,0,1,0,1,1,1,0,0,0,0,1,0,0,0,0,0,1,0.14,0,0,0
Disentomb,9,61,74,22,7,173,1,1,0,1,0,1,1,1,0,0,0,0,1,0,0,0,0,0,1,0.15,0,0,0
Disentomb,9,61,74,22,7,173,1,1,0,1,0,1,1,1,0,0,0,0,1,0,0,0,0,0,1,0.15,0,0,0
Disfigure,9,45,72,12,7,145,1,1,0,1,0,1,1,1,0,0,0,1,0,0,0,0,0,0,1,0.29,0,0,0
Dismal Backwater,16,149,0,10,4,179,0,2,-2,1,0,1,0,1,0,0,0,0,0,0,0,0,1,0,0,0.15,0,0,0
Dismal Backwater,16,149,0,10,4,179,0,2,-2,1,0,1,0,1,0,0,0,0,0,0,0,0,1,0,0,0.16,0,0,0
Disorient,9,45,96,11,7,168,1,1,0,1,0,1,4,1,0,0,0,1,0,0,0,0,0,0,1,0.14,0,0,0
Disowned Ancestor,17,94,96,11,25,243,1,1,0,1,2,1,1,1,0,0,0,0,0,0,0,1,0,0,1,0.13,0,0,0
Dispel,6,29,78,11,7,131,1,1,0,1,0,1,1,1,0,0,0,1,0,0,0,0,0,0,1,0.18,0,0,0
Dispel,6,29,132,11,7,185,1,1,0,1,0,1,1,1,0,0,0,1,0,0,0,0,0,0,1,0.2,0,0,0
Dispel,6,29,72,12,7,126,1,1,0,1,0,1,1,1,0,0,0,1,0,0,0,0,0,0,1,0.23,0,0,0
Dispeller's Capsule,19,83,129,15,8,254,1,1,0,1,0,1,1,1,0,0,0,0,0,0,1,0,0,0,1,0.16,0,0,0
Dispersal Technician,20,101,88,12,29,250,1,1,0,1,2,1,5,1,0,0,0,0,0,0,0,1,0,0,1,0.1,0,0,0
Disperse,8,52,108,11,7,186,1,1,0,1,0,1,2,1,0,0,0,1,0,0,0,0,0,0,1,0.14,0,0,0
Disperse,8,52,169,11,7,247,1,1,0,1,0,1,2,1,0,0,0,1,0,0,0,0,0,0,1,0.15,0,0,0
Disperse,8,52,125,12,7,204,1,1,0,1,0,1,2,1,0,0,0,1,0,0,0,0,0,0,1,0.15,0,0,0
Disperse,8,52,64,8,7,139,1,1,0,1,0,1,2,1,0,0,0,1,0,0,0,0,0,0,1,0.15,0,0,0
Displace,8,117,75,13,7,220,1,1,0,1,0,1,3,1,0,0,0,1,0,0,0,0,0,0,1,0.15,0,0,0
Disposal Mummy,14,91,112,14,24,255,1,1,0,1,2,1,3,1,0,0,0,0,0,0,0,1,0,0,1,0.13,0,0,0
Dissenter's Deliverance,23,75,146,18,7,269,1,1,0,1,0,1,2,1,0,0,0,1,0,0,0,0,0,0,1,0.15,0,0,0
Distant Melody,14,80,146,11,7,258,1,1,0,1,0,1,4,1,0,0,0,0,1,0,0,0,0,0,1,1.43,1,0,0
Distemper of the Blood,22,199,0,9,7,237,1,1,0,1,0,1,2,1,0,0,0,0,1,0,0,0,0,0,1,0.15,0,0,0
Distortion Strike,17,252,0,11,7,287,1,1,0,1,0,1,1,1,0,0,0,0,1,0,0,0,0,0,1,1.2,1,0,0
Distress,8,105,101,16,7,237,1,1,0,1,0,1,2,1,0,0,0,0,1,0,0,0,0,0,2,0.15,0,0,0
Distress,8,105,185,14,7,319,1,1,0,1,0,1,2,1,0,0,0,0,1,0,0,0,0,0,2,0.16,0,0,0
Distress,8,105,123,14,7,257,1,1,0,1,0,1,2,1,0,0,0,0,1,0,0,0,0,0,2,0.19,0,0,0
Disturbing Plot,15,242,0,16,7,280,1,1,0,1,0,1,2,1,0,0,0,0,1,0,0,0,0,0,1,0.16,0,0,0
Dive Down,9,148,54,17,7,235,1,1,0,1,0,1,1,1,0,0,0,1,0,0,0,0,0,0,1,0.14,0,0,0
Divination,10,15,158,10,7,200,1,1,0,1,0,1,3,1,0,0,0,0,1,0,0,0,0,0,1,0.14,0,0,0
Divination,10,15,81,11,7,124,1,1,0,1,0,1,3,1,0,0,0,0,1,0,0,0,0,0,1,0.14,0,0,0
Divination,10,15,81,11,7,124,1,1,0,1,0,1,3,1,0,0,0,0,1,0,0,0,0,0,1,0.14,0,0,0
Divination,10,15,81,11,7,124,1,1,0,1,0,1,3,1,0,0,0,0,1,0,0,0,0,0,1,0.15,0,0,0
Divination,10,15,81,11,7,124,1,1,0,1,0,1,3,1,0,0,0,0,1,0,0,0,0,0,1,0.15,0,0,0
Divination,10,15,81,11,7,124,1,1,0,1,0,1,3,1,0,0,0,0,1,0,0,0,0,0,1,0.15,0,0,0
Divination,10,15,133,13,7,178,1,1,0,1,0,1,3,1,0,0,0,0,1,0,0,0,0,0,1,0.15,0,0,0
Divine Congregation,19,302,0,13,7,341,1,1,0,1,0,1,4,1,0,0,0,0,1,0,0,0,0,0,1,0.15,0,0,0
Divine Favor,12,106,65,14,18,215,1,1,0,1,1,1,2,1,0,0,0,0,0,1,0,0,0,0,1,0.14,0,0,0
Divine Favor,12,106,65,14,18,215,1,1,0,1,1,1,2,1,0,0,0,0,0,1,0,0,0,0,1,0.14,0,0,0
Divine Favor,12,106,65,14,18,215,1,1,0,1,1,1,2,1,0,0,0,0,0,1,0,0,0,0,1,0.14,0,0,0
Divine Favor,12,106,65,14,18,215,1,1,0,1,1,1,2,1,0,0,0,0,0,1,0,0,0,0,1,0.15,0,0,0
Divine Offering,15,72,87,14,7,195,1,1,0,1,0,1,2,1,0,0,0,1,0,0,0,0,0,0,1,0.14,0,0,0
Divine Verdict,14,46,9,10,7,86,1,1,0,1,0,1,4,1,0,0,0,1,0,0,0,0,0,0,1,0.14,0,0,0
Divine Verdict,14,46,81,16,7,164,1,1,0,1,0,1,4,1,0,0,0,1,0,0,0,0,0,0,1,0.14,0,0,0
Divine Verdict,14,46,132,10,7,209,1,1,0,1,0,1,4,1,0,0,0,1,0,0,0,0,0,0,1,0.15,0,0,0
Divine Verdict,14,46,9,10,7,86,1,1,0,1,0,1,4,1,0,0,0,1,0,0,0,0,0,0,1,0.18,0,0,0
Divine Verdict,14,46,9,10,7,86,1,1,0,1,0,1,4,1,0,0,0,1,0,0,0,0,0,0,1,0.18,0,0,0
Diving Griffin,14,17,72,9,18,130,1,1,0,1,1,1,3,1,0,0,0,0,0,0,0,1,0,0,2,0.16,0,0,0
Dizzy Spell,11,270,0,19,7,307,1,1,0,1,0,1,1,1,0,0,0,1,0,0,0,0,0,0,1,0.17,0,0,0
Djeru's Renunciation,20,82,112,13,7,234,1,1,0,1,0,1,2,1,0,0,0,1,0,0,0,0,0,0,1,0.14,0,0,0
Djeru's Resolve,15,129,105,13,7,269,1,1,0,1,0,1,1,1,0,0,0,1,0,0,0,0,0,0,1,0.12,0,0,0
Dogpile,7,105,95,13,7,227,1,1,0,1,0,1,4,1,0,0,0,1,0,0,0,0,0,0,1,0.15,0,0,0
Dominator Drone,15,268,0,12,24,319,0,1,-1,1,2,1,3,1,0,0,0,0,0,0,0,1,0,0,1,0.15,0,0,0
Doom Blade,10,33,50,6,7,106,1,1,0,1,0,1,2,1,0,0,0,1,0,0,0,0,0,0,1,0.19,0,0,0
Doom Blade,10,33,0,6,7,56,1,1,0,1,0,1,2,1,0,0,0,1,0,0,0,0,0,0,1,0.2,0,0,0
Doom Blade,10,33,50,6,7,106,1,1,0,1,0,1,2,1,0,0,0,1,0,0,0,0,0,0,1,0.22,0,0,0
Doomed Dissenter,16,69,74,9,16,184,1,1,0,1,1,1,2,1,0,0,0,0,0,0,0,1,0,0,1,0.15,0,0,0
Doomed Traveler,15,80,96,15,24,230,1,1,0,1,2,1,1,1,0,0,0,0,0,0,0,1,0,0,1,0.15,0,0,0
Doorkeeper,10,167,61,10,21,269,1,1,0,1,1,1,2,1,0,0,0,0,0,0,0,1,0,0,1,0.14,0,0,0
Dosan's Oldest Chant,20,29,161,15,7,232,1,1,0,1,0,1,5,1,0,0,0,0,1,0,0,0,0,0,1,0.16,0,0,0
Double Cleave,13,110,32,7,7,169,2,2,0,1,0,1,2,1,0,0,0,1,0,0,0,0,0,0,1,0.18,0,0,0
Douse in Gloom,14,69,137,10,7,237,1,1,0,1,0,1,3,1,0,0,0,1,0,0,0,0,0,0,1,0.15,0,0,0
Douse in Gloom,14,69,154,8,7,252,1,1,0,1,0,1,3,1,0,0,0,1,0,0,0,0,0,0,1,0.15,0,0,0
Downpour,8,33,109,10,7,167,1,1,0,1,0,1,2,1,0,0,0,1,0,0,0,0,0,0,1,0.14,0,0,0
Downsize,8,207,0,13,7,235,1,1,0,1,0,1,1,1,0,0,0,1,0,0,0,0,0,0,1,0.14,0,0,0
Drag Down,9,103,96,14,7,229,1,1,0,1,0,1,3,1,0,0,0,1,0,0,0,0,0,0,1,0.15,0,0,0
Drag Under,10,56,123,9,7,205,1,1,0,1,0,1,3,1,0,0,0,0,1,0,0,0,0,0,1,0.14,0,0,0
Dragon Bell Monk,16,102,96,13,21,248,1,1,0,1,2,1,3,1,0,0,0,0,0,0,0,1,0,0,1,0.15,0,0,0
Dragon Fodder,13,42,141,11,7,214,1,1,0,1,0,1,2,1,0,0,0,0,1,0,0,0,0,0,1,0.15,0,0,0
Dragon Fodder,13,42,115,11,7,188,1,1,0,1,0,1,2,1,0,0,0,0,1,0,0,0,0,0,1,0.16,0,0,0
Dragon Fodder,13,42,141,11,7,214,1,1,0,1,0,1,2,1,0,0,0,0,1,0,0,0,0,0,1,0.2,0,0,0
Dragon Hatchling,16,58,148,13,17,252,1,1,0,1,1,1,2,1,0,0,0,0,0,0,0,1,0,0,1,0.14,0,0,0
Dragon Hatchling,16,58,148,13,17,252,1,1,0,1,1,1,2,1,0,0,0,0,0,0,0,1,0,0,1,0.14,0,0,0
Dragon Mantle,13,146,0,15,18,192,1,1,0,1,1,1,1,1,0,0,0,0,0,1,0,0,0,0,1,0.15,0,0,0
Dragon's Eye Sentry,19,22,99,22,21,183,1,1,0,1,2,1,1,1,0,0,0,0,0,0,0,1,0,0,1,0.15,0,0,0
Dragonscale Boon,16,55,171,12,7,261,1,1,0,1,0,1,4,1,0,0,0,1,0,0,0,0,0,0,1,0.14,0,0,0
Dragon-Scarred Bear,19,135,91,15,15,275,1,1,0,1,1,1,3,1,0,0,0,0,0,0,0,1,0,0,1,0.15,0,0,0
Drain the Well,14,37,93,11,7,162,2,2,0,1,0,1,4,1,0,0,0,0,1,0,0,0,0,0,2,0.16,0,0,0
Drainpipe Vermin,16,86,91,14,14,221,1,1,0,1,1,1,1,1,0,0,0,0,0,0,0,1,0,0,1,0.15,0,0,0
Drake Familiar,14,117,100,13,16,260,1,1,0,1,1,1,2,1,0,0,0,0,0,0,0,1,0,0,1,0.15,0,0,0
Drakewing Krasis,16,15,118,12,23,184,2,2,0,1,2,1,3,1,0,0,0,0,0,0,0,1,0,0,2,0.14,0,0,0
Dramatic Rescue,15,60,135,13,7,230,2,2,0,1,0,1,2,1,0,0,0,1,0,0,0,0,0,0,2,0.14,0,0,0
Dramatic Reversal,17,41,64,14,7,143,1,1,0,1,0,1,2,1,0,0,0,1,0,0,0,0,0,0,1,0.14,0,0,0
Dread Drone,11,160,73,16,24,284,1,1,0,1,2,1,5,1,0,0,0,0,0,0,0,1,0,0,1,0.15,0,0,0
Dread Warlock,13,57,100,7,23,200,1,1,0,1,2,1,3,1,0,0,0,0,0,0,0,1,0,0,2,0.15,0,0,0
Dreadbringer Lampads,20,259,0,13,28,320,1,1,0,2,1,1,5,1,0,0,0,0,0,1,0,1,0,0,1,0.15,0,0,0
Dreadwaters,11,127,52,12,7,209,1,1,0,1,0,1,4,1,0,0,0,0,1,0,0,0,0,0,1,0.13,0,0,0
Dreadwaters,11,127,52,12,7,209,1,1,0,1,0,1,4,1,0,0,0,0,1,0,0,0,0,0,1,0.15,0,0,0
Dream Stalker,13,94,84,13,19,223,1,1,0,1,1,1,2,1,0,0,0,0,0,0,0,1,0,0,1,0.19,0,0,0
Dream Thief,11,104,58,11,23,207,1,1,0,1,2,1,3,1,0,0,0,0,0,0,0,1,0,0,1,0.15,0,0,0
Dream Twist,11,188,0,9,7,215,1,1,0,1,0,1,1,1,0,0,0,1,0,0,0,0,0,0,1,0.17,0,0,0
Dreamcatcher,12,99,138,10,17,276,1,1,0,1,1,1,1,1,0,0,0,0,0,0,0,1,0,0,1,0.15,0,0,0
Dream's Grip,12,117,0,10,7,146,1,1,0,1,0,1,1,1,0,0,0,1,0,0,0,0,0,0,1,0.15,0,0,0
Dreamscape Artist,17,159,41,10,28,255,1,1,0,1,2,1,2,1,0,0,0,0,0,0,0,1,0,0,1,0.17,0,0,0
Dreamspoiler Witches,20,117,110,11,24,282,1,1,0,1,2,1,4,1,0,0,0,0,0,0,0,1,0,0,1,0.15,0,0,0
Dreg Reaver,11,0,239,14,23,287,1,1,0,1,2,1,5,1,0,0,0,0,0,0,0,1,0,0,1,0.15,0,0,0
Dregscape Zombie,16,203,62,15,17,313,1,1,0,1,1,1,2,1,0,0,0,0,0,0,0,1,0,0,1,0.15,0,0,0
Drelnoch,8,58,95,29,22,212,1,1,0,1,2,1,5,1,0,0,0,0,0,0,0,1,0,0,1,0.15,0,0,0
Drift of Phantasms,18,270,0,17,17,322,1,1,0,1,1,1,3,1,0,0,0,0,0,0,0,1,0,0,1,0.54,0,0,0
Drifter il-Dal,14,155,115,12,23,319,1,1,0,1,2,1,1,1,0,0,0,0,0,0,0,1,0,0,1,0.15,0,0,0
Drifting Shade,14,56,92,16,16,194,1,1,0,1,1,1,4,1,0,0,0,0,0,0,0,1,0,0,1,0.15,0,0,0
Drill-Skimmer,13,130,81,8,27,259,0,0,0,2,1,1,4,1,0,0,0,0,0,0,1,1,0,0,0,0.14,0,0,0
Dripping-Tongue Zubera,22,115,101,14,24,276,1,1,0,1,2,1,2,1,0,0,0,0,0,0,0,1,0,0,1,0.15,0,0,0
Driver of the Dead,18,132,128,11,18,307,1,1,0,1,1,1,4,1,0,0,0,0,0,0,0,1,0,0,1,0.13,0,0,0
Dromad Purebred,15,58,168,14,22,277,1,1,0,1,2,1,5,1,0,0,0,0,0,0,0,1,0,0,1,0.15,0,0,0
Dromoka Dunecaster,18,48,101,12,23,202,1,1,0,1,2,1,1,1,0,0,0,0,0,0,0,1,0,0,1,0.14,0,0,0
Dromoka Warrior,15,0,188,11,24,238,1,1,0,1,2,1,2,1,0,0,0,0,0,0,0,1,0,0,1,0.14,0,0,0
Dronepack Kindred,17,60,63,12,27,179,0,1,-1,1,2,1,5,1,0,0,0,0,0,0,0,1,0,0,0,0.14,0,0,0
Drooling Ogre,13,120,72,12,15,232,1,1,0,1,1,1,2,1,0,0,0,0,0,0,0,1,0,0,1,0.14,0,0,0
Dross Crocodile,15,0,83,20,27,145,1,1,0,1,2,1,4,1,0,0,0,0,0,0,0,1,0,0,1,0.14,0,0,0
Dross Crocodile,15,0,151,14,27,207,1,1,0,1,2,1,4,1,0,0,0,0,0,0,0,1,0,0,1,0.16,0,0,0
Dross Golem,11,174,106,8,25,324,0,0,0,2,1,1,5,1,0,0,0,0,0,0,1,1,0,0,0,0.15,0,0,0
Dross Hopper,12,66,87,11,24,200,1,1,0,1,2,1,2,1,0,0,0,0,0,0,0,1,0,0,1,0.13,0,0,0
Dross Prowler,13,90,113,14,17,247,1,1,0,1,1,1,3,1,0,0,0,0,0,0,0,1,0,0,1,0.14,0,0,0
Dross Ripper,12,50,108,12,25,207,0,1,-1,2,1,1,4,1,0,0,0,0,0,0,1,1,0,0,0,0.13,0,0,0
Dross Scorpion,14,89,102,10,28,243,0,0,0,2,1,1,4,1,0,0,0,0,0,0,1,1,0,0,0,0.15,0,0,0
Drown in Filth,14,169,73,12,7,275,2,2,0,1,0,1,2,1,0,0,0,0,1,0,0,0,0,0,2,0.14,0,0,0
Drowner Initiate,16,151,67,10,25,269,1,1,0,1,2,1,1,1,0,0,0,0,0,0,0,1,0,0,1,0.17,0,0,0
Drownyard Explorers,19,152,96,15,23,305,1,1,0,1,2,1,4,1,0,0,0,0,0,0,0,1,0,0,1,0.14,0,0,0
Drudge Beetle,13,168,94,15,17,307,1,1,0,1,1,1,2,1,0,0,0,0,0,0,0,1,0,0,1,0.14,0,0,0
Drudge Reavers,14,99,150,12,19,294,1,1,0,1,1,1,4,1,0,0,0,0,0,0,0,1,0,0,1,0.15,0,0,0
Drudge Skeletons,16,173,179,10,19,397,1,1,0,1,1,1,2,1,0,0,0,0,0,0,0,1,0,0,1,0.15,0,0,0
Drudge Skeletons,16,173,169,7,19,384,1,1,0,1,1,1,2,1,0,0,0,0,0,0,0,1,0,0,1,0.15,0,0,0
Druid of the Anima,18,44,129,10,20,221,1,3,-2,1,2,1,2,1,0,0,0,0,0,0,0,1,0,0,1,0.2,0,0,0
Druid of the Cowl,17,31,95,17,20,180,1,1,0,1,2,1,2,1,0,0,0,0,0,0,0,1,0,0,1,0.14,0,0,0
Druid's Deliverance,19,137,69,9,7,241,1,1,0,1,0,1,2,1,0,0,0,1,0,0,0,0,0,0,1,0.16,0,0,0
Dryad's Caress,14,127,142,14,7,304,1,2,-1,1,0,1,6,1,0,0,0,1,0,0,0,0,0,0,2,0.15,0,0,0
Dryad's Favor,13,120,80,13,18,244,1,1,0,1,1,1,1,1,0,0,0,0,0,1,0,0,0,0,1,0.14,0,0,0
Dual Shot,9,63,104,13,7,196,1,1,0,1,0,1,1,1,0,0,0,1,0,0,0,0,0,0,1,0.14,0,0,0
Dual Shot,9,63,57,12,7,148,1,1,0,1,0,1,1,1,0,0,0,1,0,0,0,0,0,0,1,0.14,0,0,0
Duct Crawler,12,59,140,15,17,243,1,1,0,1,1,1,1,1,0,0,0,0,0,0,0,1,0,0,1,0.15,0,0,0
Duergar Assailant,17,103,118,11,24,273,2,2,0,1,2,1,1,1,0,0,0,0,0,0,0,1,0,0,1,0.15,0,0,0
Dukhara Peafowl,15,52,79,16,24,186,0,1,-1,2,1,1,4,1,0,0,0,0,0,0,1,1,0,0,0,0.1,0,0,0
Dukhara Scavenger,17,135,30,19,20,221,1,1,0,1,1,1,6,1,0,0,0,0,0,0,0,1,0,0,1,0.1,0,0,0
Dune Beetle,11,0,93,18,17,139,1,1,0,1,1,1,2,1,0,0,0,0,0,0,0,1,0,0,1,0.13,0,0,0
Duress,6,120,107,15,7,255,1,1,0,1,0,1,1,1,0,0,0,0,1,0,0,0,0,0,1,0.15,0,0,0
Duress,6,120,89,14,7,236,1,1,0,1,0,1,1,1,0,0,0,0,1,0,0,0,0,0,1,0.15,0,0,0
Duress,6,120,107,15,7,255,1,1,0,1,0,1,1,1,0,0,0,0,1,0,0,0,0,0,1,0.16,0,0,0
Duress,6,120,107,15,7,255,1,1,0,1,0,1,1,1,0,0,0,0,1,0,0,0,0,0,1,0.16,0,0,0
Duress,6,120,61,15,7,209,1,1,0,1,0,1,1,1,0,0,0,0,1,0,0,0,0,0,1,0.16,0,0,0
Duress,6,120,91,15,7,239,1,1,0,1,0,1,1,1,0,0,0,0,1,0,0,0,0,0,1,0.16,0,0,0
Durkwood Baloth,15,252,0,11,16,294,1,1,0,1,1,1,6,1,0,0,0,0,0,0,0,1,0,0,2,0.15,0,0,0
Dusk Imp,8,6,116,20,14,164,1,1,0,1,1,1,3,1,0,0,0,0,0,0,0,1,0,0,1,0.14,0,0,0
Dusk Imp,8,6,69,12,14,109,1,1,0,1,1,1,3,1,0,0,0,0,0,0,0,1,0,0,1,0.15,0,0,0
Duskhunter Bat,14,130,90,13,14,261,1,1,0,1,1,1,2,1,0,0,0,0,0,0,0,1,0,0,1,0.14,0,0,0
Dust Corona,11,93,108,12,18,242,1,1,0,1,1,1,1,1,0,0,0,0,0,1,0,0,0,0,1,0.15,0,0,0
Dutiful Attendant,17,98,77,12,24,228,1,1,0,1,2,1,3,1,0,0,0,0,0,0,0,1,0,0,1,0.14,0,0,0
Dutiful Return,14,72,60,15,7,168,1,1,0,1,0,1,4,1,0,0,0,0,1,0,0,0,0,0,1,0.12,0,0,0
Dutiful Return,14,72,98,12,7,203,1,1,0,1,0,1,4,1,0,0,0,0,1,0,0,0,0,0,1,0.14,0,0,0
Dutiful Servants,16,0,161,11,17,205,1,1,0,1,1,1,4,1,0,0,0,0,0,0,0,1,0,0,1,0.13,0,0,0
Dutiful Thrull,14,31,127,7,17,196,1,2,-1,1,1,1,1,1,0,0,0,0,0,0,0,1,0,0,1,0.14,0,0,0
Duty-Bound Dead,15,276,0,13,19,323,1,1,0,1,1,1,1,1,0,0,0,0,0,0,0,1,0,0,1,0.15,0,0,0
Dynacharge,10,201,47,12,7,277,1,1,0,1,0,1,1,1,0,0,0,1,0,0,0,0,0,0,1,0.14,0,0,0
Eager Cadet,11,0,77,16,24,128,1,1,0,1,2,1,1,1,0,0,0,0,0,0,0,1,0,0,1,0.17,0,0,0
Eager Cadet,11,0,77,22,24,134,1,1,0,1,2,1,1,1,0,0,0,0,0,0,0,1,0,0,1,0.2,0,0,0
Eager Construct,15,177,57,16,29,294,0,0,0,2,1,1,2,1,0,0,0,0,0,0,1,1,0,0,0,0.1,0,0,0
Eagle of the Watch,18,17,163,12,15,225,1,1,0,1,1,1,3,1,0,0,0,0,0,0,0,1,0,0,1,0.15,0,0,0
Eagle of the Watch,18,17,123,12,15,185,1,1,0,1,1,1,3,1,0,0,0,0,0,0,0,1,0,0,1,0.17,0,0,0
Early Frost,11,29,34,12,7,93,1,1,0,1,0,1,2,1,0,0,0,1,0,0,0,0,0,0,1,0.15,0,0,0
Earthbrawn,10,133,93,10,7,253,1,1,0,1,0,1,2,1,0,0,0,1,0,0,0,0,0,0,1,0.15,0,0,0
Earthen Arms,12,223,0,9,7,251,1,1,0,1,0,1,2,1,0,0,0,0,1,0,0,0,0,0,1,0.14,0,0,0
Echo Circlet,12,73,120,7,20,232,0,0,0,1,1,1,2,1,0,0,0,0,0,0,1,0,0,0,0,0.14,0,0,0
Echoing Calm,12,93,45,12,7,169,1,1,0,1,0,1,2,1,0,0,0,1,0,0,0,0,0,0,1,0.15,0,0,0
Echoing Courage,15,104,43,12,7,181,1,1,0,1,0,1,2,1,0,0,0,1,0,0,0,0,0,0,1,0.14,0,0,0
Echoing Decay,13,104,48,12,7,184,1,1,0,1,0,1,2,1,0,0,0,1,0,0,0,0,0,0,1,0.21,0,0,0
Echoing Ruin,12,84,48,12,7,163,1,1,0,1,0,1,2,1,0,0,0,0,1,0,0,0,0,0,1,0.15,0,0,0
Echoing Truth,13,117,43,12,7,192,1,1,0,1,0,1,2,1,0,0,0,1,0,0,0,0,0,0,1,0.3,0,0,0
Eddytrail Hawk,14,215,0,11,15,255,1,1,0,1,1,1,2,1,0,0,0,0,0,0,0,1,0,0,1,0.1,0,0,0
Edge of Autumn,14,219,41,23,7,304,1,1,0,1,0,1,2,1,0,0,0,0,1,0,0,0,0,0,1,0.16,0,0,0
Edge of the Divinity,20,126,75,9,18,248,2,2,0,1,1,1,1,1,0,0,0,0,0,1,0,0,0,0,1,0.75,0,0,0
Eel Umbra,9,228,0,11,18,266,1,1,0,1,1,1,2,1,0,0,0,0,0,1,0,0,0,0,1,0.16,0,0,0
Efreet Weaponmaster,19,274,0,18,22,333,3,3,0,1,2,1,6,1,0,0,0,0,0,0,0,1,0,0,3,0.14,0,0,0
Eland Umbra,11,160,0,11,18,200,1,1,0,1,1,1,2,1,0,0,0,0,0,1,0,0,0,0,1,0.17,0,0,0
Elder Cathar,12,142,116,10,24,304,1,1,0,1,2,1,3,1,0,0,0,0,0,0,0,1,0,0,1,0.14,0,0,0
Elder Pine of Jukai,19,338,0,12,17,386,1,1,0,1,1,1,3,1,0,0,0,0,0,0,0,1,0,0,1,0.15,0,0,0
Eldrazi Aggressor,17,111,71,15,24,238,0,1,-1,1,2,1,3,1,0,0,0,0,0,0,0,1,0,0,1,0.12,0,0,0
Eldrazi Devastator,18,7,224,13,18,280,0,0,0,1,1,1,8,1,0,0,0,0,0,0,0,1,0,0,0,0.15,0,0,0
Eldrazi Skyspawner,18,201,0,11,24,254,0,1,-1,1,2,1,3,1,0,0,0,0,0,0,0,1,0,0,1,0.16,0,0,0
Electrickery,12,209,0,12,7,240,1,1,0,1,0,1,1,1,0,0,0,1,0,0,0,0,0,0,1,0.19,0,0,0
Electrify,9,44,62,16,7,138,1,1,0,1,0,1,4,1,0,0,0,1,0,0,0,0,0,0,1,0.14,0,0,0
Electrostatic Bolt,18,132,68,14,7,239,1,1,0,1,0,1,1,1,0,0,0,1,0,0,0,0,0,0,1,0.15,0,0,0
Elemental Uprising,18,143,77,15,7,260,1,1,0,1,0,1,2,1,0,0,0,1,0,0,0,0,0,0,1,0.14,0,0,0
Elf Replica,11,58,33,14,23,139,0,1,-1,2,1,1,3,1,0,0,0,0,0,0,1,1,0,0,0,0.15,0,0,0
Elgaud Inquisitor,17,163,65,15,23,283,1,1,0,1,2,1,4,1,0,0,0,0,0,0,0,1,0,0,1,0.14,0,0,0
Elgaud Shieldmate,17,331,0,15,24,387,1,1,0,1,2,1,4,1,0,0,0,0,0,0,0,1,0,0,1,0.15,0,0,0
Elite Skirmisher,16,94,79,12,24,225,1,1,0,1,2,1,3,1,0,0,0,0,0,0,0,1,0,0,1,0.14,0,0,0
Elsewhere Flask,15,169,85,10,8,287,0,0,0,1,0,1,2,1,0,0,0,0,0,0,1,0,0,0,0,0.18,0,0,0
Elusive Spellfist,17,117,96,12,21,263,1,1,0,1,2,1,2,1,0,0,0,0,0,0,0,1,0,0,1,0.15,0,0,0
Elves of Deep Shadow,20,75,109,12,20,236,1,2,-1,1,2,1,1,1,0,0,0,0,0,0,0,1,0,0,1,0.21,0,0,0
Elvish Berserker,16,105,54,13,24,212,1,1,0,1,2,1,1,1,0,0,0,0,0,0,0,1,0,0,1,0.15,0,0,0
Elvish Berserker,16,105,54,13,24,212,1,1,0,1,2,1,1,1,0,0,0,0,0,0,0,1,0,0,1,0.16,0,0,0
Elvish Branchbender,19,146,104,13,20,302,1,1,0,1,2,1,3,1,0,0,0,0,0,0,0,1,0,0,1,0.16,0,0,0
Elvish Eulogist,15,79,152,12,21,279,1,1,0,1,2,1,1,1,0,0,0,0,0,0,0,1,0,0,1,0.15,0,0,0
Elvish Handservant,18,89,84,14,22,227,1,1,0,1,2,1,1,1,0,0,0,0,0,0,0,1,0,0,1,0.15,0,0,0
Elvish Hexhunter,16,67,111,22,21,237,2,2,0,1,2,1,1,1,0,0,0,0,0,0,0,1,0,0,1,0.16,0,0,0
Elvish Mystic,13,31,96,11,20,171,1,1,0,1,2,1,1,1,0,0,0,0,0,0,0,1,0,0,1,0.16,0,0,0
Elvish Mystic,13,31,96,11,20,171,1,1,0,1,2,1,1,1,0,0,0,0,0,0,0,1,0,0,1,0.18,0,0,0
Elvish Pioneer,14,117,78,14,20,243,1,1,0,1,2,1,1,1,0,0,0,0,0,0,0,1,0,0,1,0.19,0,0,0
Elvish Skysweeper,17,66,126,10,22,241,1,1,0,1,2,1,1,1,0,0,0,0,0,0,0,1,0,0,1,0.15,0,0,0
Elvish Visionary,16,58,107,20,21,222,1,1,0,1,2,1,2,1,0,0,0,0,0,0,0,1,0,0,1,0.15,0,0,0
Elvish Visionary,16,58,107,20,21,222,1,1,0,1,2,1,2,1,0,0,0,0,0,0,0,1,0,0,1,0.16,0,0,0
Elvish Visionary,16,58,122,20,21,237,1,1,0,1,2,1,2,1,0,0,0,0,0,0,0,1,0,0,1,0.17,0,0,0
Elvish Visionary,16,58,122,20,21,237,1,1,0,1,2,1,2,1,0,0,0,0,0,0,0,1,0,0,1,0.19,0,0,0
Elvish Warrior,14,0,118,19,22,173,1,1,0,1,2,1,2,1,0,0,0,0,0,0,0,1,0,0,2,0.15,0,0,0
Elvish Warrior,14,0,177,10,22,223,1,1,0,1,2,1,2,1,0,0,0,0,0,0,0,1,0,0,2,0.15,0,0,0
Ember Beast,11,40,129,12,16,208,1,1,0,1,1,1,3,1,0,0,0,0,0,0,0,1,0,0,1,0.14,0,0,0
Ember Gale,10,138,110,14,7,279,1,1,0,1,0,1,4,1,0,0,0,0,1,0,0,0,0,0,1,0.15,0,0,0
Ember Weaver,12,140,110,14,17,293,1,1,0,1,1,1,3,1,0,0,0,0,0,0,0,1,0,0,1,0.15,0,0,0
Ember-Eye Wolf,14,58,43,15,15,145,1,1,0,1,1,1,2,1,0,0,0,0,0,0,0,1,0,0,1,0.14,0,0,0
Ember-Fist Zubera,17,124,102,11,24,278,1,1,0,1,2,1,2,1,0,0,0,0,0,0,0,1,0,0,1,0.17,0,0,0
Emberhorn Minotaur,18,173,71,12,27,301,1,1,0,1,2,1,4,1,0,0,0,0,0,0,0,1,0,0,1,0.14,0,0,0
Emberstrike Duo,15,163,0,14,35,227,2,2,0,1,3,1,2,1,0,0,0,0,0,0,0,1,0,0,1,0.15,0,0,0
Emberwilde Augur,16,124,76,17,24,257,1,1,0,1,2,1,2,1,0,0,0,0,0,0,0,1,0,0,1,0.15,0,0,0
Embodiment of Spring,20,150,109,14,20,313,1,2,-1,1,1,1,1,1,0,0,0,0,0,0,0,1,0,0,1,0.14,0,0,0
Embraal Gear-Smasher,20,81,56,13,24,194,1,1,0,1,2,1,3,1,0,0,0,0,0,0,0,1,0,0,1,0.1,0,0,0
Emerald Oryx,12,90,109,11,19,241,1,1,0,1,1,1,4,1,0,0,0,0,0,0,0,1,0,0,1,0.14,0,0,0
Emissary of the Sleepless,25,145,0,13,17,200,1,1,0,1,1,1,5,1,0,0,0,0,0,0,0,1,0,0,1,0.14,0,0,0
Empty the Warrens,17,125,118,10,7,277,1,1,0,1,0,1,4,1,0,0,0,0,1,0,0,0,0,0,1,0.37,0,0,0
Emrakul's Hatcher,17,168,40,11,24,260,1,1,0,1,2,1,5,1,0,0,0,0,0,0,0,1,0,0,1,0.18,0,0,0
Encampment Keeper,17,105,124,16,16,278,1,1,0,1,1,1,1,1,0,0,0,0,0,0,0,1,0,0,1,0.14,0,0,0
Enclave Elite,13,282,0,13,26,334,1,1,0,1,2,1,3,1,0,0,0,0,0,0,0,1,0,0,1,0.15,0,0,0
Encrust,7,145,62,11,18,243,1,1,0,1,1,1,3,1,0,0,0,0,0,1,0,0,0,0,2,0.14,0,0,0
Encrust,7,145,84,11,18,265,1,1,0,1,1,1,3,1,0,0,0,0,0,1,0,0,0,0,2,0.14,0,0,0
Enduring Victory,16,161,74,9,7,267,1,1,0,1,0,1,5,1,0,0,0,1,0,0,0,0,0,0,1,0.14,0,0,0
Enemy of the Guildpact,22,28,193,11,17,271,1,1,0,1,1,1,5,1,0,0,0,0,0,0,0,1,0,0,1,0.15,0,0,0
Enfeeblement,12,145,79,11,18,265,1,1,0,1,1,1,2,1,0,0,0,0,0,1,0,0,0,0,2,0.15,0,0,0
Enhanced Awareness,18,38,104,18,7,185,1,1,0,1,0,1,5,1,0,0,0,1,0,0,0,0,0,0,1,0.15,0,0,0
Enigma Eidolon,14,222,0,10,17,263,1,1,0,1,1,1,4,1,0,0,0,0,0,0,0,1,0,0,1,0.15,0,0,0
Enlightened Ascetic,19,84,91,12,19,225,1,1,0,1,2,1,2,1,0,0,0,0,0,0,0,1,0,0,1,0.15,0,0,0
Enlightened Maniac,18,101,46,11,16,192,1,1,0,1,1,1,4,1,0,0,0,0,0,0,0,1,0,0,1,0.14,0,0,0
Enshrouding Mist,16,129,110,11,7,273,1,1,0,1,0,1,1,1,0,0,0,1,0,0,0,0,0,0,1,0.14,0,0,0
Entangling Vines,16,92,81,14,18,221,1,1,0,1,1,1,4,1,0,0,0,0,0,1,0,0,0,0,1,0.15,0,0,0
Entropic Eidolon,16,186,0,14,17,233,1,1,0,1,1,1,4,1,0,0,0,0,0,0,0,1,0,0,1,0.15,0,0,0
Ephara's Radiance,17,71,65,11,18,182,1,1,0,1,1,1,1,1,0,0,0,0,0,1,0,0,0,0,1,0.15,0,0,0
Ephara's Warden,15,46,107,11,23,202,1,1,0,1,2,1,4,1,0,0,0,0,0,0,0,1,0,0,1,0.14,0,0,0
Ephemeral Shields,17,262,0,15,7,301,1,1,0,1,0,1,2,1,0,0,0,1,0,0,0,0,0,0,1,0.14,0,0,0
Epic Confrontation,18,155,49,14,7,243,1,1,0,1,0,1,2,1,0,0,0,0,1,0,0,0,0,0,1,0.15,0,0,0
Epiphany Storm,14,80,111,13,18,236,1,1,0,1,1,1,1,1,0,0,0,0,0,1,0,0,0,0,1,0.14,0,0,0
Equestrian Skill,16,105,133,12,18,284,1,1,0,1,1,1,4,1,0,0,0,0,0,1,0,0,0,0,1,0.14,0,0,0
Erase,5,25,139,14,7,190,1,1,0,1,0,1,1,1,0,0,0,1,0,0,0,0,0,0,1,0.14,0,0,0
Erase,5,25,124,11,7,172,1,1,0,1,0,1,1,1,0,0,0,1,0,0,0,0,0,0,1,0.14,0,0,0
Erdwal Ripper,13,88,102,10,18,231,1,1,0,1,1,1,3,1,0,0,0,0,0,0,0,1,0,0,2,0.14,0,0,0
Errant Doomsayers,17,50,130,12,22,231,1,1,0,1,2,1,2,1,0,0,0,0,0,0,0,1,0,0,1,0.15,0,0,0
Errant Ephemeron,16,265,0,12,19,312,1,1,0,1,1,1,7,1,0,0,0,0,0,0,0,1,0,0,1,0.15,0,0,0
Erratic Mutation,16,262,0,29,7,314,1,1,0,1,0,1,3,1,0,0,0,1,0,0,0,0,0,0,1,0.15,0,0,0
Esper Cormorants,16,6,133,11,24,190,2,2,0,2,1,1,4,1,0,0,0,0,0,0,1,1,0,0,2,0.15,0,0,0
Esper Panorama,14,196,67,15,4,296,0,0,0,1,0,1,0,1,0,0,0,0,0,0,0,0,1,0,0,0.24,0,0,0
Esper Sojourners,16,139,69,9,35,268,3,3,0,2,2,1,3,1,0,0,0,0,0,0,1,1,0,0,3,0.15,0,0,0
Esper Stormblade,16,98,72,12,35,233,3,3,0,2,2,1,2,1,0,0,0,0,0,0,1,1,0,0,2,0.17,0,0,0
Essence Backlash,16,107,115,9,7,254,2,2,0,1,0,1,4,1,0,0,0,1,0,0,0,0,0,0,2,0.15,0,0,0
Essence Drain,13,78,73,13,7,184,1,1,0,1,0,1,5,1,0,0,0,0,1,0,0,0,0,0,1,0.14,0,0,0
Essence Drain,13,78,96,10,7,204,1,1,0,1,0,1,5,1,0,0,0,0,1,0,0,0,0,0,1,0.14,0,0,0
Essence Drain,13,78,155,10,7,263,1,1,0,1,0,1,5,1,0,0,0,0,1,0,0,0,0,0,1,0.15,0,0,0
Essence Feed,12,169,42,7,7,237,1,1,0,1,0,1,6,1,0,0,0,0,1,0,0,0,0,0,1,0.15,0,0,0
Essence Harvest,15,106,127,7,7,262,1,1,0,1,0,1,3,1,0,0,0,0,1,0,0,0,0,0,1,0.17,0,0,0
Essence Scatter,15,30,84,10,7,146,1,1,0,1,0,1,2,1,0,0,0,1,0,0,0,0,0,0,1,0.15,0,0,0
Essence Scatter,15,30,84,10,7,146,1,1,0,1,0,1,2,1,0,0,0,1,0,0,0,0,0,0,1,0.15,0,0,0
Essence Scatter,15,30,119,9,7,180,1,1,0,1,0,1,2,1,0,0,0,1,0,0,0,0,0,0,1,0.15,0,0,0
Essence Scatter,15,30,140,10,7,202,1,1,0,1,0,1,2,1,0,0,0,1,0,0,0,0,0,0,1,0.16,0,0,0
Essence Warden,14,66,133,14,21,248,1,1,0,1,2,1,1,1,0,0,0,0,0,0,0,1,0,0,1,1.16,1,0,0
Eternal Thirst,14,233,0,13,18,278,1,1,0,1,1,1,2,1,0,0,0,0,0,1,0,0,0,0,1,0.15,0,0,0
Eternity Snare,14,142,0,11,18,185,1,1,0,1,1,1,6,1,0,0,0,0,0,1,0,0,0,0,1,0.15,0,0,0
Ethercaste Knight,17,100,83,15,32,247,2,2,0,2,2,1,2,1,0,0,0,0,0,0,1,1,0,0,2,0.17,0,0,0
Ethereal Ambush,15,190,69,13,7,294,2,2,0,1,0,1,5,1,0,0,0,1,0,0,0,0,0,0,2,0.15,0,0,0
Ethereal Armor,14,101,60,7,18,200,1,1,0,1,1,1,1,1,0,0,0,0,0,1,0,0,0,0,1,0.25,0,0,0
Ethereal Guidance,17,50,99,9,7,182,1,1,0,1,0,1,3,1,0,0,0,0,1,0,0,0,0,0,1,0.14,0,0,0
Ethereal Haze,13,62,139,15,16,245,1,1,0,1,1,1,1,1,0,0,0,1,0,0,0,0,0,0,1,0.68,0,0,0
Etherium Abomination,20,215,63,11,26,335,2,2,0,2,1,1,5,1,0,0,0,0,0,0,1,1,0,0,2,0.15,0,0,0
Etherium Sculptor,17,47,99,15,38,216,1,1,0,2,2,1,2,1,0,0,0,0,0,0,1,1,0,0,1,0.42,0,0,0
Ethersworn Shieldmage,21,128,117,7,35,308,2,2,0,2,2,1,3,1,0,0,0,0,0,0,1,1,0,0,2,0.16,0,0,0
Evanescent Intellect,20,142,56,9,18,245,1,1,0,1,1,1,1,1,0,0,0,0,0,1,0,0,0,0,1,0.14,0,0,0
Everbark Shaman,15,163,56,16,26,276,1,1,0,1,2,1,5,1,0,0,0,0,0,0,0,1,0,0,1,0.15,0,0,0
Evil Presence,13,39,126,10,18,206,1,1,0,1,1,1,1,1,0,0,0,0,0,1,0,0,0,0,1,0.14,0,0,0
Evolution Charm,15,232,0,9,7,263,1,1,0,1,0,1,2,1,0,0,0,1,0,0,0,0,0,0,1,0.18,0,0,0
Evolving Wilds,14,139,96,15,4,268,0,0,0,1,0,1,0,1,0,0,0,0,0,0,0,0,1,0,0,0.15,0,0,0
Evolving Wilds,14,139,96,15,4,268,0,0,0,1,0,1,0,1,0,0,0,0,0,0,0,0,1,0,0,0.15,0,0,0
Evolving Wilds,14,139,96,15,4,268,0,0,0,1,0,1,0,1,0,0,0,0,0,0,0,0,1,0,0,0.15,0,0,0
Evolving Wilds,14,139,143,14,4,314,0,0,0,1,0,1,0,1,0,0,0,0,0,0,0,0,1,0,0,0.15,0,0,0
Evolving Wilds,14,139,56,4,4,217,0,0,0,1,0,1,0,1,0,0,0,0,0,0,0,0,1,0,0,0.16,0,0,0
Evolving Wilds,14,139,87,15,4,259,0,0,0,1,0,1,0,1,0,0,0,0,0,0,0,0,1,0,0,0.17,0,0,0
Evolving Wilds,14,139,128,12,4,297,0,0,0,1,0,1,0,1,0,0,0,0,0,0,0,0,1,0,0,0.18,0,0,0
Evolving Wilds,14,139,61,13,4,231,0,0,0,1,0,1,0,1,0,0,0,0,0,0,0,0,1,0,0,0.18,0,0,0
Excommunicate,13,50,140,12,7,222,1,1,0,1,0,1,3,1,0,0,0,0,1,0,0,0,0,0,1,0.14,0,0,0
Excommunicate,13,50,140,12,7,222,1,1,0,1,0,1,3,1,0,0,0,0,1,0,0,0,0,0,1,0.14,0,0,0
Excommunicate,13,50,147,12,7,229,1,1,0,1,0,1,3,1,0,0,0,0,1,0,0,0,0,0,1,0.16,0,0,0
Excoriate,9,29,93,12,7,150,1,1,0,1,0,1,4,1,0,0,0,0,1,0,0,0,0,0,1,0.15,0,0,0
Executioner's Capsule,21,79,130,11,8,249,1,1,0,1,0,1,1,1,0,0,0,0,0,0,1,0,0,0,1,0.17,0,0,0
Executioner's Hood,18,221,0,15,20,274,0,0,0,1,1,1,2,1,0,0,0,0,0,0,1,0,0,0,0,0.14,0,0,0
Executioner's Swing,19,73,106,13,7,218,2,2,0,1,0,1,2,1,0,0,0,1,0,0,0,0,0,0,2,0.14,0,0,0
Exiled Boggart,14,41,165,12,23,255,1,1,0,1,2,1,2,1,0,0,0,0,0,0,0,1,0,0,1,0.15,0,0,0
Expedite,8,59,29,13,7,116,1,1,0,1,0,1,1,1,0,0,0,1,0,0,0,0,0,0,1,0.14,0,0,0
Expedition Map,14,137,117,15,8,291,0,0,0,1,0,1,1,1,0,0,0,0,0,0,1,0,0,0,0,2.99,1,0,0
Expedition Raptor,17,131,0,12,15,175,1,1,0,1,1,1,5,1,0,0,0,0,0,0,0,1,0,0,2,0.12,0,0,0
Exploding Borders,17,239,42,29,7,334,2,2,0,1,0,1,4,1,0,0,0,0,1,0,0,0,0,0,2,0.16,0,0,0
Explore,7,55,59,9,7,137,1,1,0,1,0,1,2,1,0,0,0,0,1,0,0,0,0,0,1,0.3,0,0,0
Explorer's Scope,16,219,0,13,20,268,0,0,0,1,1,1,1,1,0,0,0,0,0,0,1,0,0,0,0,0.16,0,0,0
Explosive Apparatus,19,105,146,12,8,290,0,0,0,1,0,1,1,1,0,0,0,0,0,0,1,0,0,0,0,0.14,0,0,0
Explosive Impact,16,61,73,12,7,169,1,1,0,1,0,1,6,1,0,0,0,1,0,0,0,0,0,0,1,0.14,0,0,0
Expose Evil,11,135,49,13,7,215,1,1,0,1,0,1,2,1,0,0,0,1,0,0,0,0,0,0,1,0.13,0,0,0
Exultant Cultist,16,40,104,13,23,196,1,1,0,1,2,1,3,1,0,0,0,0,0,0,0,1,0,0,1,0.13,0,0,0
Eye Gouge,9,76,39,14,7,145,1,1,0,1,0,1,1,1,0,0,0,1,0,0,0,0,0,0,1,0.14,0,0,0
Eye of Nowhere,14,44,118,12,16,204,1,1,0,1,1,1,2,1,0,0,0,0,1,0,0,0,0,0,2,0.17,0,0,0
Eyeblight Assassin,18,114,76,9,23,240,1,1,0,1,2,1,3,1,0,0,0,0,0,0,0,1,0,0,1,0.14,0,0,0
Eyeblight's Ending,18,32,141,10,20,221,1,1,0,2,1,1,3,1,0,0,0,1,0,0,0,0,0,0,1,0.15,0,0,0
Eyeless Watcher,15,197,70,15,24,321,0,1,-1,1,2,1,4,1,0,0,0,0,0,0,0,1,0,0,1,0.14,0,0,0
Eyes in the Skies,17,130,99,11,7,264,1,1,0,1,0,1,4,1,0,0,0,1,0,0,0,0,0,0,1,0.15,0,0,0
Ezuri's Archers,15,156,0,10,21,202,1,1,0,1,2,1,1,1,0,0,0,0,0,0,0,1,0,0,1,0.16,0,0,0
Fa'adiyah Seer,14,68,76,14,23,195,1,1,0,1,2,1,2,1,0,0,0,0,0,0,0,1,0,0,1,0.15,0,0,0
Facevaulter,11,66,111,14,25,227,1,1,0,1,2,1,1,1,0,0,0,0,0,0,0,1,0,0,1,0.15,0,0,0
Fade into Antiquity,19,37,130,12,7,205,1,1,0,1,0,1,3,1,0,0,0,0,1,0,0,0,0,0,1,0.13,0,0,0
Faerie Invaders,15,74,107,13,23,232,1,1,0,1,2,1,5,1,0,0,0,0,0,0,0,1,0,0,1,0.13,0,0,0
Faerie Macabre,14,76,110,7,23,230,1,1,0,1,2,1,3,1,0,0,0,0,0,0,0,1,0,0,2,0.39,0,0,0
Faerie Mechanist,16,229,0,12,36,293,1,1,0,2,2,1,4,1,0,0,0,0,0,0,1,1,0,0,1,0.15,0,0,0
Faerie Miscreant,16,196,61,15,23,311,1,1,0,1,2,1,1,1,0,0,0,0,0,0,0,1,0,0,1,0.24,0,0,0
Faerie Trickery,15,128,107,14,23,287,1,1,0,2,1,1,3,1,0,0,0,1,0,0,0,0,0,0,2,0.25,0,0,0
Failed Inspection,17,55,80,12,7,171,1,1,0,1,0,1,4,1,0,0,0,1,0,0,0,0,0,0,2,0.1,0,0,0
Faithbearer Paladin,19,80,128,12,23,262,1,1,0,1,2,1,5,1,0,0,0,0,0,0,0,1,0,0,1,0.13,0,0,0
Faithless Looting,17,140,72,14,7,250,1,1,0,1,0,1,1,1,0,0,0,0,1,0,0,0,0,0,1,0.49,0,0,0
Faith's Fetters,15,235,0,6,18,274,1,1,0,1,1,1,4,1,0,0,0,0,0,1,0,0,0,0,1,0.18,0,0,0
Falkenrath Reaver,17,0,242,7,18,284,1,1,0,1,1,1,2,1,0,0,0,0,0,0,0,1,0,0,1,0.14,0,0,0
Falkenrath Torturer,19,157,105,12,18,311,1,1,0,1,1,1,3,1,0,0,0,0,0,0,0,1,0,0,1,0.14,0,0,0
Fall of the Hammer,18,87,110,13,7,235,1,1,0,1,0,1,2,1,0,0,0,1,0,0,0,0,0,0,1,0.14,0,0,0
Fan Bearer,10,30,44,15,17,116,1,1,0,1,1,1,1,1,0,0,0,0,0,0,0,1,0,0,1,0.14,0,0,0
Fang Skulkin,12,120,105,9,29,275,0,0,0,2,1,1,2,1,0,0,0,0,0,0,1,1,0,0,0,0.15,0,0,0
Fangren Hunter,14,7,88,13,16,138,1,1,0,1,1,1,5,1,0,0,0,0,0,0,0,1,0,0,2,0.15,0,0,0
Fangren Marauder,16,87,106,11,16,236,1,1,0,1,1,1,6,1,0,0,0,0,0,0,0,1,0,0,1,0.15,0,0,0
Farbog Explorer,15,88,64,10,22,199,1,1,0,1,2,1,3,1,0,0,0,0,0,0,0,1,0,0,1,0.14,0,0,0
Farbog Revenant,15,152,89,7,17,280,1,1,0,1,1,1,3,1,0,0,0,0,0,0,0,1,0,0,1,0.14,0,0,0
Farhaven Elf,12,164,63,17,20,276,1,1,0,1,2,1,3,1,0,0,0,0,0,0,0,1,0,0,1,0.75,0,0,0
Farseek,7,132,138,17,7,301,1,1,0,1,0,1,2,1,0,0,0,0,1,0,0,0,0,0,1,0.2,0,0,0
Farseek,7,132,138,17,7,301,1,1,0,1,0,1,2,1,0,0,0,0,1,0,0,0,0,0,1,0.21,0,0,0
Fatal Attraction,16,191,0,29,18,254,1,1,0,1,1,1,3,1,0,0,0,0,0,1,0,0,0,0,1,0.15,0,0,0
Fatal Fumes,11,45,122,10,7,195,1,1,0,1,0,1,4,1,0,0,0,1,0,0,0,0,0,0,1,0.14,0,0,0
Fate Foretold,13,131,92,9,18,263,1,1,0,1,1,1,2,1,0,0,0,0,0,1,0,0,0,0,1,0.14,0,0,0
Fate Forgotten,14,37,161,12,7,231,1,1,0,1,0,1,3,1,0,0,0,1,0,0,0,0,0,0,1,0.14,0,0,0
Fate Transfer,13,68,186,13,7,287,2,2,0,1,0,1,2,1,0,0,0,1,0,0,0,0,0,0,1,0.19,0,0,0
Fathom Fleet Cutthroat,22,129,72,12,23,258,1,1,0,1,2,1,4,1,0,0,0,0,0,0,0,1,0,0,1,0.14,0,0,0
Fathom Fleet Firebrand,22,60,82,11,23,198,1,1,0,1,2,1,2,1,0,0,0,0,0,0,0,1,0,0,1,0.14,0,0,0
Fathom Seer,11,218,0,13,19,261,1,1,0,1,1,1,2,1,0,0,0,0,0,0,0,1,0,0,1,0.15,0,0,0
Faultgrinder,12,188,0,17,20,237,1,1,0,1,1,1,7,1,0,0,0,0,0,0,0,1,0,0,1,0.15,0,0,0
Favor of the Overbeing,22,158,71,6,18,275,2,2,0,1,1,1,2,1,0,0,0,0,0,1,0,0,0,0,1,0.19,0,0,0
Favor of the Woods,18,69,91,16,18,212,1,1,0,1,1,1,3,1,0,0,0,0,0,1,0,0,0,0,1,0.13,0,0,0
Fear,4,218,57,8,18,305,1,1,0,1,1,1,2,1,0,0,0,0,0,1,0,0,0,0,2,0.14,0,0,0
Fear,4,218,116,8,18,364,1,1,0,1,1,1,2,1,0,0,0,0,0,1,0,0,0,0,2,0.15,0,0,0
Fear,4,218,69,8,18,317,1,1,0,1,1,1,2,1,0,0,0,0,0,1,0,0,0,0,2,0.16,0,0,0
Fearsome Temper,15,117,114,12,18,276,1,1,0,1,1,1,3,1,0,0,0,0,0,1,0,0,0,0,1,0.14,0,0,0
Feast of Dreams,15,58,83,13,7,176,1,1,0,1,0,1,2,1,0,0,0,1,0,0,0,0,0,0,1,0.15,0,0,0
Feast of Flesh,14,147,90,11,7,269,1,1,0,1,0,1,1,1,0,0,0,0,1,0,0,0,0,0,1,0.15,0,0,0
Feat of Resistance,18,120,78,13,7,236,1,1,0,1,0,1,2,1,0,0,0,1,0,0,0,0,0,0,1,0.15,0,0,0
Feebleness,10,115,91,10,18,244,1,1,0,1,1,1,2,1,0,0,0,0,0,1,0,0,0,0,1,0.15,0,0,0
Feed the Clan,13,104,105,13,7,242,1,1,0,1,0,1,2,1,0,0,0,1,0,0,0,0,0,0,1,0.16,0,0,0
Feeling of Dread,16,132,77,11,7,243,1,2,-1,1,0,1,2,1,0,0,0,1,0,0,0,0,0,0,1,0.15,0,0,0
Felhide Brawler,15,64,154,9,19,261,1,1,0,1,1,1,2,1,0,0,0,0,0,0,0,1,0,0,1,0.14,0,0,0
Felhide Minotaur,16,0,231,10,19,276,1,1,0,1,1,1,3,1,0,0,0,0,0,0,0,1,0,0,1,0.05,0,0,0
Felidar Cub,11,50,99,14,20,194,1,1,0,1,2,1,2,1,0,0,0,0,0,0,0,1,0,0,1,0.14,0,0,0
Fen Hauler,10,183,69,19,17,298,1,1,0,1,1,1,7,1,0,0,0,0,0,0,0,1,0,0,1,0.11,0,0,0
Fencer Clique,13,60,85,16,25,199,1,1,0,1,2,1,4,1,0,0,0,0,0,0,0,1,0,0,2,0.15,0,0,0
Fencer's Magemark,17,90,90,17,18,232,1,1,0,1,1,1,3,1,0,0,0,0,0,1,0,0,0,0,1,0.15,0,0,0
Feral Contest,13,104,47,7,7,178,1,1,0,1,0,1,4,1,0,0,0,0,1,0,0,0,0,0,1,0.14,0,0,0
Feral Deceiver,14,211,0,10,17,252,1,1,0,1,1,1,4,1,0,0,0,0,0,0,0,1,0,0,1,0.15,0,0,0
Feral Invocation,16,115,86,15,18,250,1,1,0,1,1,1,3,1,0,0,0,0,0,1,0,0,0,0,1,0.14,0,0,0
Feral Krushok,13,0,239,10,16,278,1,1,0,1,1,1,5,1,0,0,0,0,0,0,0,1,0,0,1,0.14,0,0,0
Feral Prowler,13,37,68,11,14,143,1,1,0,1,1,1,2,1,0,0,0,0,0,0,0,1,0,0,1,0.14,0,0,0
Feral Ridgewolf,15,61,126,17,15,234,1,1,0,1,1,1,3,1,0,0,0,0,0,0,0,1,0,0,1,0.14,0,0,0
Ferocious Charge,16,190,0,17,7,230,1,1,0,1,0,1,3,1,0,0,0,1,0,0,0,0,0,0,1,0.15,0,0,0
Ferrovore,9,67,111,10,16,213,1,1,0,1,1,1,3,1,0,0,0,0,0,0,0,1,0,0,1,0.13,0,0,0
Fertile Ground,14,167,110,14,18,323,1,1,0,1,1,1,2,1,0,0,0,0,0,1,0,0,0,0,1,0.2,0,0,0
Fertile Ground,14,167,59,10,18,268,1,1,0,1,1,1,2,1,0,0,0,0,0,1,0,0,0,0,1,0.21,0,0,0
Fertile Thicket,15,319,0,13,4,351,0,1,-1,1,0,1,0,1,0,0,0,0,0,0,0,0,1,0,0,0.14,0,0,0
Fertilid,8,259,0,14,20,301,1,1,0,1,1,1,3,1,0,0,0,0,0,0,0,1,0,0,1,0.22,0,0,0
Fervent Cathar,14,88,75,15,23,215,1,1,0,1,2,1,3,1,0,0,0,0,0,0,0,1,0,0,1,0.14,0,0,0
Festercreep,11,160,62,11,20,264,1,1,0,1,1,1,2,1,0,0,0,0,0,0,0,1,0,0,1,0.15,0,0,0
Festergloom,11,47,60,15,7,140,1,1,0,1,0,1,3,1,0,0,0,0,1,0,0,0,0,0,1,0.14,0,0,0
Festerhide Boar,15,115,109,9,15,263,1,1,0,1,1,1,4,1,0,0,0,0,0,0,0,1,0,0,1,0.14,0,0,0
Festering Goblin,16,73,74,14,24,201,1,1,0,1,2,1,1,1,0,0,0,0,0,0,0,1,0,0,1,0.16,0,0,0
Festering Goblin,16,73,74,14,24,201,1,1,0,1,2,1,1,1,0,0,0,0,0,0,0,1,0,0,1,0.17,0,0,0
Festering Mummy,15,74,62,19,17,187,1,1,0,1,1,1,1,1,0,0,0,0,0,0,0,1,0,0,1,0.15,0,0,0
Festering Newt,14,172,69,14,21,290,1,1,0,1,1,1,1,1,0,0,0,0,0,0,0,1,0,0,1,0.15,0,0,0
Fetid Imp,9,203,0,9,14,235,1,1,0,1,1,1,2,1,0,0,0,0,0,0,0,1,0,0,1,0.14,0,0,0
Fiddlehead Kami,15,71,119,12,17,234,1,1,0,1,1,1,5,1,0,0,0,0,0,0,0,1,0,0,1,0.15,0,0,0
Field Creeper,13,0,145,15,29,202,0,0,0,2,1,1,2,1,0,0,0,0,0,0,1,1,0,0,0,0.14,0,0,0
Field of Reality,16,117,166,16,18,333,1,1,0,1,1,1,3,1,0,0,0,0,0,1,0,0,0,0,1,0.15,0,0,0
Fieldmist Borderpost,20,212,0,16,8,256,2,2,0,1,0,1,3,1,0,0,0,0,0,0,1,0,0,0,2,0.24,0,0,0
Fiend Binder,12,77,137,13,24,263,1,1,0,1,2,1,4,1,0,0,0,0,0,0,0,1,0,0,1,0.14,0,0,0
Fierce Invocation,17,220,39,14,7,297,1,1,0,1,0,1,5,1,0,0,0,0,1,0,0,0,0,0,1,0.14,0,0,0
Fiery Conclusion,16,121,128,13,7,285,1,1,0,1,0,1,2,1,0,0,0,1,0,0,0,0,0,0,1,0.15,0,0,0
Fiery Fall,10,207,30,7,7,261,1,1,0,1,0,1,6,1,0,0,0,1,0,0,0,0,0,0,1,0.15,0,0,0
Fiery Hellhound,15,50,122,11,26,224,1,1,0,1,2,1,3,1,0,0,0,0,0,0,0,1,0,0,2,0.14,0,0,0
Fiery Hellhound,15,50,139,11,26,241,1,1,0,1,2,1,3,1,0,0,0,0,0,0,0,1,0,0,2,0.14,0,0,0
Fiery Hellhound,15,50,75,11,26,177,1,1,0,1,2,1,3,1,0,0,0,0,0,0,0,1,0,0,2,0.14,0,0,0
Fiery Hellhound,15,50,139,11,26,241,1,1,0,1,2,1,3,1,0,0,0,0,0,0,0,1,0,0,2,0.38,0,0,0
Fiery Impulse,13,192,29,7,7,248,1,1,0,1,0,1,1,1,0,0,0,1,0,0,0,0,0,0,1,0.25,0,0,0
Fiery Temper,12,193,36,13,7,261,1,1,0,1,0,1,3,1,0,0,0,1,0,0,0,0,0,0,2,0.24,0,0,0
Filigree Crawler,16,95,103,11,26,251,0,0,0,2,1,1,4,1,0,0,0,0,0,0,1,1,0,0,0,0.11,0,0,0
Fill with Fright,16,178,0,12,7,213,1,1,0,1,0,1,4,1,0,0,0,0,1,0,0,0,0,0,1,0.14,0,0,0
Final Reward,12,22,130,19,7,190,1,1,0,1,0,1,5,1,0,0,0,1,0,0,0,0,0,0,1,0.11,0,0,0
Final-Sting Faerie,18,111,63,14,26,232,1,1,0,1,2,1,4,1,0,0,0,0,0,0,0,1,0,0,1,0.15,0,0,0
Fire at Will,12,114,98,12,7,243,2,2,0,1,0,1,3,1,0,0,0,1,0,0,0,0,0,0,3,0.15,0,0,0
Fire Elemental,14,0,134,15,20,183,1,1,0,1,1,1,5,1,0,0,0,0,0,0,0,1,0,0,2,0.14,0,0,0
Fire Juggler,12,308,0,14,24,358,1,1,0,1,2,1,3,1,0,0,0,0,0,0,0,1,0,0,1,0.15,0,0,0
Fire Shrine Keeper,18,106,79,12,20,235,1,1,0,1,1,1,1,1,0,0,0,0,0,0,0,1,0,0,1,0.13,0,0,0
Fire-Belly Changeling,21,155,62,14,23,275,1,1,0,1,1,1,2,1,0,0,0,0,0,0,0,1,0,0,1,0.15,0,0,0
Firebrand Archer,16,88,52,11,23,190,1,1,0,1,2,1,2,1,0,0,0,0,0,0,0,1,0,0,1,0.16,0,0,0
Firebreathing,13,70,74,14,18,189,1,1,0,1,1,1,1,1,0,0,0,0,0,1,0,0,0,0,1,0.14,0,0,0
Firebreathing,13,70,156,14,18,271,1,1,0,1,1,1,1,1,0,0,0,0,0,1,0,0,0,0,1,0.15,0,0,0
Firebreathing,13,70,74,14,18,189,1,1,0,1,1,1,1,1,0,0,0,0,0,1,0,0,0,0,1,0.15,0,0,0
Firebreathing,13,70,0,9,18,110,1,1,0,1,1,1,1,1,0,0,0,0,0,1,0,0,0,0,1,0.16,0,0,0
Firecannon Blast,16,158,75,15,7,271,1,1,0,1,0,1,3,1,0,0,0,0,1,0,0,0,0,0,2,0.14,0,0,0
Firefiend Elemental,19,216,0,19,20,274,1,1,0,1,1,1,4,1,0,0,0,0,0,0,0,1,0,0,1,0.14,0,0,0
Fireforger's Puzzleknot,23,191,0,11,8,233,0,1,-1,1,0,1,2,1,0,0,0,0,0,0,1,0,0,0,0,0.1,0,0,0
Firefright Mage,15,122,115,12,29,293,1,1,0,1,2,1,1,1,0,0,0,0,0,0,0,1,0,0,1,0.15,0,0,0
Firehoof Cavalry,16,72,114,7,26,235,1,2,-1,1,2,1,1,1,0,0,0,0,0,0,0,1,0,0,1,0.13,0,0,0
Fires of Undeath,16,162,64,10,7,259,1,2,-1,1,0,1,3,1,0,0,0,1,0,0,0,0,0,0,1,0.13,0,0,0
Firewild Borderpost,19,210,0,23,8,260,2,2,0,1,0,1,3,1,0,0,0,0,0,0,1,0,0,0,2,0.23,0,0,0
First Volley,12,90,145,10,16,273,1,1,0,1,1,1,2,1,0,0,0,1,0,0,0,0,0,0,1,0.15,0,0,0
Fishliver Oil,13,219,0,13,18,263,1,1,0,1,1,1,2,1,0,0,0,0,0,1,0,0,0,0,1,0.16,0,0,0
Fissure Vent,12,79,138,13,7,249,1,1,0,1,0,1,5,1,0,0,0,0,1,0,0,0,0,0,2,0.15,0,0,0
Fistful of Force,16,333,0,13,7,369,1,1,0,1,0,1,2,1,0,0,0,1,0,0,0,0,0,0,1,0.15,0,0,0
Fists of Ironwood,17,143,61,10,18,249,1,1,0,1,1,1,2,1,0,0,0,0,0,1,0,0,0,0,1,0.18,0,0,0
Fists of the Anvil,18,45,79,12,7,161,1,1,0,1,0,1,2,1,0,0,0,1,0,0,0,0,0,0,1,0.15,0,0,0
Fists of the Anvil,18,45,79,12,7,161,1,1,0,1,0,1,2,1,0,0,0,1,0,0,0,0,0,0,1,0.16,0,0,0
Fists of the Demigod,20,222,0,9,18,269,2,2,0,1,1,1,2,1,0,0,0,0,0,1,0,0,0,0,1,0.22,0,0,0
Flame Jab,9,172,45,7,7,240,1,1,0,1,0,1,1,1,0,0,0,0,1,0,0,0,0,0,1,0.16,0,0,0
Flame Lash,10,55,26,12,7,110,1,1,0,1,0,1,4,1,0,0,0,1,0,0,0,0,0,0,1,0.45,0,0,0
Flame Slash,11,46,105,16,7,185,1,1,0,1,0,1,1,1,0,0,0,0,1,0,0,0,0,0,1,0.25,0,0,0
Flameborn Hellion,17,52,99,14,18,200,1,1,0,1,1,1,6,1,0,0,0,0,0,0,0,1,0,0,1,0.13,0,0,0
Flameborn Viron,15,0,71,15,17,118,1,1,0,1,1,1,6,1,0,0,0,0,0,0,0,1,0,0,2,0.14,0,0,0
Flamecore Elemental,19,165,58,11,20,273,1,1,0,1,1,1,4,1,0,0,0,0,0,0,0,1,0,0,2,0.15,0,0,0
Flamekin Brawler,16,51,35,11,28,141,1,1,0,1,2,1,1,1,0,0,0,0,0,0,0,1,0,0,1,0.15,0,0,0
Flamespeaker's Will,19,195,0,16,18,248,1,1,0,1,1,1,1,1,0,0,0,0,0,1,0,0,0,0,1,0.15,0,0,0
Flash Counter,13,29,31,12,7,92,1,1,0,1,0,1,2,1,0,0,0,1,0,0,0,0,0,0,1,0.15,0,0,0
Flatten,7,45,148,12,7,219,1,1,0,1,0,1,4,1,0,0,0,1,0,0,0,0,0,0,1,0.14,0,0,0
Flayer Husk,11,163,0,13,20,207,0,0,0,1,1,1,1,1,0,0,0,0,0,0,1,0,0,0,0,0.15,0,0,0
Fledgling Griffin,17,119,112,19,18,285,1,1,0,1,1,1,2,1,0,0,0,0,0,0,0,1,0,0,1,0.15,0,0,0
Fleetfeather Sandals,20,120,105,14,20,279,0,0,0,1,1,1,2,1,0,0,0,0,0,0,1,0,0,0,0,0.15,0,0,0
Fleeting Distraction,20,58,113,8,7,206,1,1,0,1,0,1,1,1,0,0,0,1,0,0,0,0,0,0,1,0.13,0,0,0
Fleeting Distraction,20,58,130,13,7,228,1,1,0,1,0,1,1,1,0,0,0,1,0,0,0,0,0,0,1,0.15,0,0,0
Flensermite,11,206,0,11,18,246,1,1,0,1,1,1,2,1,0,0,0,0,0,0,0,1,0,0,1,0.15,0,0,0
Flesh to Dust,13,49,46,12,7,127,1,1,0,1,0,1,5,1,0,0,0,1,0,0,0,0,0,0,2,0.13,0,0,0
Flesh to Dust,13,49,100,12,7,181,1,1,0,1,0,1,5,1,0,0,0,1,0,0,0,0,0,0,2,0.19,0,0,0
Fleshgrafter,12,68,107,10,24,221,1,1,0,1,2,1,3,1,0,0,0,0,0,0,0,1,0,0,1,0.14,0,0,0
Fleshmad Steed,14,51,65,14,16,160,1,1,0,1,1,1,2,1,0,0,0,0,0,0,0,1,0,0,1,0.13,0,0,0
Flickering Spirit,17,100,100,22,17,256,1,1,0,1,1,1,4,1,0,0,0,0,0,0,0,1,0,0,1,0.15,0,0,0
Flight,6,47,108,8,18,187,1,1,0,1,1,1,1,1,0,0,0,0,0,1,0,0,0,0,1,0.14,0,0,0
Flight,6,47,0,12,18,83,1,1,0,1,1,1,1,1,0,0,0,0,0,1,0,0,0,0,1,0.15,0,0,0
Flight,6,47,0,12,18,83,1,1,0,1,1,1,1,1,0,0,0,0,0,1,0,0,0,0,1,0.15,0,0,0
Flight of Fancy,15,108,58,10,18,209,1,1,0,1,1,1,4,1,0,0,0,0,0,1,0,0,0,0,1,0.15,0,0,0
Flight Spellbomb,16,189,0,15,8,228,0,1,-1,1,0,1,1,1,0,0,0,0,0,0,1,0,0,0,0,0.14,0,0,0
Fling,5,148,77,4,7,241,1,1,0,1,0,1,2,1,0,0,0,1,0,0,0,0,0,0,1,0.14,0,0,0
Fling,5,148,84,13,7,257,1,1,0,1,0,1,2,1,0,0,0,1,0,0,0,0,0,0,1,0.15,0,0,0
Fling,5,148,39,14,7,213,1,1,0,1,0,1,2,1,0,0,0,1,0,0,0,0,0,0,1,0.15,0,0,0
Fling,5,148,51,13,7,224,1,1,0,1,0,1,2,1,0,0,0,1,0,0,0,0,0,0,1,0.16,0,0,0
Floating-Dream Zubera,21,81,105,10,24,241,1,1,0,1,2,1,2,1,0,0,0,0,0,0,0,1,0,0,1,0.18,0,0,0
Floodbringer,12,75,129,6,26,248,1,1,0,1,2,1,2,1,0,0,0,0,0,0,0,1,0,0,1,0.16,0,0,0
Floodchaser,11,229,0,12,20,272,1,1,0,1,1,1,6,1,0,0,0,0,0,0,0,1,0,0,1,0.15,0,0,0
Floodtide Serpent,17,143,124,15,18,317,1,1,0,1,1,1,5,1,0,0,0,0,0,0,0,1,0,0,1,0.15,0,0,0
Floodwaters,11,108,133,9,7,268,1,1,0,1,0,1,6,1,0,0,0,0,1,0,0,0,0,0,2,0.12,0,0,0
Flowering Lumberknot,20,92,109,9,19,249,1,1,0,1,1,1,4,1,0,0,0,0,0,0,0,1,0,0,1,0.14,0,0,0
Flowstone Channeler,19,90,112,12,28,261,1,1,0,1,2,1,3,1,0,0,0,0,0,0,0,1,0,0,1,0.15,0,0,0
Flowstone Embrace,17,70,101,12,18,218,1,1,0,1,1,1,2,1,0,0,0,0,0,1,0,0,0,0,1,0.15,0,0,0
Flowstone Shambler,18,53,64,10,16,161,1,1,0,1,1,1,3,1,0,0,0,0,0,0,0,1,0,0,1,0.15,0,0,0
Flurry of Horns,15,55,84,12,7,173,1,1,0,1,0,1,5,1,0,0,0,0,1,0,0,0,0,0,1,0.14,0,0,0
Fog,3,56,107,9,7,182,1,1,0,1,0,1,1,1,0,0,0,1,0,0,0,0,0,0,1,0.16,0,0,0
Fog,3,56,107,11,7,184,1,1,0,1,0,1,1,1,0,0,0,1,0,0,0,0,0,0,1,0.16,0,0,0
Fog,3,56,107,9,7,182,1,1,0,1,0,1,1,1,0,0,0,1,0,0,0,0,0,0,1,0.17,0,0,0
Fog,3,56,101,11,7,178,1,1,0,1,0,1,1,1,0,0,0,1,0,0,0,0,0,0,1,0.17,0,0,0
Fog,3,56,107,11,7,184,1,1,0,1,0,1,1,1,0,0,0,1,0,0,0,0,0,0,1,0.17,0,0,0
Fogwalker,9,202,0,12,17,240,1,1,0,1,1,1,2,1,0,0,0,0,0,0,0,1,0,0,1,0.14,0,0,0
Fomori Nomad,12,0,0,16,22,50,1,1,0,1,2,1,5,1,0,0,0,0,0,0,0,1,0,0,1,0.15,0,0,0
Font of Fertility,17,142,56,9,11,235,1,1,0,1,0,1,1,1,0,0,0,0,0,1,0,0,0,0,1,0.15,0,0,0
Font of Fortunes,16,51,47,11,11,136,1,1,0,1,0,1,2,1,0,0,0,0,0,1,0,0,0,0,1,0.15,0,0,0
Font of Ire,11,75,46,11,11,154,1,1,0,1,0,1,2,1,0,0,0,0,0,1,0,0,0,0,1,0.15,0,0,0
Font of Return,14,108,43,7,11,183,1,1,0,1,0,1,2,1,0,0,0,0,0,1,0,0,0,0,1,0.15,0,0,0
Font of Vigor,13,49,28,12,11,113,1,1,0,1,0,1,2,1,0,0,0,0,0,1,0,0,0,0,1,0.15,0,0,0
Foot Soldiers,13,0,91,10,24,138,1,1,0,1,2,1,4,1,0,0,0,0,0,0,0,1,0,0,1,0.15,0,0,0
Footbottom Feast,16,96,103,10,7,232,1,1,0,1,0,1,3,1,0,0,0,1,0,0,0,0,0,0,1,0.15,0,0,0
Forbidden Alchemy,17,209,0,12,7,245,1,2,-1,1,0,1,3,1,0,0,0,1,0,0,0,0,0,0,1,0.15,0,0,0
Force Away,10,154,53,12,7,236,1,1,0,1,0,1,2,1,0,0,0,1,0,0,0,0,0,0,1,0.13,0,0,0
Forced Adaptation,17,92,98,14,18,239,1,1,0,1,1,1,1,1,0,0,0,0,0,1,0,0,0,0,1,0.16,0,0,0
Forced Worship,14,100,59,13,18,204,1,1,0,1,1,1,2,1,0,0,0,0,0,1,0,0,0,0,1,0.14,0,0,0
Foresee,7,177,57,10,7,258,1,1,0,1,0,1,4,1,0,0,0,0,1,0,0,0,0,0,1,0.16,0,0,0
Foresee,7,177,41,10,7,242,1,1,0,1,0,1,4,1,0,0,0,0,1,0,0,0,0,0,1,0.18,0,0,0
Forfend,7,62,121,15,7,212,1,1,0,1,0,1,2,1,0,0,0,1,0,0,0,0,0,0,1,0.15,0,0,0
Forge Devil,11,98,134,10,16,269,1,1,0,1,1,1,1,1,0,0,0,0,0,0,0,1,0,0,1,0.14,0,0,0
Forge Devil,11,98,26,10,16,161,1,1,0,1,1,1,1,1,0,0,0,0,0,0,0,1,0,0,1,0.14,0,0,0
Foriysian Interceptor,21,144,88,14,24,291,1,1,0,1,2,1,4,1,0,0,0,0,0,0,0,1,0,0,1,0.15,0,0,0
Fork in the Road,16,152,52,9,7,236,1,1,0,1,0,1,2,1,0,0,0,0,1,0,0,0,0,0,1,0.14,0,0,0
Formless Nurturing,18,217,0,12,7,254,1,1,0,1,0,1,4,1,0,0,0,0,1,0,0,0,0,0,1,0.15,0,0,0
Forsake the Worldly,19,88,120,12,7,246,1,1,0,1,0,1,3,1,0,0,0,1,0,0,0,0,0,0,1,0.15,0,0,0
Forsaken Drifters,17,88,87,7,17,216,1,1,0,1,1,1,4,1,0,0,0,0,0,0,0,1,0,0,1,0.14,0,0,0
Forsaken Sanctuary,18,88,91,13,4,214,0,2,-2,1,0,1,0,1,0,0,0,0,0,0,0,0,1,0,0,0.26,0,0,0
Fortified Rampart,17,8,116,13,15,169,1,1,0,1,1,1,2,1,0,0,0,0,0,0,0,1,0,0,1,0.12,0,0,0
Fortify,7,118,100,19,7,251,1,1,0,1,0,1,3,1,0,0,0,1,0,0,0,0,0,0,1,0.14,0,0,0
Fortify,7,118,100,19,7,251,1,1,0,1,0,1,3,1,0,0,0,1,0,0,0,0,0,0,1,0.15,0,0,0
Fortress Crab,13,0,106,13,15,147,1,1,0,1,1,1,4,1,0,0,0,0,0,0,0,1,0,0,1,0.14,0,0,0
Fortuitous Find,15,148,47,16,7,233,1,1,0,1,0,1,3,1,0,0,0,0,1,0,0,0,0,0,1,0.1,0,0,0
Foul Imp,8,61,85,10,14,178,1,1,0,1,1,1,2,1,0,0,0,0,0,0,0,1,0,0,2,0.15,0,0,0
Foul Orchard,12,82,51,10,4,159,0,2,-2,1,0,1,0,1,0,0,0,0,0,0,0,0,1,0,0,0.15,0,0,0
Foul-Tongue Shriek,18,94,84,12,7,215,1,1,0,1,0,1,1,1,0,0,0,1,0,0,0,0,0,0,1,0.17,0,0,0
Foundry Assembler,17,132,108,13,35,305,0,0,0,2,1,1,5,1,0,0,0,0,0,0,1,1,0,0,0,0.1,0,0,0
Foundry Screecher,17,71,147,9,14,258,1,1,0,1,1,1,3,1,0,0,0,0,0,0,0,1,0,0,1,0.1,0,0,0
Foundry Street Denizen,22,125,116,12,25,300,1,1,0,1,2,1,1,1,0,0,0,0,0,0,0,1,0,0,1,0.16,0,0,0
Foundry Street Denizen,22,125,116,12,25,300,1,1,0,1,2,1,1,1,0,0,0,0,0,0,0,1,0,0,1,0.17,0,0,0
Fourth Bridge Prowler,21,108,58,10,22,219,1,1,0,1,2,1,1,1,0,0,0,0,0,0,0,1,0,0,1,0.12,0,0,0
Foxfire Oak,11,58,123,12,26,230,1,2,-1,1,2,1,6,1,0,0,0,0,0,0,0,1,0,0,1,0.15,0,0,0
Fragmentize,11,74,155,11,7,258,1,1,0,1,0,1,1,1,0,0,0,0,1,0,0,0,0,0,1,0.15,0,0,0
Frantic Salvage,15,96,56,10,7,184,1,1,0,1,0,1,4,1,0,0,0,1,0,0,0,0,0,0,1,0.14,0,0,0
Freed from the Real,19,76,59,16,18,188,1,1,0,1,1,1,3,1,0,0,0,0,0,1,0,0,0,0,1,0.88,0,0,0
Freewind Equenaut,17,138,92,12,23,282,1,1,0,1,2,1,3,1,0,0,0,0,0,0,0,1,0,0,1,0.15,0,0,0
Frenzied Raptor,15,0,146,13,19,193,1,1,0,1,1,1,3,1,0,0,0,0,0,0,0,1,0,0,1,0.13,0,0,0
Frenzy Sliver,13,115,108,10,17,263,1,1,0,1,1,1,2,1,0,0,0,0,0,0,0,1,0,0,1,0.16,0,0,0
Frightful Delusion,18,81,91,15,7,212,1,1,0,1,0,1,3,1,0,0,0,1,0,0,0,0,0,0,1,0.14,0,0,0
Frilled Oculus,14,95,123,11,21,264,1,2,-1,1,1,1,2,1,0,0,0,0,0,0,0,1,0,0,1,0.14,0,0,0
Frilled Sandwalla,17,98,84,11,17,227,1,1,0,1,1,1,1,1,0,0,0,0,0,0,0,1,0,0,1,0.14,0,0,0
Frogmite,8,89,144,14,24,279,0,0,0,2,1,1,4,1,0,0,0,0,0,0,1,1,0,0,0,0.18,0,0,0
Frogtosser Banneret,19,68,152,13,23,275,1,1,0,1,2,1,2,1,0,0,0,0,0,0,0,1,0,0,1,0.17,0,0,0
Frontier Mastodon,17,130,119,9,19,294,1,1,0,1,1,1,3,1,0,0,0,0,0,0,0,1,0,0,1,0.14,0,0,0
Frontline Devastator,20,141,94,12,34,301,1,1,0,1,3,1,4,1,0,0,0,0,0,0,0,1,0,0,1,0.14,0,0,0
Frontline Rebel,15,44,39,13,24,135,1,1,0,1,2,1,3,1,0,0,0,0,0,0,0,1,0,0,1,0.1,0,0,0
Frontline Sage,14,144,77,11,23,269,1,1,0,1,2,1,3,1,0,0,0,0,0,0,0,1,0,0,1,0.16,0,0,0
Frost Breath,12,102,91,11,7,223,1,1,0,1,0,1,3,1,0,0,0,1,0,0,0,0,0,0,1,0.14,0,0,0
Frost Breath,12,102,37,11,7,169,1,1,0,1,0,1,3,1,0,0,0,1,0,0,0,0,0,0,1,0.14,0,0,0
Frost Lynx,10,150,71,4,24,259,1,1,0,1,2,1,3,1,0,0,0,0,0,0,0,1,0,0,1,0.15,0,0,0
Frost Ogre,10,0,138,9,23,180,1,1,0,1,2,1,5,1,0,0,0,0,0,0,0,1,0,0,2,0.15,0,0,0
Frost Raptor,12,181,107,15,20,335,1,1,0,1,1,1,3,1,0,0,0,0,0,0,0,1,0,0,1,0.15,0,0,0
Frostburn Weird,15,52,137,11,16,231,2,2,0,1,1,1,2,1,0,0,0,0,0,0,0,1,0,0,2,0.15,0,0,0
Frostling,9,65,39,14,17,144,1,1,0,1,1,1,1,1,0,0,0,0,0,0,0,1,0,0,1,0.15,0,0,0
Frostweb Spider,15,167,67,16,22,287,1,1,0,1,1,1,3,1,0,0,0,0,0,0,0,1,0,0,1,0.15,0,0,0
Frostwielder,12,144,0,19,23,198,1,1,0,1,2,1,4,1,0,0,0,0,0,0,0,1,0,0,2,0.15,0,0,0
Frostwind Invoker,17,64,149,15,25,270,1,1,0,1,2,1,5,1,0,0,0,0,0,0,0,1,0,0,1,0.15,0,0,0
Frozen Solid,12,138,52,13,18,233,1,1,0,1,1,1,3,1,0,0,0,0,0,1,0,0,0,0,2,0.15,0,0,0
Fuel for the Cause,18,171,56,15,7,267,1,1,0,1,0,1,4,1,0,0,0,1,0,0,0,0,0,0,2,0.21,0,0,0
Fugitive Wizard,15,0,103,10,23,151,1,1,0,1,2,1,1,1,0,0,0,0,0,0,0,1,0,0,1,0.14,0,0,0
Fugitive Wizard,15,0,77,8,23,123,1,1,0,1,2,1,1,1,0,0,0,0,0,0,0,1,0,0,1,0.14,0,0,0
Fugitive Wizard,15,0,103,10,23,151,1,1,0,1,2,1,1,1,0,0,0,0,0,0,0,1,0,0,1,0.15,0,0,0
Fugitive Wizard,15,0,77,8,23,123,1,1,0,1,2,1,1,1,0,0,0,0,0,0,0,1,0,0,1,0.15,0,0,0
Fulgent Distraction,19,88,107,9,7,230,1,1,0,1,0,1,3,1,0,0,0,1,0,0,0,0,0,0,1,0.13,0,0,0
Fume Spitter,12,63,184,9,17,285,1,1,0,1,1,1,1,1,0,0,0,0,0,0,0,1,0,0,1,0.16,0,0,0
Furious Resistance,18,77,123,15,7,240,1,1,0,1,0,1,1,1,0,0,0,1,0,0,0,0,0,0,1,0.14,0,0,0
Furnace Scamp,13,133,40,13,16,215,1,1,0,1,1,1,1,1,0,0,0,0,0,0,0,1,0,0,1,0.14,0,0,0
Furor of the Bitten,19,79,104,14,18,234,1,1,0,1,1,1,1,1,0,0,0,0,0,1,0,0,0,0,1,0.14,0,0,0
Furtive Homunculus,18,71,176,14,21,300,1,1,0,1,1,1,2,1,0,0,0,0,0,0,0,1,0,0,1,0.14,0,0,0
Fury Charm,10,173,0,9,7,199,1,1,0,1,0,1,2,1,0,0,0,1,0,0,0,0,0,0,1,0.16,0,0,0
Galvanic Alchemist,18,286,0,15,23,342,1,1,0,1,2,1,3,1,0,0,0,0,0,0,0,1,0,0,1,0.14,0,0,0
Galvanic Arc,12,143,0,14,18,187,1,1,0,1,1,1,3,1,0,0,0,0,0,1,0,0,0,0,1,0.15,0,0,0
Galvanic Blast,14,177,60,14,7,272,1,1,0,1,0,1,1,1,0,0,0,1,0,0,0,0,0,0,1,0.79,0,0,0
Galvanic Bombardment,20,139,47,14,7,227,1,1,0,1,0,1,1,1,0,0,0,1,0,0,0,0,0,0,1,0.21,0,0,0
Galvanic Key,12,38,34,13,8,105,0,0,0,1,0,1,2,1,0,0,0,0,0,0,1,0,0,0,0,0.15,0,0,0
Game-Trail Changeling,21,54,148,17,23,263,1,1,0,1,1,1,5,1,0,0,0,0,0,0,0,1,0,0,2,0.16,0,0,0
Garruk's Companion,18,106,0,14,16,154,1,1,0,1,1,1,2,1,0,0,0,0,0,0,0,1,0,0,2,0.15,0,0,0
Garruk's Companion,18,106,0,14,16,154,1,1,0,1,1,1,2,1,0,0,0,0,0,0,0,1,0,0,2,0.16,0,0,0
Gate Hound,10,72,81,13,16,192,1,1,0,1,1,1,3,1,0,0,0,0,0,0,0,1,0,0,1,0.15,0,0,0
Gatecreeper Vine,16,181,43,14,16,270,1,1,0,1,1,1,2,1,0,0,0,0,0,0,0,1,0,0,1,0.15,0,0,0
Gathan Raiders,14,203,0,13,24,254,1,1,0,1,2,1,5,1,0,0,0,0,0,0,0,1,0,0,2,0.17,0,0,0
Gather Courage,14,194,0,13,7,228,1,1,0,1,0,1,1,1,0,0,0,1,0,0,0,0,0,0,1,0.16,0,0,0
Gather the Townsfolk,20,123,81,9,7,240,1,1,0,1,0,1,2,1,0,0,0,0,1,0,0,0,0,0,1,0.17,0,0,0
Gatstaf Arsonists,17,95,58,12,25,207,1,1,0,1,2,1,5,1,0,0,0,0,0,0,0,1,0,0,1,0.14,0,0,0
Gatstaf Ravagers,16,180,0,12,19,227,1,1,0,1,1,1,5,1,0,0,0,0,0,0,0,1,0,0,0,0.14,0,0,0
Gavony Unhallowed,17,85,120,19,17,258,1,1,0,1,1,1,4,1,0,0,0,0,0,0,0,1,0,0,1,0.14,0,0,0
Gaze of Justice,15,243,0,9,7,274,1,1,0,1,0,1,1,1,0,0,0,0,1,0,0,0,0,0,1,0.15,0,0,0
Gaze of the Gorgon,18,174,57,14,7,270,2,2,0,1,0,1,4,1,0,0,0,1,0,0,0,0,0,0,1,0.16,0,0,0
Gearseeker Serpent,18,127,71,14,18,248,1,1,0,1,1,1,7,1,0,0,0,0,0,0,0,1,0,0,2,0.14,0,0,0
Geist Snatch,12,83,65,9,7,176,1,1,0,1,0,1,4,1,0,0,0,1,0,0,0,0,0,0,2,0.14,0,0,0
Geist Trappers,14,250,0,15,24,303,1,1,0,1,2,1,5,1,0,0,0,0,0,0,0,1,0,0,1,0.12,0,0,0
Geistflame,10,156,76,10,7,259,1,1,0,1,0,1,1,1,0,0,0,1,0,0,0,0,0,0,1,0.14,0,0,0
Gelid Shackles,14,209,0,22,23,268,1,1,0,1,1,1,1,1,0,0,0,0,0,1,0,0,0,0,1,0.15,0,0,0
Gemhide Sliver,14,68,144,11,17,254,1,1,0,1,1,1,2,1,0,0,0,0,0,0,0,1,0,0,1,0.87,0,0,0
Generator Servant,17,215,0,15,20,267,1,1,0,1,1,1,2,1,0,0,0,0,0,0,0,1,0,0,1,0.15,0,0,0
Geth's Verdict,14,53,61,12,7,147,1,1,0,1,0,1,2,1,0,0,0,1,0,0,0,0,0,0,2,0.38,0,0,0
Geyserfield Stalker,19,192,0,20,20,251,1,1,0,1,1,1,5,1,0,0,0,0,0,0,0,1,0,0,1,0.13,0,0,0
Ghalma's Warden,15,87,139,11,27,279,1,1,0,1,2,1,4,1,0,0,0,0,0,0,0,1,0,0,1,0.14,0,0,0
Ghastly Discovery,17,168,99,11,7,302,1,1,0,1,0,1,3,1,0,0,0,0,1,0,0,0,0,0,1,0.15,0,0,0
Ghirapur Gearcrafter,20,201,77,20,26,344,1,1,0,1,2,1,3,1,0,0,0,0,0,0,0,1,0,0,1,0.15,0,0,0
Ghirapur Osprey,15,6,65,11,15,112,1,1,0,1,1,1,3,1,0,0,0,0,0,0,0,1,0,0,1,0.12,0,0,0
Ghitu Firebreathing,19,191,0,10,18,238,1,1,0,1,1,1,2,1,0,0,0,0,0,1,0,0,0,0,1,0.15,0,0,0
Ghor-Clan Savage,16,128,89,12,28,273,1,1,0,1,2,1,5,1,0,0,0,0,0,0,0,1,0,0,2,0.15,0,0,0
Ghost Tactician,15,76,73,29,29,222,1,1,0,1,2,1,5,1,0,0,0,0,0,0,0,1,0,0,1,0.15,0,0,0
Ghost Warden,12,50,168,6,17,253,1,1,0,1,1,1,2,1,0,0,0,0,0,0,0,1,0,0,1,0.15,0,0,0
Ghost Warden,12,50,168,6,17,253,1,1,0,1,1,1,2,1,0,0,0,0,0,0,0,1,0,0,1,0.15,0,0,0
Ghostfire,9,78,84,20,7,198,0,1,-1,1,0,1,3,1,0,0,0,1,0,0,0,0,0,0,1,0.17,0,0,0
Ghostform,9,54,42,10,7,122,1,1,0,1,0,1,2,1,0,0,0,0,1,0,0,0,0,0,1,0.14,0,0,0
Ghostly Flicker,15,127,53,16,7,218,1,1,0,1,0,1,3,1,0,0,0,1,0,0,0,0,0,0,1,0.24,0,0,0
Ghostly Possession,18,129,0,11,18,176,1,1,0,1,1,1,3,1,0,0,0,0,0,1,0,0,0,0,1,0.14,0,0,0
Ghostly Sentinel,16,17,89,7,21,150,1,1,0,1,2,1,5,1,0,0,0,0,0,0,0,1,0,0,1,0.12,0,0,0
Ghostly Wings,13,125,0,12,18,168,1,1,0,1,1,1,2,1,0,0,0,0,0,1,0,0,0,0,1,0.14,0,0,0
Ghoulcaller's Accomplice,24,163,38,12,22,259,1,1,0,1,2,1,2,1,0,0,0,0,0,0,0,1,0,0,1,0.14,0,0,0
Ghoulcaller's Bell,18,83,112,15,8,236,0,0,0,1,0,1,1,1,0,0,0,0,0,0,1,0,0,0,0,0.15,0,0,0
Ghoulcaller's Chant,19,143,119,14,7,302,1,1,0,1,0,1,1,1,0,0,0,0,1,0,0,0,0,0,1,0.17,0,0,0
Ghoulflesh,10,111,105,13,18,257,1,1,0,1,1,1,1,1,0,0,0,0,0,1,0,0,0,0,1,0.14,0,0,0
Ghoulraiser,11,105,96,14,17,243,1,1,0,1,1,1,3,1,0,0,0,0,0,0,0,1,0,0,2,0.15,0,0,0
Giant Badger,12,62,85,15,17,191,1,1,0,1,1,1,3,1,0,0,0,0,0,0,0,1,0,0,2,0.15,0,0,0
Giant Cockroach,15,0,118,14,17,164,1,1,0,1,1,1,4,1,0,0,0,0,0,0,0,1,0,0,1,0.15,0,0,0
Giant Cockroach,15,0,118,14,17,164,1,1,0,1,1,1,4,1,0,0,0,0,0,0,0,1,0,0,1,0.15,0,0,0
Giant Dustwasp,14,265,0,16,17,312,1,1,0,1,1,1,5,1,0,0,0,0,0,0,0,1,0,0,2,0.15,0,0,0
Giant Growth,12,45,146,12,7,222,1,1,0,1,0,1,1,1,0,0,0,1,0,0,0,0,0,0,1,0.15,0,0,0
Giant Growth,12,45,0,12,7,76,1,1,0,1,0,1,1,1,0,0,0,1,0,0,0,0,0,0,1,0.15,0,0,0
Giant Growth,12,45,0,10,7,74,1,1,0,1,0,1,1,1,0,0,0,1,0,0,0,0,0,0,1,0.16,0,0,0
Giant Growth,12,45,0,10,7,74,1,1,0,1,0,1,1,1,0,0,0,1,0,0,0,0,0,0,1,0.16,0,0,0
Giant Growth,12,45,0,12,7,76,1,1,0,1,0,1,1,1,0,0,0,1,0,0,0,0,0,0,1,0.16,0,0,0
Giant Growth,12,45,0,12,7,76,1,1,0,1,0,1,1,1,0,0,0,1,0,0,0,0,0,0,1,0.16,0,0,0
Giant Growth,12,45,0,12,7,76,1,1,0,1,0,1,1,1,0,0,0,1,0,0,0,0,0,0,1,0.18,0,0,0
Giant Mantis,12,54,171,12,17,266,1,1,0,1,1,1,4,1,0,0,0,0,0,0,0,1,0,0,1,0.12,0,0,0
Giant Octopus,13,0,291,14,18,336,1,1,0,1,1,1,4,1,0,0,0,0,0,0,0,1,0,0,1,0.15,0,0,0
Giant Octopus,13,0,291,14,18,336,1,1,0,1,1,1,4,1,0,0,0,0,0,0,0,1,0,0,1,0.17,0,0,0
Giant Scorpion,14,83,49,16,19,181,1,1,0,1,1,1,3,1,0,0,0,0,0,0,0,1,0,0,1,0.14,0,0,0
Giant Scorpion,14,83,49,16,19,181,1,1,0,1,1,1,3,1,0,0,0,0,0,0,0,1,0,0,1,0.14,0,0,0
Giant Spectacle,15,62,102,12,18,209,1,1,0,1,1,1,2,1,0,0,0,0,0,1,0,0,0,0,1,0.1,0,0,0
Giant Spider,12,54,115,12,17,210,1,1,0,1,1,1,4,1,0,0,0,0,0,0,0,1,0,0,1,0.12,0,0,0
Giant Spider,12,54,106,14,17,203,1,1,0,1,1,1,4,1,0,0,0,0,0,0,0,1,0,0,1,0.14,0,0,0
Giant Spider,12,54,106,14,17,203,1,1,0,1,1,1,4,1,0,0,0,0,0,0,0,1,0,0,1,0.14,0,0,0
Giant Spider,12,54,84,14,17,181,1,1,0,1,1,1,4,1,0,0,0,0,0,0,0,1,0,0,1,0.14,0,0,0
Giant Spider,12,54,84,14,17,181,1,1,0,1,1,1,4,1,0,0,0,0,0,0,0,1,0,0,1,0.15,0,0,0
Giant Spider,12,54,84,14,17,181,1,1,0,1,1,1,4,1,0,0,0,0,0,0,0,1,0,0,1,0.15,0,0,0
Giant Spider,12,54,191,14,17,288,1,1,0,1,1,1,4,1,0,0,0,0,0,0,0,1,0,0,1,0.15,0,0,0
Giant Spider,12,54,130,14,17,227,1,1,0,1,1,1,4,1,0,0,0,0,0,0,0,1,0,0,1,0.15,0,0,0
Giantbaiting,12,247,0,15,7,281,2,2,0,1,0,1,3,1,0,0,0,0,1,0,0,0,0,0,1,0.15,0,0,0
Giant's Ire,11,81,129,22,22,265,1,1,0,2,1,1,4,1,0,0,0,0,1,0,0,0,0,0,1,0.15,0,0,0
Gibbering Kami,14,148,0,11,17,190,1,1,0,1,1,1,4,1,0,0,0,0,0,0,0,1,0,0,1,0.15,0,0,0
Gideon's Lawkeeper,18,30,54,14,24,140,1,1,0,1,2,1,1,1,0,0,0,0,0,0,0,1,0,0,1,0.16,0,0,0
Gideon's Reproach,17,74,95,9,7,202,1,1,0,1,0,1,2,1,0,0,0,1,0,0,0,0,0,0,1,0.13,0,0,0
Gift of Granite,15,115,83,16,18,247,1,1,0,1,1,1,1,1,0,0,0,0,0,1,0,0,0,0,1,0.16,0,0,0
Gift of Paradise,16,150,0,13,18,197,1,1,0,1,1,1,3,1,0,0,0,0,0,1,0,0,0,0,1,0.14,0,0,0
Gift of Strength,16,61,58,13,7,155,1,1,0,1,0,1,2,1,0,0,0,1,0,0,0,0,0,0,1,0.14,0,0,0
Gift of the Deity,17,268,0,14,18,317,2,2,0,1,1,1,5,1,0,0,0,0,0,1,0,0,0,0,1,0.16,0,0,0
Gift of the Gargantuan,22,209,0,23,7,261,1,1,0,1,0,1,3,1,0,0,0,0,1,0,0,0,0,0,1,0.15,0,0,0
Gigadrowse,10,157,0,22,7,196,1,1,0,1,0,1,1,1,0,0,0,1,0,0,0,0,0,0,1,0.26,0,0,0
Gilded Cerodon,14,140,98,12,16,280,1,1,0,1,1,1,5,1,0,0,0,0,0,0,0,1,0,0,1,0.11,0,0,0
Gilded Sentinel,15,0,104,4,25,148,0,0,0,2,1,1,4,1,0,0,0,0,0,0,1,1,0,0,0,0.14,0,0,0
Gilt-Leaf Ambush,16,405,0,14,20,455,1,1,0,2,1,1,3,1,0,0,0,1,0,0,0,0,0,0,1,0.15,0,0,0
Gilt-Leaf Seer,14,85,131,13,21,264,1,1,0,1,2,1,3,1,0,0,0,0,0,0,0,1,0,0,1,0.15,0,0,0
Gitaxian Probe,14,89,105,6,7,221,1,1,0,1,0,1,1,1,0,0,0,0,1,0,0,0,0,0,1,1.79,1,0,0
Glacial Crasher,15,182,0,12,20,229,1,1,0,1,1,1,6,1,0,0,0,0,0,0,0,1,0,0,2,0.14,0,0,0
Glacial Ray,11,228,0,10,16,265,1,1,0,1,1,1,2,1,0,0,0,1,0,0,0,0,0,0,1,0.15,0,0,0
Glacial Stalker,15,119,171,7,20,332,1,1,0,1,1,1,6,1,0,0,0,0,0,0,0,1,0,0,1,0.13,0,0,0
Glade Watcher,13,179,0,13,20,225,1,1,0,1,1,1,2,1,0,0,0,0,0,0,0,1,0,0,1,0.14,0,0,0
Gladecover Scout,16,91,103,14,20,244,1,1,0,1,2,1,1,1,0,0,0,0,0,0,0,1,0,0,1,0.15,0,0,0
Gladecover Scout,16,91,103,14,20,244,1,1,0,1,2,1,1,1,0,0,0,0,0,0,0,1,0,0,1,0.15,0,0,0
Glaring Aegis,13,132,0,15,18,178,1,1,0,1,1,1,1,1,0,0,0,0,0,1,0,0,0,0,1,0.15,0,0,0
Glass Asp,9,166,102,21,16,314,1,1,0,1,1,1,3,1,0,0,0,0,0,0,0,1,0,0,2,0.15,0,0,0
Glassblower's Puzzleknot,24,332,0,13,8,377,0,1,-1,1,0,1,2,1,0,0,0,0,0,0,1,0,0,0,0,0.12,0,0,0
Glassdust Hulk,14,199,0,15,25,253,2,2,0,2,1,1,5,1,0,0,0,0,0,0,1,1,0,0,2,0.16,0,0,0
Glaze Fiend,11,117,125,13,28,294,1,1,0,2,1,1,2,1,0,0,0,0,0,0,1,1,0,0,1,0.16,0,0,0
Gleam of Resistance,19,235,0,12,7,273,1,1,0,1,0,1,5,1,0,0,0,1,0,0,0,0,0,0,1,0.15,0,0,0
Gleeful Sabotage,16,216,0,13,7,252,1,1,0,1,0,1,2,1,0,0,0,0,1,0,0,0,0,0,1,1.97,1,0,0
Glimmerdust Nap,15,92,116,12,18,253,1,1,0,1,1,1,3,1,0,0,0,0,0,1,0,0,0,0,1,0.15,0,0,0
Glimmerpost,11,123,87,12,12,245,0,0,0,1,1,1,0,1,0,0,0,0,0,0,0,0,1,0,0,0.16,0,0,0
Glint,5,148,103,13,7,276,1,1,0,1,0,1,2,1,0,0,0,1,0,0,0,0,0,0,1,0.15,0,0,0
Glint Hawk,10,122,73,11,15,231,1,1,0,1,1,1,1,1,0,0,0,0,0,0,0,1,0,0,1,0.17,0,0,0
Glint Hawk Idol,15,253,0,11,8,287,0,1,-1,1,0,1,2,1,0,0,0,0,0,0,1,0,0,0,0,0.14,0,0,0
Glint-Sleeve Artisan,20,139,28,13,26,226,1,1,0,1,2,1,3,1,0,0,0,0,0,0,0,1,0,0,1,0.1,0,0,0
Glissa's Courier,16,94,116,12,17,255,1,1,0,1,1,1,3,1,0,0,0,0,0,0,0,1,0,0,2,0.14,0,0,0
Glissa's Scorn,14,53,78,9,7,161,1,1,0,1,0,1,2,1,0,0,0,1,0,0,0,0,0,0,1,0.14,0,0,0
Glistener Elf,13,125,78,12,22,250,1,1,0,1,2,1,1,1,0,0,0,0,0,0,0,1,0,0,1,0.6,0,0,0
Glitterfang,11,79,169,11,17,287,1,1,0,1,1,1,1,1,0,0,0,0,0,0,0,1,0,0,1,0.16,0,0,0
Gloomhunter,11,6,115,15,14,161,1,1,0,1,1,1,3,1,0,0,0,0,0,0,0,1,0,0,1,0.15,0,0,0
Gloomlance,10,93,105,29,7,244,1,1,0,1,0,1,5,1,0,0,0,0,1,0,0,0,0,0,2,0.15,0,0,0
Gloomwidow's Feast,18,163,70,14,7,272,1,1,0,1,0,1,4,1,0,0,0,1,0,0,0,0,0,0,1,0.15,0,0,0
Glorious Charge,15,50,67,4,7,143,1,1,0,1,0,1,2,1,0,0,0,1,0,0,0,0,0,0,1,0.14,0,0,0
Glorious Charge,15,50,67,4,7,143,1,1,0,1,0,1,2,1,0,0,0,1,0,0,0,0,0,0,1,0.15,0,0,0
Glory Seeker,12,0,93,11,24,140,1,1,0,1,2,1,2,1,0,0,0,0,0,0,0,1,0,0,1,0.14,0,0,0
Glory Seeker,12,0,93,11,24,140,1,1,0,1,2,1,2,1,0,0,0,0,0,0,0,1,0,0,1,0.15,0,0,0
Glory Seeker,12,0,127,12,24,175,1,1,0,1,2,1,2,1,0,0,0,0,0,0,0,1,0,0,1,0.15,0,0,0
Gluttonous Cyclops,18,118,109,14,18,277,1,1,0,1,1,1,6,1,0,0,0,0,0,0,0,1,0,0,1,0.14,0,0,0
Gnarled Mass,12,0,188,13,17,230,1,1,0,1,1,1,3,1,0,0,0,0,0,0,0,1,0,0,2,0.15,0,0,0
Gnarlid Pack,12,189,0,12,16,229,1,1,0,1,1,1,2,1,0,0,0,0,0,0,0,1,0,0,1,0.15,0,0,0
Gnat Miser,10,52,148,14,21,245,1,1,0,1,2,1,1,1,0,0,0,0,0,0,0,1,0,0,1,0.2,0,0,0
Gnathosaur,10,66,93,10,17,196,1,1,0,1,1,1,6,1,0,0,0,0,0,0,0,1,0,0,2,0.13,0,0,0
Gnaw to the Bone,16,158,0,10,7,191,1,1,0,1,0,1,3,1,0,0,0,1,0,0,0,0,0,0,1,0.23,0,0,0
Gobhobbler Rats,15,118,118,14,14,279,2,2,0,1,1,1,2,1,0,0,0,0,0,0,0,1,0,0,2,0.15,0,0,0
Goblin Arsonist,15,86,61,14,24,200,1,1,0,1,2,1,1,1,0,0,0,0,0,0,0,1,0,0,1,0.15,0,0,0
Goblin Arsonist,15,86,61,14,24,200,1,1,0,1,2,1,1,1,0,0,0,0,0,0,0,1,0,0,1,0.15,0,0,0
Goblin Arsonist,15,86,61,14,24,200,1,1,0,1,2,1,1,1,0,0,0,0,0,0,0,1,0,0,1,0.16,0,0,0
Goblin Balloon Brigade,22,59,58,15,25,179,1,1,0,1,2,1,1,1,0,0,0,0,0,0,0,1,0,0,1,0.15,0,0,0
Goblin Battle Jester,20,69,69,14,17,189,1,1,0,1,1,1,4,1,0,0,0,0,0,0,0,1,0,0,1,0.14,0,0,0
Goblin Brawler,14,46,99,14,25,198,1,1,0,1,2,1,3,1,0,0,0,0,0,0,0,1,0,0,1,0.14,0,0,0
Goblin Brigand,14,43,37,12,25,131,1,1,0,1,2,1,2,1,0,0,0,0,0,0,0,1,0,0,1,0.15,0,0,0
Goblin Bushwhacker,18,198,0,10,25,251,1,1,0,1,2,1,1,1,0,0,0,0,0,0,0,1,0,0,1,1.2,1,0,0
Goblin Chariot,14,70,65,9,25,183,1,1,0,1,2,1,3,1,0,0,0,0,0,0,0,1,0,0,1,0.14,0,0,0
Goblin Chariot,14,70,65,9,25,183,1,1,0,1,2,1,3,1,0,0,0,0,0,0,0,1,0,0,1,0.15,0,0,0
Goblin Cohort,13,73,85,13,25,209,1,1,0,1,2,1,1,1,0,0,0,0,0,0,0,1,0,0,1,0.2,0,0,0
Goblin Deathraiders,19,7,178,16,25,245,2,2,0,1,2,1,2,1,0,0,0,0,0,0,0,1,0,0,2,0.16,0,0,0
Goblin Electromancer,20,58,72,15,24,189,2,2,0,1,2,1,2,1,0,0,0,0,0,0,0,1,0,0,2,0.15,0,0,0
Goblin Elite Infantry,21,90,23,12,25,171,1,1,0,1,2,1,2,1,0,0,0,0,0,0,0,1,0,0,1,0.15,0,0,0
Goblin Fire Fiend,17,101,0,13,27,158,1,1,0,1,2,1,4,1,0,0,0,0,0,0,0,1,0,0,1,0.15,0,0,0
Goblin Fireslinger,18,56,86,12,25,197,1,1,0,1,2,1,1,1,0,0,0,0,0,0,0,1,0,0,1,0.17,0,0,0
Goblin Freerunner,17,185,81,14,30,327,1,1,0,1,3,1,4,1,0,0,0,0,0,0,0,1,0,0,1,0.13,0,0,0
Goblin Furrier,14,68,159,11,25,277,1,1,0,1,2,1,2,1,0,0,0,0,0,0,0,1,0,0,1,0.15,0,0,0
Goblin Gaveleer,15,69,107,15,25,231,1,1,0,1,2,1,1,1,0,0,0,0,0,0,0,1,0,0,1,0.14,0,0,0
Goblin Heelcutter,17,256,0,13,27,313,1,1,0,1,2,1,4,1,0,0,0,0,0,0,0,1,0,0,1,0.15,0,0,0
Goblin Mountaineer,18,94,73,12,23,220,1,1,0,1,2,1,1,1,0,0,0,0,0,0,0,1,0,0,1,0.15,0,0,0
Goblin Mountaineer,18,94,181,12,23,328,1,1,0,1,2,1,1,1,0,0,0,0,0,0,0,1,0,0,1,0.15,0,0,0
Goblin Outlander,16,21,77,14,23,151,2,2,0,1,2,1,2,1,0,0,0,0,0,0,0,1,0,0,2,0.15,0,0,0
Goblin Piker,12,0,85,10,25,132,1,1,0,1,2,1,2,1,0,0,0,0,0,0,0,1,0,0,1,0.14,0,0,0
Goblin Piker,12,0,85,10,25,132,1,1,0,1,2,1,2,1,0,0,0,0,0,0,0,1,0,0,1,0.14,0,0,0
Goblin Piker,12,0,85,10,25,132,1,1,0,1,2,1,2,1,0,0,0,0,0,0,0,1,0,0,1,0.15,0,0,0
Goblin Piker,12,0,85,10,25,132,1,1,0,1,2,1,2,1,0,0,0,0,0,0,0,1,0,0,1,0.15,0,0,0
Goblin Piker,12,0,85,10,25,132,1,1,0,1,2,1,2,1,0,0,0,0,0,0,0,1,0,0,1,0.15,0,0,0
Goblin Raider,13,26,59,12,25,135,1,1,0,1,2,1,2,1,0,0,0,0,0,0,0,1,0,0,1,0.14,0,0,0
Goblin Raider,13,26,59,12,25,135,1,1,0,1,2,1,2,1,0,0,0,0,0,0,0,1,0,0,1,0.15,0,0,0
Goblin Replica,14,58,33,14,26,145,0,1,-1,2,1,1,3,1,0,0,0,0,0,0,1,1,0,0,0,0.14,0,0,0
Goblin Rimerunner,17,152,95,16,30,310,1,1,0,1,2,1,3,1,0,0,0,0,0,0,0,1,0,0,1,0.15,0,0,0
Goblin Roughrider,17,0,166,13,24,220,1,1,0,1,2,1,3,1,0,0,0,0,0,0,0,1,0,0,1,0.14,0,0,0
Goblin Roughrider,17,0,170,13,24,224,1,1,0,1,2,1,3,1,0,0,0,0,0,0,0,1,0,0,1,0.14,0,0,0
Goblin Shortcutter,18,86,57,13,23,197,1,1,0,1,2,1,2,1,0,0,0,0,0,0,0,1,0,0,1,0.14,0,0,0
Goblin Shortcutter,18,86,130,13,23,270,1,1,0,1,2,1,2,1,0,0,0,0,0,0,0,1,0,0,1,0.15,0,0,0
Goblin Sky Raider,17,81,79,11,25,213,1,1,0,1,2,1,3,1,0,0,0,0,0,0,0,1,0,0,1,0.14,0,0,0
Goblin Sky Raider,17,81,79,11,25,213,1,1,0,1,2,1,3,1,0,0,0,0,0,0,0,1,0,0,1,0.14,0,0,0
Goblin Skycutter,16,137,60,13,25,251,1,1,0,1,2,1,2,1,0,0,0,0,0,0,0,1,0,0,1,0.15,0,0,0
Goblin Spelunkers,17,94,145,11,25,292,1,1,0,1,2,1,3,1,0,0,0,0,0,0,0,1,0,0,1,0.15,0,0,0
Goblin Striker,14,19,117,12,27,189,1,1,0,1,2,1,2,1,0,0,0,0,0,0,0,1,0,0,1,0.15,0,0,0
Goblin Tunneler,15,69,141,13,23,261,1,1,0,1,2,1,2,1,0,0,0,0,0,0,0,1,0,0,1,0.14,0,0,0
Goblin Tunneler,15,69,141,13,23,261,1,1,0,1,2,1,2,1,0,0,0,0,0,0,0,1,0,0,1,0.14,0,0,0
Goblin Tunneler,15,69,44,13,23,164,1,1,0,1,2,1,2,1,0,0,0,0,0,0,0,1,0,0,1,0.14,0,0,0
Goblin War Paint,16,61,132,13,18,240,1,1,0,1,1,1,2,1,0,0,0,0,0,1,0,0,0,0,1,0.12,0,0,0
Goblin War Paint,16,61,119,10,18,224,1,1,0,1,1,1,2,1,0,0,0,0,0,1,0,0,0,0,1,0.14,0,0,0
Goblin War Paint,16,61,105,10,18,210,1,1,0,1,1,1,2,1,0,0,0,0,0,1,0,0,0,0,1,0.14,0,0,0
Goblin War Wagon,16,139,0,12,30,197,0,0,0,2,1,1,4,1,0,0,0,0,0,0,1,1,0,0,0,0.14,0,0,0
Godhunter Octopus,17,105,77,14,18,231,1,1,0,1,1,1,6,1,0,0,0,0,0,0,0,1,0,0,1,0.15,0,0,0
God-Pharaoh's Faithful,22,63,71,18,23,197,1,1,0,1,2,1,1,1,0,0,0,0,0,0,0,1,0,0,1,0.14,0,0,0
Gods Willing,12,194,57,12,7,282,1,1,0,1,0,1,1,1,0,0,0,1,0,0,0,0,0,0,1,0.16,0,0,0
Godtoucher,10,105,93,13,21,242,1,2,-1,1,2,1,4,1,0,0,0,0,0,0,0,1,0,0,1,0.16,0,0,0
Godtracker of Jund,18,137,115,12,21,303,2,2,0,1,2,1,3,1,0,0,0,0,0,0,0,1,0,0,2,0.15,0,0,0
Gold Myr,8,31,88,10,23,160,0,1,-1,2,1,1,2,1,0,0,0,0,0,0,1,1,0,0,0,0.15,0,0,0
Gold Myr,8,31,85,12,23,159,0,1,-1,2,1,1,2,1,0,0,0,0,0,0,1,1,0,0,0,0.17,0,0,0
Golden Hind,11,31,92,20,14,168,1,1,0,1,1,1,2,1,0,0,0,0,0,0,0,1,0,0,1,0.15,0,0,0
Golden Urn,10,171,0,14,8,203,0,0,0,1,0,1,1,1,0,0,0,0,0,0,1,0,0,0,0,0.15,0,0,0
Goldenglow Moth,15,60,45,11,17,148,1,1,0,1,1,1,1,1,0,0,0,0,0,0,0,1,0,0,1,0.15,0,0,0
Goldenglow Moth,15,60,94,11,17,197,1,1,0,1,1,1,1,1,0,0,0,0,0,0,0,1,0,0,1,0.15,0,0,0
Goldmeadow Dodger,17,72,139,11,24,263,1,1,0,1,2,1,1,1,0,0,0,0,0,0,0,1,0,0,1,0.15,0,0,0
Goldmeadow Harrier,18,30,131,14,26,219,1,1,0,1,2,1,1,1,0,0,0,0,0,0,0,1,0,0,1,0.18,0,0,0
Golem Foundry,13,186,0,9,8,216,0,0,0,1,0,1,3,1,0,0,0,0,0,0,1,0,0,0,0,0.15,0,0,0
Golgari Brownscale,18,294,0,14,17,343,1,1,0,1,1,1,3,1,0,0,0,0,0,0,0,1,0,0,2,0.25,0,0,0
Golgari Cluestone,17,93,103,12,8,233,0,2,-2,1,0,1,3,1,0,0,0,0,0,0,1,0,0,0,0,0.14,0,0,0
Golgari Guildgate,17,87,108,10,11,233,0,2,-2,1,1,1,0,1,0,0,0,0,0,0,0,0,1,0,0,0.15,0,0,0
Golgari Guildgate,17,87,99,10,11,224,0,2,-2,1,1,1,0,1,0,0,0,0,0,0,0,0,1,0,0,0.16,0,0,0
Golgari Longlegs,16,0,123,11,17,167,2,2,0,1,1,1,5,1,0,0,0,0,0,0,0,1,0,0,2,0.14,0,0,0
Golgari Rot Farm,16,175,0,9,4,204,0,2,-2,1,0,1,0,1,0,0,0,0,0,0,0,0,1,0,0,0.25,0,0,0
Golgari Rotwurm,15,54,97,13,22,201,2,2,0,1,2,1,5,1,0,0,0,0,0,0,0,1,0,0,2,0.15,0,0,0
Golgari Signet,14,39,149,16,8,226,0,2,-2,1,0,1,2,1,0,0,0,0,0,0,1,0,0,0,0,0.19,0,0,0
Gone Missing,12,155,75,11,7,260,1,1,0,1,0,1,5,1,0,0,0,0,1,0,0,0,0,0,1,0.13,0,0,0
Gore Swine,10,0,132,9,15,166,1,1,0,1,1,1,3,1,0,0,0,0,0,0,0,1,0,0,1,0.14,0,0,0
Gorehorn Minotaurs,18,126,121,14,27,306,1,1,0,1,2,1,4,1,0,0,0,0,0,0,0,1,0,0,2,0.14,0,0,0
Gore-House Chainwalker,22,142,58,9,24,255,1,1,0,1,2,1,2,1,0,0,0,0,0,0,0,1,0,0,1,0.15,0,0,0
Gorger Wurm,11,159,71,13,15,269,2,2,0,1,1,1,5,1,0,0,0,0,0,0,0,1,0,0,2,0.15,0,0,0
Gorgon Recluse,14,252,0,13,17,296,1,1,0,1,1,1,5,1,0,0,0,0,0,0,0,1,0,0,2,0.18,0,0,0
Gossamer Phantasm,17,85,144,10,19,275,1,1,0,1,1,1,2,1,0,0,0,0,0,0,0,1,0,0,1,0.15,0,0,0
Graceful Cat,12,63,106,11,14,206,1,1,0,1,1,1,3,1,0,0,0,0,0,0,0,1,0,0,1,0.14,0,0,0
Graf Rats,9,169,0,11,14,203,1,1,0,1,1,1,2,1,0,0,0,0,0,0,0,1,0,0,1,0.15,0,0,0
Granitic Titan,14,57,41,15,20,147,1,1,0,1,1,1,6,1,0,0,0,0,0,0,0,1,0,0,2,0.11,0,0,0
Grapeshot,9,180,76,12,7,284,1,1,0,1,0,1,2,1,0,0,0,0,1,0,0,0,0,0,1,0.4,0,0,0
Grapple with the Past,21,138,64,11,7,241,1,1,0,1,0,1,2,1,0,0,0,1,0,0,0,0,0,0,1,0.17,0,0,0
Grappler Spider,15,54,146,10,17,242,1,1,0,1,1,1,2,1,0,0,0,0,0,0,0,1,0,0,1,0.15,0,0,0
Grasp of Darkness,17,45,76,12,7,157,1,1,0,1,0,1,2,1,0,0,0,1,0,0,0,0,0,0,2,0.62,0,0,0
Grasp of the Hieromancer,24,135,78,13,18,268,1,1,0,1,1,1,2,1,0,0,0,0,0,1,0,0,0,0,1,0.15,0,0,0
Grave Birthing,14,220,0,16,7,257,0,1,-1,1,0,1,3,1,0,0,0,1,0,0,0,0,0,0,1,0.12,0,0,0
Grave Bramble,13,33,23,13,16,98,1,1,0,1,1,1,3,1,0,0,0,0,0,0,0,1,0,0,2,0.14,0,0,0
Grave Exchange,14,98,58,18,7,195,1,1,0,1,0,1,6,1,0,0,0,0,1,0,0,0,0,0,2,0.14,0,0,0
Grave Peril,11,105,125,7,11,259,1,1,0,1,0,1,2,1,0,0,0,0,0,1,0,0,0,0,1,0.15,0,0,0
Grave Scrabbler,15,287,0,11,17,330,1,1,0,1,1,1,4,1,0,0,0,0,0,0,0,1,0,0,1,0.23,0,0,0
Gravedigger,11,110,75,12,17,225,1,1,0,1,1,1,4,1,0,0,0,0,0,0,0,1,0,0,1,0.14,0,0,0
Gravedigger,11,110,67,12,17,217,1,1,0,1,1,1,4,1,0,0,0,0,0,0,0,1,0,0,1,0.15,0,0,0
Gravedigger,11,110,67,12,17,217,1,1,0,1,1,1,4,1,0,0,0,0,0,0,0,1,0,0,1,0.15,0,0,0
Gravedigger,11,110,67,12,17,217,1,1,0,1,1,1,4,1,0,0,0,0,0,0,0,1,0,0,1,0.15,0,0,0
Gravedigger,11,110,87,12,17,237,1,1,0,1,1,1,4,1,0,0,0,0,0,0,0,1,0,0,1,0.15,0,0,0
Gravedigger,11,110,50,12,17,200,1,1,0,1,1,1,4,1,0,0,0,0,0,0,0,1,0,0,1,0.15,0,0,0
Gravelgill Axeshark,19,152,95,12,26,304,2,2,0,1,2,1,5,1,0,0,0,0,0,0,0,1,0,0,1,0.15,0,0,0
Gravelgill Duo,14,229,0,17,32,292,2,2,0,1,3,1,3,1,0,0,0,0,0,0,0,1,0,0,1,0.15,0,0,0
Graven Abomination,18,89,58,13,26,204,0,0,0,2,1,1,3,1,0,0,0,0,0,0,1,1,0,0,0,0.13,0,0,0
Gravepurge,10,96,99,12,7,224,1,1,0,1,0,1,3,1,0,0,0,1,0,0,0,0,0,0,1,0.15,0,0,0
Gravepurge,10,96,87,9,7,209,1,1,0,1,0,1,3,1,0,0,0,1,0,0,0,0,0,0,1,0.15,0,0,0
Gravity Negator,15,190,0,11,24,240,0,1,-1,1,2,1,4,1,0,0,0,0,0,0,0,1,0,0,1,0.12,0,0,0
Gray Merchant of Asphodel,25,257,0,14,17,313,1,1,0,1,1,1,5,1,0,0,0,0,0,0,0,1,0,0,2,0.24,0,0,0
Graypelt Hunter,15,139,64,15,29,262,1,1,0,1,3,1,4,1,0,0,0,0,0,0,0,1,0,0,1,0.15,0,0,0
Grayscaled Gharial,18,91,106,10,20,245,1,1,0,1,1,1,1,1,0,0,0,0,0,0,0,1,0,0,1,0.16,0,0,0
Grazing Gladehart,17,90,118,13,19,257,1,1,0,1,1,1,3,1,0,0,0,0,0,0,0,1,0,0,1,0.16,0,0,0
Grazing Kelpie,14,256,0,11,16,297,2,2,0,1,1,1,4,1,0,0,0,0,0,0,0,1,0,0,1,0.15,0,0,0
Grazing Whiptail,16,5,153,14,19,207,1,1,0,1,1,1,4,1,0,0,0,0,0,0,0,1,0,0,2,0.14,0,0,0
Great Furnace,13,31,65,13,13,135,0,1,-1,2,0,1,0,1,0,0,0,0,0,0,1,0,1,0,0,1.18,1,0,0
Great Hart,10,0,302,19,14,345,1,1,0,1,1,1,4,1,0,0,0,0,0,0,0,1,0,0,1,0.15,0,0,0
Greater Basilisk,16,83,59,11,19,188,1,1,0,1,1,1,5,1,0,0,0,0,0,0,0,1,0,0,2,0.14,0,0,0
Greater Basilisk,16,83,59,11,19,188,1,1,0,1,1,1,5,1,0,0,0,0,0,0,0,1,0,0,2,0.15,0,0,0
Greater Mossdog,15,212,18,6,22,273,1,1,0,1,2,1,4,1,0,0,0,0,0,0,0,1,0,0,1,0.15,0,0,0
Greater Sandwurm,16,119,116,15,15,281,1,1,0,1,1,1,7,1,0,0,0,0,0,0,0,1,0,0,2,0.11,0,0,0
Great-Horn Krushok,18,0,118,7,16,159,1,1,0,1,1,1,5,1,0,0,0,0,0,0,0,1,0,0,1,0.14,0,0,0
Greenseeker,11,133,127,12,26,309,1,1,0,1,2,1,1,1,0,0,0,0,0,0,0,1,0,0,1,0.17,0,0,0
Greenside Watcher,17,23,77,11,20,148,1,1,0,1,2,1,2,1,0,0,0,0,0,0,0,1,0,0,1,0.14,0,0,0
Gremlin Mine,12,192,0,12,8,224,0,0,0,1,0,1,1,1,0,0,0,0,0,0,1,0,0,0,0,0.14,0,0,0
Griffin Dreamfinder,19,120,95,13,18,265,1,1,0,1,1,1,5,1,0,0,0,0,0,0,0,1,0,0,2,0.14,0,0,0
Griffin Protector,17,123,68,19,18,245,1,1,0,1,1,1,4,1,0,0,0,0,0,0,0,1,0,0,1,0.14,0,0,0
Griffin Rider,13,83,139,14,23,272,1,1,0,1,2,1,2,1,0,0,0,0,0,0,0,1,0,0,1,0.15,0,0,0
Griffin Sentinel,16,64,98,11,18,207,1,1,0,1,1,1,3,1,0,0,0,0,0,0,0,1,0,0,1,0.14,0,0,0
Griffin Sentinel,16,64,98,11,18,207,1,1,0,1,1,1,3,1,0,0,0,0,0,0,0,1,0,0,1,0.14,0,0,0
Griffin Sentinel,16,64,98,11,18,207,1,1,0,1,1,1,3,1,0,0,0,0,0,0,0,1,0,0,1,0.15,0,0,0
Grim Affliction,15,189,41,10,7,262,1,1,0,1,0,1,3,1,0,0,0,1,0,0,0,0,0,0,1,0.17,0,0,0
Grim Contest,12,150,88,12,7,269,2,2,0,1,0,1,3,1,0,0,0,1,0,0,0,0,0,0,2,0.15,0,0,0
Grim Discovery,14,144,96,19,7,280,1,1,0,1,0,1,2,1,0,0,0,0,1,0,0,0,0,0,1,0.15,0,0,0
Grim Guardian,13,132,104,11,29,289,1,1,0,2,1,1,3,1,0,0,0,0,0,1,0,1,0,0,1,0.15,0,0,0
Grim Harvest,12,253,0,29,7,301,1,1,0,1,0,1,2,1,0,0,0,1,0,0,0,0,0,0,1,0.2,0,0,0
Grim Roustabout,15,178,40,15,27,275,1,1,0,1,2,1,2,1,0,0,0,0,0,0,0,1,0,0,1,0.14,0,0,0
Grimclaw Bats,13,67,63,15,14,172,1,1,0,1,1,1,2,1,0,0,0,0,0,0,0,1,0,0,1,0.14,0,0,0
Grinning Ignus,14,142,109,9,20,294,1,1,0,1,1,1,3,1,0,0,0,0,0,0,0,1,0,0,1,0.16,0,0,0
Griptide,8,50,128,13,7,206,1,1,0,1,0,1,4,1,0,0,0,1,0,0,0,0,0,0,1,0.14,0,0,0
Griptide,8,50,165,13,7,243,1,1,0,1,0,1,4,1,0,0,0,1,0,0,0,0,0,0,1,0.14,0,0,0
Grisly Salvage,14,144,44,12,7,221,2,2,0,1,0,1,2,1,0,0,0,1,0,0,0,0,0,0,2,0.17,0,0,0
Grisly Spectacle,16,167,129,12,7,331,1,1,0,1,0,1,4,1,0,0,0,1,0,0,0,0,0,0,2,0.15,0,0,0
Grisly Survivor,15,83,134,12,27,271,1,1,0,1,2,1,3,1,0,0,0,0,0,0,0,1,0,0,1,0.14,0,0,0
Grisly Transformation,21,211,0,14,18,264,1,1,0,1,1,1,3,1,0,0,0,0,0,1,0,0,0,0,1,0.14,0,0,0
Grixis Grimblade,16,184,0,14,25,239,3,3,0,1,2,1,2,1,0,0,0,0,0,0,0,1,0,0,2,0.2,0,0,0
Grixis Illusionist,18,90,65,10,23,206,1,1,0,1,2,1,1,1,0,0,0,0,0,0,0,1,0,0,1,0.15,0,0,0
Grixis Panorama,15,199,70,9,4,297,0,0,0,1,0,1,0,1,0,0,0,0,0,0,0,0,1,0,0,0.19,0,0,0
Grixis Sojourners,17,145,0,9,22,193,3,3,0,1,2,1,4,1,0,0,0,0,0,0,0,1,0,0,3,0.15,0,0,0
Grizzled Leotau,15,0,182,15,14,226,2,2,0,1,1,1,2,1,0,0,0,0,0,0,0,1,0,0,2,0.2,0,0,0
Grizzled Outcasts,17,95,87,14,25,238,1,1,0,1,2,1,5,1,0,0,0,0,0,0,0,1,0,0,1,0.15,0,0,0
Grizzly Bears,13,0,212,18,15,258,1,1,0,1,1,1,2,1,0,0,0,0,0,0,0,1,0,0,1,0.15,0,0,0
Grizzly Bears,13,0,212,18,15,258,1,1,0,1,1,1,2,1,0,0,0,0,0,0,0,1,0,0,1,0.15,0,0,0
Grizzly Bears,13,0,188,18,15,234,1,1,0,1,1,1,2,1,0,0,0,0,0,0,0,1,0,0,1,0.15,0,0,0
Groffskithur,12,118,41,11,16,198,1,1,0,1,1,1,6,1,0,0,0,0,0,0,0,1,0,0,1,0.15,0,0,0
Grotag Siege-Runner,19,140,84,29,23,295,1,1,0,1,2,1,2,1,0,0,0,0,0,0,0,1,0,0,1,0.14,0,0,0
Grotag Thrasher,15,72,76,13,17,193,1,1,0,1,1,1,5,1,0,0,0,0,0,0,0,1,0,0,1,0.14,0,0,0
Grotesque Mutation,18,146,0,9,7,180,1,1,0,1,0,1,2,1,0,0,0,1,0,0,0,0,0,0,1,0.14,0,0,0
Ground Rift,11,179,78,14,7,289,1,1,0,1,0,1,1,1,0,0,0,0,1,0,0,0,0,0,1,0.17,0,0,0
Grounded,8,49,145,12,18,232,1,1,0,1,1,1,2,1,0,0,0,0,0,1,0,0,0,0,1,0.13,0,0,0
Groundshaker Sliver,19,211,0,11,17,258,1,1,0,1,1,1,7,1,0,0,0,0,0,0,0,1,0,0,1,0.15,0,0,0
Groundswell,11,178,31,10,7,237,1,1,0,1,0,1,1,1,0,0,0,1,0,0,0,0,0,0,1,0.93,0,0,0
Growth Spasm,12,219,0,9,7,247,1,1,0,1,0,1,3,1,0,0,0,0,1,0,0,0,0,0,1,0.23,0,0,0
Gruesome Deformity,18,147,84,12,18,279,1,1,0,1,1,1,1,1,0,0,0,0,0,1,0,0,0,0,1,0.14,0,0,0
Gruesome Discovery,18,186,0,11,7,222,1,1,0,1,0,1,4,1,0,0,0,0,1,0,0,0,0,0,2,0.13,0,0,0
Gruul Cluestone,15,91,122,12,8,248,0,2,-2,1,0,1,3,1,0,0,0,0,0,0,1,0,0,0,0,0.14,0,0,0
Gruul Guildgate,15,85,47,14,11,172,0,2,-2,1,1,1,0,1,0,0,0,0,0,0,0,0,1,0,0,0.15,0,0,0
Gruul Guildgate,15,85,124,14,11,249,0,2,-2,1,1,1,0,1,0,0,0,0,0,0,0,0,1,0,0,0.16,0,0,0
Gruul Nodorog,13,105,75,12,16,221,1,2,-1,1,1,1,6,1,0,0,0,0,0,0,0,1,0,0,2,0.15,0,0,0
Gruul Scrapper,14,118,124,10,26,292,1,2,-1,1,2,1,4,1,0,0,0,0,0,0,0,1,0,0,1,0.15,0,0,0
Gruul Signet,12,39,116,15,8,190,0,2,-2,1,0,1,2,1,0,0,0,0,0,0,1,0,0,0,0,0.2,0,0,0
Gruul Turf,10,163,0,9,4,186,0,2,-2,1,0,1,0,1,0,0,0,0,0,0,0,0,1,0,0,0.31,0,0,0
Gryff Vanguard,14,63,114,10,23,224,1,1,0,1,2,1,5,1,0,0,0,0,0,0,0,1,0,0,1,0.14,0,0,0
Guard Duty,10,49,66,13,18,156,1,1,0,1,1,1,1,1,0,0,0,0,0,1,0,0,0,0,1,0.15,0,0,0
Guardian Automaton,18,46,129,13,29,235,0,0,0,2,1,1,4,1,0,0,0,0,0,0,1,1,0,0,0,0.14,0,0,0
Guardian Lions,14,57,32,13,14,130,1,1,0,1,1,1,5,1,0,0,0,0,0,0,0,1,0,0,1,0.14,0,0,0
Guardian of Pilgrims,20,95,111,12,24,262,1,1,0,1,2,1,2,1,0,0,0,0,0,0,0,1,0,0,1,0.14,0,0,0
Guardian of the Guildpact,25,27,212,11,17,292,1,1,0,1,1,1,4,1,0,0,0,0,0,0,0,1,0,0,1,0.21,0,0,0
Guardian of Vitu-Ghazi,22,158,73,14,20,287,2,2,0,1,1,1,8,1,0,0,0,0,0,0,0,1,0,0,2,0.15,0,0,0
Guardian Shield-Bearer,22,264,0,12,24,322,1,1,0,1,2,1,2,1,0,0,0,0,0,0,0,1,0,0,1,0.14,0,0,0
Guardian Zendikon,17,154,0,9,18,198,1,1,0,1,1,1,3,1,0,0,0,0,0,1,0,0,0,0,1,0.15,0,0,0
Guardian's Magemark,19,74,83,17,18,211,1,1,0,1,1,1,3,1,0,0,0,0,0,1,0,0,0,0,1,0.15,0,0,0
Guardians of Akrasa,19,139,96,12,24,290,1,1,0,1,2,1,3,1,0,0,0,0,0,0,0,1,0,0,1,0.14,0,0,0
Guardians of Akrasa,19,139,90,12,24,284,1,1,0,1,2,1,3,1,0,0,0,0,0,0,0,1,0,0,1,0.16,0,0,0
Guardians of Meletis,20,38,190,17,25,290,0,0,0,2,1,1,3,1,0,0,0,0,0,0,1,1,0,0,0,0.14,0,0,0
Guardians of Meletis,20,38,190,17,25,290,0,0,0,2,1,1,3,1,0,0,0,0,0,0,1,1,0,0,0,0.14,0,0,0
Guardians' Pledge,17,56,77,19,7,176,1,1,0,1,0,1,3,1,0,0,0,1,0,0,0,0,0,0,2,0.17,0,0,0
Guildscorn Ward,15,69,71,11,18,184,1,1,0,1,1,1,1,1,0,0,0,0,0,1,0,0,0,0,1,0.14,0,0,0
Guise of Fire,13,79,136,12,18,258,1,1,0,1,1,1,1,1,0,0,0,0,0,1,0,0,0,0,1,0.13,0,0,0
Gurmag Angler,13,86,93,7,22,221,1,1,0,1,2,1,7,1,0,0,0,0,0,0,0,1,0,0,1,0.25,0,0,0
Gurmag Drowner,14,232,0,12,22,280,1,1,0,1,2,1,4,1,0,0,0,0,0,0,0,1,0,0,1,0.15,0,0,0
Gust Walker,11,166,20,15,23,235,1,1,0,1,2,1,2,1,0,0,0,0,0,0,0,1,0,0,1,0.15,0,0,0
Gustrider Exuberant,19,114,119,14,23,289,1,1,0,1,2,1,3,1,0,0,0,0,0,0,0,1,0,0,1,0.15,0,0,0
Gust-Skimmer,12,49,103,9,26,199,0,1,-1,2,1,1,2,1,0,0,0,0,0,0,1,1,0,0,0,0.14,0,0,0
Gutless Ghoul,13,43,130,18,22,226,1,1,0,1,1,1,3,1,0,0,0,0,0,0,0,1,0,0,1,0.16,0,0,0
Gutter Skulk,12,0,101,12,21,146,1,1,0,1,2,1,2,1,0,0,0,0,0,0,0,1,0,0,1,0.14,0,0,0
Guul Draz Vampire,17,188,63,12,24,304,1,1,0,1,2,1,1,1,0,0,0,0,0,0,0,1,0,0,1,0.19,0,0,0
Haazda Exonerator,17,54,127,10,23,231,1,1,0,1,2,1,1,1,0,0,0,0,0,0,0,1,0,0,1,0.15,0,0,0
Haazda Snare Squad,18,106,99,13,24,260,1,1,0,1,2,1,3,1,0,0,0,0,0,0,0,1,0,0,1,0.14,0,0,0
Hagra Crocodile,15,144,105,11,20,295,1,1,0,1,1,1,4,1,0,0,0,0,0,0,0,1,0,0,1,0.14,0,0,0
Halimar Depths,14,199,0,11,4,228,0,1,-1,1,0,1,0,1,0,0,0,0,0,0,0,0,1,0,0,0.67,0,0,0
Halimar Excavator,17,214,0,10,28,269,1,1,0,1,3,1,2,1,0,0,0,0,0,0,0,1,0,0,1,0.15,0,0,0
Halimar Wavewatch,17,195,0,12,26,250,1,1,0,1,2,1,2,1,0,0,0,0,0,0,0,1,0,0,1,0.16,0,0,0
Hallow,6,107,42,22,7,184,1,1,0,1,0,1,1,1,0,0,0,1,0,0,0,0,0,0,1,0.16,0,0,0
Hammerhand,10,207,0,16,18,251,1,1,0,1,1,1,1,1,0,0,0,0,0,1,0,0,0,0,1,0.15,0,0,0
Hand of Emrakul,15,170,93,6,18,302,0,0,0,1,1,1,9,1,0,0,0,0,0,0,0,1,0,0,0,0.17,0,0,0
Hand of Silumgar,16,83,115,13,24,251,1,1,0,1,2,1,2,1,0,0,0,0,0,0,0,1,0,0,1,0.15,0,0,0
Hands of Binding,16,326,0,16,7,365,1,1,0,1,0,1,2,1,0,0,0,0,1,0,0,0,0,0,1,0.15,0,0,0
Hanweir Lancer,14,257,0,14,23,308,1,1,0,1,2,1,3,1,0,0,0,0,0,0,0,1,0,0,1,0.13,0,0,0
Harbinger of Spring,19,178,0,11,17,225,1,1,0,1,1,1,5,1,0,0,0,0,0,0,0,1,0,0,1,0.16,0,0,0
Harbor Serpent,14,177,78,7,18,294,1,1,0,1,1,1,6,1,0,0,0,0,0,0,0,1,0,0,2,0.14,0,0,0
Harbor Serpent,14,177,78,7,18,294,1,1,0,1,1,1,6,1,0,0,0,0,0,0,0,1,0,0,2,0.14,0,0,0
Harbor Serpent,14,177,78,7,18,294,1,1,0,1,1,1,6,1,0,0,0,0,0,0,0,1,0,0,2,0.14,0,0,0
Hardened Berserker,18,94,67,12,26,217,1,1,0,1,2,1,3,1,0,0,0,0,0,0,0,1,0,0,1,0.14,0,0,0
Harmless Assault,16,79,136,6,7,244,1,1,0,1,0,1,4,1,0,0,0,1,0,0,0,0,0,0,2,0.15,0,0,0
Harrier Naga,12,0,98,14,23,147,1,1,0,1,2,1,3,1,0,0,0,0,0,0,0,1,0,0,1,0.1,0,0,0
Harrow,6,168,76,4,7,261,1,1,0,1,0,1,3,1,0,0,0,1,0,0,0,0,0,0,1,0.15,0,0,0
Harsh Deceiver,14,206,0,14,17,251,1,1,0,1,1,1,4,1,0,0,0,0,0,0,0,1,0,0,1,0.16,0,0,0
Harsh Sustenance,16,129,74,16,7,242,2,2,0,1,0,1,3,1,0,0,0,1,0,0,0,0,0,0,2,0.15,0,0,0
Harvest Gwyllion,16,70,107,9,14,216,2,2,0,1,1,1,4,1,0,0,0,0,0,0,0,1,0,0,2,0.15,0,0,0
Harvest Pyre,12,126,59,8,7,212,1,1,0,1,0,1,2,1,0,0,0,1,0,0,0,0,0,0,1,0.14,0,0,0
Harvestguard Alseids,20,180,45,13,28,286,1,1,0,2,1,1,3,1,0,0,0,0,0,1,0,1,0,0,1,0.15,0,0,0
Haunted Fengraf,15,135,27,13,4,194,0,0,0,1,0,1,0,1,0,0,0,0,0,0,0,0,1,0,0,0.15,0,0,0
Havengul Skaab,14,89,75,13,24,215,1,1,0,1,2,1,6,1,0,0,0,0,0,0,0,1,0,0,1,0.13,0,0,0
Havenwood Wurm,14,75,151,14,15,269,1,1,0,1,1,1,7,1,0,0,0,0,0,0,0,1,0,0,1,0.15,0,0,0
Haze Frog,9,175,50,13,15,262,1,1,0,1,1,1,5,1,0,0,0,0,0,0,0,1,0,0,2,0.14,0,0,0
Haze of Pollen,14,107,56,8,7,192,1,1,0,1,0,1,2,1,0,0,0,1,0,0,0,0,0,0,1,0.15,0,0,0
Headless Skaab,14,134,68,12,25,253,1,1,0,1,2,1,3,1,0,0,0,0,0,0,0,1,0,0,1,0.14,0,0,0
Headstrong Brute,16,96,94,12,21,239,1,1,0,1,2,1,3,1,0,0,0,0,0,0,0,1,0,0,1,0.14,0,0,0
Headwater Sentries,18,0,116,11,26,171,1,1,0,1,2,1,4,1,0,0,0,0,0,0,0,1,0,0,1,0.13,0,0,0
Heal the Scars,14,77,158,10,7,266,1,1,0,1,0,1,4,1,0,0,0,1,0,0,0,0,0,0,1,0.15,0,0,0
Healer's Headdress,18,276,0,14,20,328,0,1,-1,1,1,1,2,1,0,0,0,0,0,0,1,0,0,0,0,0.14,0,0,0
Healing Hands,13,40,66,12,7,138,1,1,0,1,0,1,3,1,0,0,0,0,1,0,0,0,0,0,1,0.15,0,0,0
Healing Leaves,14,130,119,14,7,284,1,1,0,1,0,1,1,1,0,0,0,1,0,0,0,0,0,0,1,0.17,0,0,0
Healing Salve,13,130,0,22,7,172,1,1,0,1,0,1,1,1,0,0,0,1,0,0,0,0,0,0,1,0.15,0,0,0
Heart of Light,14,189,93,12,18,326,1,1,0,1,1,1,3,1,0,0,0,0,0,1,0,0,0,0,1,0.15,0,0,0
Heart of Light,14,189,74,12,18,307,1,1,0,1,1,1,3,1,0,0,0,0,0,1,0,0,0,0,1,0.15,0,0,0
Hearth Kami,11,79,171,12,17,290,1,1,0,1,1,1,2,1,0,0,0,0,0,0,0,1,0,0,1,0.15,0,0,0
Heartlash Cinder,16,180,0,14,28,238,1,1,0,1,2,1,2,1,0,0,0,0,0,0,0,1,0,0,1,0.15,0,0,0
Heartstabber Mosquito,21,173,0,11,17,222,1,1,0,1,1,1,4,1,0,0,0,0,0,0,0,1,0,0,1,0.14,0,0,0
Heat Ray,8,43,99,10,7,167,1,1,0,1,0,1,1,1,0,0,0,1,0,0,0,0,0,0,1,0.15,0,0,0
Heavy Infantry,14,85,71,13,24,207,1,1,0,1,2,1,5,1,0,0,0,0,0,0,0,1,0,0,1,0.13,0,0,0
Heavy Mattock,13,180,0,13,20,226,0,0,0,1,1,1,3,1,0,0,0,0,0,0,1,0,0,0,0,0.13,0,0,0
Hedron Blade,12,299,0,11,20,342,0,0,0,1,1,1,1,1,0,0,0,0,0,0,1,0,0,0,0,0.14,0,0,0
Hedron Crawler,14,64,85,16,29,208,0,0,0,2,1,1,2,1,0,0,0,0,0,0,1,1,0,0,0,0.15,0,0,0
Hedron Rover,12,112,109,11,29,273,0,0,0,2,1,1,4,1,0,0,0,0,0,0,1,1,0,0,0,0.15,0,0,0
Hedron Scrabbler,16,116,102,11,29,274,0,0,0,2,1,1,2,1,0,0,0,0,0,0,1,1,0,0,0,0.15,0,0,0
Heirs of Stromkirk,18,205,0,13,18,254,1,1,0,1,1,1,4,1,0,0,0,0,0,0,0,1,0,0,2,0.14,0,0,0
Hekma Sentinels,15,83,105,11,23,237,1,1,0,1,2,1,3,1,0,0,0,0,0,0,0,1,0,0,1,0.1,0,0,0
Heliod's Pilgrim,16,152,52,4,23,247,1,1,0,1,2,1,3,1,0,0,0,0,0,0,0,1,0,0,1,0.19,0,0,0
Heliophial,10,233,0,13,8,264,0,0,0,1,0,1,5,1,0,0,0,0,0,0,1,0,0,0,0,0.14,0,0,0
Helium Squirter,15,266,0,16,23,320,1,1,0,1,2,1,5,1,0,0,0,0,0,0,0,1,0,0,1,0.15,0,0,0
Helm of the Ghastlord,21,289,0,15,18,343,2,2,0,1,1,1,4,1,0,0,0,0,0,1,0,0,0,0,1,0.19,0,0,0
Hematite Golem,14,52,147,13,25,251,0,1,-1,2,1,1,4,1,0,0,0,0,0,0,1,1,0,0,0,0.14,0,0,0
Henchfiend of Ukor,18,224,0,9,15,266,1,2,-1,1,1,1,4,1,0,0,0,0,0,0,0,1,0,0,1,0.15,0,0,0
Herald of Dromoka,17,61,77,11,24,190,1,1,0,1,2,1,2,1,0,0,0,0,0,0,0,1,0,0,1,0.15,0,0,0
Herald of the Fair,18,105,127,15,16,281,1,1,0,1,1,1,3,1,0,0,0,0,0,0,0,1,0,0,1,0.1,0,0,0
Herbal Poultice,15,59,130,13,8,225,0,0,0,1,0,1,0,1,0,0,0,0,0,0,1,0,0,0,0,0.15,0,0,0
Herd Gnarr,10,109,121,11,16,267,1,1,0,1,1,1,4,1,0,0,0,0,0,0,0,1,0,0,1,0.15,0,0,0
Hexplate Golem,14,0,103,12,25,154,0,0,0,2,1,1,7,1,0,0,0,0,0,0,1,1,0,0,0,0.12,0,0,0
Hidden Strings,14,306,0,7,7,334,1,1,0,1,0,1,2,1,0,0,0,0,1,0,0,0,0,0,1,0.16,0,0,0
Hideous End,11,62,120,29,7,229,1,1,0,1,0,1,3,1,0,0,0,1,0,0,0,0,0,0,2,0.14,0,0,0
Hideous Visage,14,173,47,9,7,250,1,1,0,1,0,1,3,1,0,0,0,0,1,0,0,0,0,0,1,0.14,0,0,0
Hieroglyphic Illumination,25,66,58,12,7,168,1,1,0,1,0,1,4,1,0,0,0,1,0,0,0,0,0,0,1,0.15,0,0,0
Hierophant's Chalice,20,131,119,11,8,289,0,0,0,1,0,1,3,1,0,0,0,0,0,0,1,0,0,0,0,0.14,0,0,0
Highborn Ghoul,14,117,94,11,17,253,1,1,0,1,1,1,2,1,0,0,0,0,0,0,0,1,0,0,2,0.15,0,0,0
Highland Berserker,18,163,24,10,31,246,1,1,0,1,3,1,2,1,0,0,0,0,0,0,0,1,0,0,1,0.15,0,0,0
Highland Game,13,41,114,21,14,203,1,1,0,1,1,1,2,1,0,0,0,0,0,0,0,1,0,0,1,0.14,0,0,0
Highland Lake,13,83,71,21,4,192,0,2,-2,1,0,1,0,1,0,0,0,0,0,0,0,0,1,0,0,0.24,0,0,0
Highspire Artisan,17,194,0,15,24,250,1,1,0,1,2,1,3,1,0,0,0,0,0,0,0,1,0,0,1,0.1,0,0,0
Highspire Infusion,18,83,145,15,7,268,1,1,0,1,0,1,2,1,0,0,0,1,0,0,0,0,0,0,1,0.13,0,0,0
Hightide Hermit,15,182,0,10,15,222,1,1,0,1,1,1,5,1,0,0,0,0,0,0,0,1,0,0,1,0.1,0,0,0
Highway Robber,14,93,48,10,26,191,1,1,0,1,2,1,4,1,0,0,0,0,0,0,0,1,0,0,2,0.15,0,0,0
Highway Robber,14,93,48,10,26,191,1,1,0,1,2,1,4,1,0,0,0,0,0,0,0,1,0,0,2,0.15,0,0,0
Hijack,6,106,61,20,7,200,1,1,0,1,0,1,3,1,0,0,0,0,1,0,0,0,0,0,2,0.1,0,0,0
Hijack,6,106,142,15,7,276,1,1,0,1,0,1,3,1,0,0,0,0,1,0,0,0,0,0,2,0.14,0,0,0
Hill Giant,10,0,114,11,16,151,1,1,0,1,1,1,4,1,0,0,0,0,0,0,0,1,0,0,1,0.15,0,0,0
Hill Giant,10,0,153,11,16,190,1,1,0,1,1,1,4,1,0,0,0,0,0,0,0,1,0,0,1,0.15,0,0,0
Hill Giant,10,0,153,10,16,189,1,1,0,1,1,1,4,1,0,0,0,0,0,0,0,1,0,0,1,0.15,0,0,0
Hillcomber Giant,16,94,117,13,22,262,1,1,0,1,2,1,4,1,0,0,0,0,0,0,0,1,0,0,2,0.15,0,0,0
Hindering Light,15,78,176,10,7,286,2,2,0,1,0,1,2,1,0,0,0,1,0,0,0,0,0,0,2,0.48,0,0,0
Hinterland Drake,16,55,128,12,16,227,1,1,0,1,1,1,3,1,0,0,0,0,0,0,0,1,0,0,1,0.1,0,0,0
Hinterland Hermit,17,95,51,15,25,203,1,1,0,1,2,1,2,1,0,0,0,0,0,0,0,1,0,0,1,0.14,0,0,0
Hinterland Logger,17,95,142,13,25,292,1,1,0,1,2,1,2,1,0,0,0,0,0,0,0,1,0,0,1,0.14,0,0,0
Hinterland Scourge,18,153,51,15,19,256,1,1,0,1,1,1,2,1,0,0,0,0,0,0,0,1,0,0,0,0.14,0,0,0
Hired Torturer,14,103,80,13,22,232,1,1,0,1,2,1,3,1,0,0,0,0,0,0,0,1,0,0,1,0.14,0,0,0
Hisoka's Defiance,17,38,110,16,7,188,1,1,0,1,0,1,2,1,0,0,0,1,0,0,0,0,0,0,1,0.16,0,0,0
Hisoka's Guard,14,239,0,13,23,289,1,1,0,1,2,1,2,1,0,0,0,0,0,0,0,1,0,0,1,0.16,0,0,0
Hissing Iguanar,15,92,98,17,17,239,1,1,0,1,1,1,3,1,0,0,0,0,0,0,0,1,0,0,1,0.16,0,0,0
Hitchclaw Recluse,17,54,46,12,17,146,1,1,0,1,1,1,3,1,0,0,0,0,0,0,0,1,0,0,1,0.14,0,0,0
Hive Stirrings,14,48,145,14,7,228,1,1,0,1,0,1,3,1,0,0,0,0,1,0,0,0,0,0,1,0.16,0,0,0
Hobgoblin Dragoon,17,20,172,12,24,245,2,2,0,1,2,1,3,1,0,0,0,0,0,0,0,1,0,0,1,0.15,0,0,0
Hold at Bay,11,85,106,9,7,218,1,1,0,1,0,1,2,1,0,0,0,1,0,0,0,0,0,0,1,0.15,0,0,0
Holdout Settlement,18,152,67,13,4,254,0,0,0,1,0,1,0,1,0,0,0,0,0,0,0,0,1,0,0,0.14,0,0,0
Hollow Dogs,11,62,67,13,23,176,1,1,0,1,2,1,5,1,0,0,0,0,0,0,0,1,0,0,1,0.15,0,0,0
Hollowhenge Beast,17,0,53,12,16,98,1,1,0,1,1,1,5,1,0,0,0,0,0,0,0,1,0,0,2,0.13,0,0,0
Holy Day,8,56,93,12,7,176,1,1,0,1,0,1,1,1,0,0,0,1,0,0,0,0,0,0,1,0.25,0,0,0
Holy Day,8,56,94,12,7,177,1,1,0,1,0,1,1,1,0,0,0,1,0,0,0,0,0,0,1,0.27,0,0,0
Holy Day,8,56,153,11,7,235,1,1,0,1,0,1,1,1,0,0,0,1,0,0,0,0,0,0,1,0.55,0,0,0
Holy Strength,13,47,136,14,18,228,1,1,0,1,1,1,1,1,0,0,0,0,0,1,0,0,0,0,1,0.14,0,0,0
Holy Strength,13,47,136,14,18,228,1,1,0,1,1,1,1,1,0,0,0,0,0,1,0,0,0,0,1,0.14,0,0,0
Holy Strength,13,47,0,16,18,94,1,1,0,1,1,1,1,1,0,0,0,0,0,1,0,0,0,0,1,0.15,0,0,0
Holy Strength,13,47,59,16,18,153,1,1,0,1,1,1,1,1,0,0,0,0,0,1,0,0,0,0,1,0.15,0,0,0
Holy Strength,13,47,89,14,18,181,1,1,0,1,1,1,1,1,0,0,0,0,0,1,0,0,0,0,1,0.16,0,0,0
Homing Sliver,13,209,0,15,17,254,1,1,0,1,1,1,3,1,0,0,0,0,0,0,0,1,0,0,1,0.28,0,0,0
Honed Khopesh,13,110,35,12,20,190,0,0,0,1,1,1,1,1,0,0,0,0,0,0,1,0,0,0,0,0.13,0,0,0
Honor Guard,11,46,115,8,24,204,1,1,0,1,2,1,1,1,0,0,0,0,0,0,0,1,0,0,1,0.15,0,0,0
Honor Guard,11,46,40,8,24,129,1,1,0,1,2,1,1,1,0,0,0,0,0,0,0,1,0,0,1,0.15,0,0,0
Honor Guard,11,46,40,14,24,135,1,1,0,1,2,1,1,1,0,0,0,0,0,0,0,1,0,0,1,0.15,0,0,0
Hooded Assassin,15,158,0,12,25,210,1,1,0,1,2,1,3,1,0,0,0,0,0,0,0,1,0,0,1,0.15,0,0,0
Hooded Brawler,14,152,88,7,23,284,1,1,0,1,2,1,3,1,0,0,0,0,0,0,0,1,0,0,1,0.13,0,0,0
Hoof Skulkin,12,56,45,13,29,155,0,0,0,2,1,1,3,1,0,0,0,0,0,0,1,1,0,0,0,0.15,0,0,0
Hooting Mandrills,17,94,80,11,14,216,1,1,0,1,1,1,6,1,0,0,0,0,0,0,0,1,0,0,1,0.13,0,0,0
Hopeful Eidolon,15,293,0,7,29,344,1,1,0,2,1,1,1,1,0,0,0,0,0,1,0,1,0,0,1,0.16,0,0,0
Horizon Spellbomb,17,256,0,15,8,296,0,1,-1,1,0,1,1,1,0,0,0,0,0,0,1,0,0,0,0,0.14,0,0,0
Horncaller's Chant,18,132,107,13,7,277,1,1,0,1,0,1,8,1,0,0,0,0,1,0,0,0,0,0,1,0.15,0,0,0
Horned Helm,11,185,0,17,20,233,0,1,-1,1,1,1,2,1,0,0,0,0,0,0,1,0,0,0,0,0.15,0,0,0
Horned Troll,12,29,106,19,16,182,1,1,0,1,1,1,3,1,0,0,0,0,0,0,0,1,0,0,1,0.15,0,0,0
Horned Turtle,13,0,120,10,17,160,1,1,0,1,1,1,3,1,0,0,0,0,0,0,0,1,0,0,1,0.14,0,0,0
Horned Turtle,13,0,72,10,17,112,1,1,0,1,1,1,3,1,0,0,0,0,0,0,0,1,0,0,1,0.15,0,0,0
Horned Turtle,13,0,72,10,17,112,1,1,0,1,1,1,3,1,0,0,0,0,0,0,0,1,0,0,1,0.15,0,0,0
Hornet Harasser,15,72,106,9,24,226,1,1,0,1,2,1,4,1,0,0,0,0,0,0,0,1,0,0,2,0.15,0,0,0
Hornet Sting,12,57,84,12,7,172,1,1,0,1,0,1,1,1,0,0,0,1,0,0,0,0,0,0,1,0.15,0,0,0
Horobi's Whisper,16,260,0,14,16,306,1,1,0,1,1,1,3,1,0,0,0,1,0,0,0,0,0,0,2,0.15,0,0,0
Horrifying Revelation,21,102,119,10,7,259,1,1,0,1,0,1,1,1,0,0,0,0,1,0,0,0,0,0,1,0.14,0,0,0
Horror of the Broken Lands,26,151,66,7,17,267,1,1,0,1,1,1,5,1,0,0,0,0,0,0,0,1,0,0,1,0.14,0,0,0
Horror of the Dim,17,128,101,9,17,272,1,2,-1,1,1,1,5,1,0,0,0,0,0,0,0,1,0,0,1,0.14,0,0,0
Horseshoe Crab,14,26,115,15,15,185,1,1,0,1,1,1,3,1,0,0,0,0,0,0,0,1,0,0,1,0.18,0,0,0
Hostile Realm,13,77,143,9,18,260,1,1,0,1,1,1,3,1,0,0,0,0,0,1,0,0,0,0,1,0.15,0,0,0
Hotheaded Giant,15,122,77,11,24,249,1,1,0,1,2,1,4,1,0,0,0,0,0,0,0,1,0,0,1,0.15,0,0,0
Hound of the Farbogs,20,193,75,14,23,325,1,1,0,1,2,1,5,1,0,0,0,0,0,0,0,1,0,0,1,0.14,0,0,0
Hovermyr,8,17,101,9,23,158,0,0,0,2,1,1,2,1,0,0,0,0,0,0,1,1,0,0,0,0.16,0,0,0
Howlpack of Estwald,19,110,64,10,19,222,1,1,0,1,1,1,3,1,0,0,0,0,0,0,0,1,0,0,0,0.02,0,0,0
Howlpack Wolf,13,70,69,15,15,182,1,1,0,1,1,1,3,1,0,0,0,0,0,0,0,1,0,0,1,0.14,0,0,0
Huatli's Snubhorn,17,57,58,12,19,163,1,1,0,1,1,1,2,1,0,0,0,0,0,0,0,1,0,0,1,0.24,0,0,0
Hubris,6,75,64,12,7,164,1,1,0,1,0,1,2,1,0,0,0,1,0,0,0,0,0,0,1,0.15,0,0,0
Hulking Devil,13,0,145,13,16,187,1,1,0,1,1,1,4,1,0,0,0,0,0,0,0,1,0,0,1,0.14,0,0,0
Humble Budoka,13,66,106,19,21,225,1,1,0,1,2,1,2,1,0,0,0,0,0,0,0,1,0,0,1,0.15,0,0,0
Humbler of Mortals,18,163,89,11,32,313,1,1,0,2,1,1,6,1,0,0,0,0,0,1,0,1,0,0,2,0.15,0,0,0
Hundred-Talon Kami,18,148,0,13,17,196,1,1,0,1,1,1,5,1,0,0,0,0,0,0,0,1,0,0,1,0.16,0,0,0
Hundred-Talon Strike,20,277,0,12,16,325,1,1,0,1,1,1,1,1,0,0,0,1,0,0,0,0,0,0,1,0.15,0,0,0
Hunger of the Howlpack,22,128,103,9,7,269,1,1,0,1,0,1,1,1,0,0,0,1,0,0,0,0,0,0,1,0.15,0,0,0
Hunger of the Nim,17,75,65,9,7,173,1,1,0,1,0,1,2,1,0,0,0,0,1,0,0,0,0,0,1,0.14,0,0,0
Hungry Spriggan,15,74,86,11,25,211,1,1,0,1,2,1,3,1,0,0,0,0,0,0,0,1,0,0,1,0.15,0,0,0
Hunt Down,9,57,146,19,7,238,1,1,0,1,0,1,1,1,0,0,0,0,1,0,0,0,0,0,1,0.15,0,0,0
Hunt the Weak,13,165,60,12,7,257,1,1,0,1,0,1,4,1,0,0,0,0,1,0,0,0,0,0,1,0.1,0,0,0
Hunt the Weak,13,165,26,12,7,223,1,1,0,1,0,1,4,1,0,0,0,0,1,0,0,0,0,0,1,0.14,0,0,0
Hunt the Weak,13,165,26,12,7,223,1,1,0,1,0,1,4,1,0,0,0,0,1,0,0,0,0,0,1,0.14,0,0,0
Hunt the Weak,13,165,50,15,7,250,1,1,0,1,0,1,4,1,0,0,0,0,1,0,0,0,0,0,1,0.14,0,0,0
Hunted Ghoul,12,32,134,13,17,208,1,1,0,1,1,1,1,1,0,0,0,0,0,0,0,1,0,0,1,0.14,0,0,0
Hunter's Ambush,15,78,103,13,7,216,1,1,0,1,0,1,3,1,0,0,0,1,0,0,0,0,0,0,1,0.14,0,0,0
Hunters' Feast,14,46,112,12,7,191,1,1,0,1,0,1,4,1,0,0,0,0,1,0,0,0,0,0,1,0.15,0,0,0
Hurly-Burly,11,133,163,14,7,328,1,1,0,1,0,1,2,1,0,0,0,0,1,0,0,0,0,0,1,0.15,0,0,0
Hussar Patrol,13,77,155,12,23,280,2,2,0,1,2,1,4,1,0,0,0,0,0,0,0,1,0,0,2,0.14,0,0,0
Hydroform,9,94,78,11,7,199,2,2,0,1,0,1,2,1,0,0,0,1,0,0,0,0,0,0,2,0.14,0,0,0
Hydrosurge,10,45,34,14,7,110,1,1,0,1,0,1,1,1,0,0,0,1,0,0,0,0,0,0,1,0.13,0,0,0
Hydrosurge,10,45,34,14,7,110,1,1,0,1,0,1,1,1,0,0,0,1,0,0,0,0,0,0,1,0.14,0,0,0
Hyena Pack,10,0,91,13,16,130,1,1,0,1,1,1,4,1,0,0,0,0,0,0,0,1,0,0,2,0.13,0,0,0
Hyena Umbra,11,181,0,11,18,221,1,1,0,1,1,1,1,1,0,0,0,0,0,1,0,0,0,0,1,0.81,0,0,0
Hysterical Blindness,20,61,143,13,7,244,1,1,0,1,0,1,3,1,0,0,0,1,0,0,0,0,0,0,1,0.14,0,0,0
Icatian Crier,13,74,100,17,28,232,1,1,0,1,2,1,3,1,0,0,0,0,0,0,0,1,0,0,1,0.15,0,0,0
Ice Cage,8,190,0,11,18,227,1,1,0,1,1,1,2,1,0,0,0,0,0,1,0,0,0,0,1,0.14,0,0,0
Ice Cage,8,190,0,11,18,227,1,1,0,1,1,1,2,1,0,0,0,0,0,1,0,0,0,0,1,0.15,0,0,0
Ice Cage,8,190,0,11,18,227,1,1,0,1,1,1,2,1,0,0,0,0,0,1,0,0,0,0,1,0.15,0,0,0
Ice Over,8,98,75,19,18,218,1,1,0,1,1,1,2,1,0,0,0,0,0,1,0,0,0,0,1,0.1,0,0,0
Icefall,7,224,90,11,7,339,1,1,0,1,0,1,4,1,0,0,0,0,1,0,0,0,0,0,2,0.16,0,0,0
Ichor Slick,11,235,0,29,7,282,1,1,0,1,0,1,3,1,0,0,0,0,1,0,0,0,0,0,1,0.16,0,0,0
Ichor Wellspring,16,106,68,15,8,213,0,0,0,1,0,1,2,1,0,0,0,0,0,0,1,0,0,0,0,0.19,0,0,0
Ichorclaw Myr,13,198,0,14,23,248,0,0,0,2,1,1,2,1,0,0,0,0,0,0,1,1,0,0,0,1.08,1,0,0
Ideas Unbound,13,76,145,10,16,260,1,1,0,1,1,1,2,1,0,0,0,0,1,0,0,0,0,0,2,0.39,0,0,0
Igneous Pouncer,15,184,0,6,20,225,2,2,0,1,1,1,6,1,0,0,0,0,0,0,0,1,0,0,2,0.15,0,0,0
Ikiral Outrider,15,124,0,12,24,175,1,1,0,1,2,1,2,1,0,0,0,0,0,0,0,1,0,0,1,0.15,0,0,0
Ill-Tempered Cyclops,20,123,42,16,18,219,1,1,0,1,1,1,4,1,0,0,0,0,0,0,0,1,0,0,1,0.14,0,0,0
Illusionary Servant,19,87,106,12,19,243,1,1,0,1,1,1,3,1,0,0,0,0,0,0,0,1,0,0,2,0.17,0,0,0
Illusory Wrappings,18,69,139,20,18,264,1,1,0,1,1,1,3,1,0,0,0,0,0,1,0,0,0,0,1,0.12,0,0,0
Immolating Souleater,20,104,126,10,25,285,0,1,-1,2,1,1,2,1,0,0,0,0,0,0,1,1,0,0,0,0.15,0,0,0
Impact Tremors,14,110,85,12,11,232,1,1,0,1,0,1,2,1,0,0,0,0,0,1,0,0,0,0,1,0.42,0,0,0
Impaler Shrike,14,114,97,9,15,249,1,1,0,1,1,1,4,1,0,0,0,0,0,0,0,1,0,0,2,0.14,0,0,0
Impeccable Timing,17,74,129,12,7,239,1,1,0,1,0,1,2,1,0,0,0,1,0,0,0,0,0,0,1,0.11,0,0,0
Impeccable Timing,17,74,75,10,7,183,1,1,0,1,0,1,2,1,0,0,0,1,0,0,0,0,0,0,1,0.13,0,0,0
Impetuous Sunchaser,19,62,97,16,24,218,1,1,0,1,2,1,2,1,0,0,0,0,0,0,0,1,0,0,1,0.15,0,0,0
Implement of Combustion,23,163,71,14,8,279,0,1,-1,1,0,1,1,1,0,0,0,0,0,0,1,0,0,0,0,0.13,0,0,0
Implement of Examination,24,142,25,14,8,213,0,1,-1,1,0,1,3,1,0,0,0,0,0,0,1,0,0,0,0,0.12,0,0,0
Implement of Ferocity,21,225,0,10,8,264,0,1,-1,1,0,1,1,1,0,0,0,0,0,0,1,0,0,0,0,0.12,0,0,0
Implement of Improvement,24,146,19,13,8,210,0,1,-1,1,0,1,1,1,0,0,0,0,0,0,1,0,0,0,0,0.14,0,0,0
Implement of Malice,19,212,0,12,8,251,0,1,-1,1,0,1,2,1,0,0,0,0,0,0,1,0,0,0,0,0.12,0,0,0
In Oketra's Name,16,105,154,9,7,291,1,1,0,1,0,1,2,1,0,0,0,1,0,0,0,0,0,0,1,0.13,0,0,0
Inaction Injunction,19,165,72,14,7,277,1,1,0,1,0,1,2,1,0,0,0,0,1,0,0,0,0,0,1,0.14,0,0,0
Incinerate,10,120,99,29,7,265,1,1,0,1,0,1,2,1,0,0,0,1,0,0,0,0,0,0,1,0.17,0,0,0
Incinerate,10,120,78,29,7,244,1,1,0,1,0,1,2,1,0,0,0,1,0,0,0,0,0,0,1,0.22,0,0,0
Incite,6,76,85,10,7,184,1,1,0,1,0,1,1,1,0,0,0,1,0,0,0,0,0,0,1,0.14,0,0,0
Incite Hysteria,15,131,115,13,7,281,1,1,0,1,0,1,3,1,0,0,0,0,1,0,0,0,0,0,1,0.15,0,0,0
Incite War,10,189,0,22,7,228,1,1,0,1,0,1,3,1,0,0,0,1,0,0,0,0,0,0,1,0.14,0,0,0
Incubator Drone,15,191,54,16,24,300,0,1,-1,1,2,1,4,1,0,0,0,0,0,0,0,1,0,0,1,0.13,0,0,0
Incurable Ogre,14,0,164,14,22,214,1,1,0,1,2,1,4,1,0,0,0,0,0,0,0,1,0,0,1,0.15,0,0,0
Index,5,76,84,10,7,182,1,1,0,1,0,1,1,1,0,0,0,0,1,0,0,0,0,0,1,0.14,0,0,0
Index,5,76,100,10,7,198,1,1,0,1,0,1,1,1,0,0,0,0,1,0,0,0,0,0,1,0.15,0,0,0
Index,5,76,100,10,7,198,1,1,0,1,0,1,1,1,0,0,0,0,1,0,0,0,0,0,1,0.24,0,0,0
Indomitable Will,16,53,145,16,18,248,1,1,0,1,1,1,2,1,0,0,0,0,0,1,0,0,0,0,1,0.16,0,0,0
Induce Despair,14,182,31,13,7,247,1,1,0,1,0,1,3,1,0,0,0,1,0,0,0,0,0,0,1,0.15,0,0,0
Induce Paranoia,15,201,0,10,7,233,1,2,-1,1,0,1,4,1,0,0,0,1,0,0,0,0,0,0,2,0.17,0,0,0
Inertia Bubble,14,85,63,13,18,193,1,1,0,1,1,1,2,1,0,0,0,0,0,1,0,0,0,0,1,0.15,0,0,0
Inescapable Brute,17,113,63,9,24,226,1,1,0,1,2,1,6,1,0,0,0,0,0,0,0,1,0,0,1,0.15,0,0,0
Infantry Veteran,16,60,140,16,24,256,1,1,0,1,2,1,1,1,0,0,0,0,0,0,0,1,0,0,1,0.14,0,0,0
Infantry Veteran,16,60,110,16,24,226,1,1,0,1,2,1,1,1,0,0,0,0,0,0,0,1,0,0,1,0.15,0,0,0
Infectious Bloodlust,20,249,0,12,18,299,1,1,0,1,1,1,2,1,0,0,0,0,0,1,0,0,0,0,1,0.14,0,0,0
Infectious Horror,17,63,61,12,24,177,1,1,0,1,2,1,4,1,0,0,0,0,0,0,0,1,0,0,1,0.15,0,0,0
Infectious Host,15,54,105,7,17,198,1,1,0,1,1,1,3,1,0,0,0,0,0,0,0,1,0,0,1,0.15,0,0,0
Infernal Plunge,15,101,89,7,7,219,1,1,0,1,0,1,1,1,0,0,0,0,1,0,0,0,0,0,1,0.16,0,0,0
Infernal Scarring,17,94,78,11,18,218,1,1,0,1,1,1,2,1,0,0,0,0,0,1,0,0,0,0,1,0.15,0,0,0
Inferno Fist,12,146,49,11,18,236,1,1,0,1,1,1,2,1,0,0,0,0,0,1,0,0,0,0,1,0.14,0,0,0
Infiltrator il-Kor,18,335,0,10,20,383,1,1,0,1,2,1,5,1,0,0,0,0,0,0,0,1,0,0,1,0.15,0,0,0
Infiltrator's Magemark,22,123,74,17,18,254,1,1,0,1,1,1,3,1,0,0,0,0,0,1,0,0,0,0,1,0.16,0,0,0
Inflame,7,63,65,13,7,155,1,1,0,1,0,1,1,1,0,0,0,1,0,0,0,0,0,0,1,0.14,0,0,0
Ingenious Skaab,15,143,35,13,24,230,1,1,0,1,2,1,3,1,0,0,0,0,0,0,0,1,0,0,1,0.14,0,0,0
Ingot Chewer,12,181,70,10,20,293,1,1,0,1,1,1,5,1,0,0,0,0,0,0,0,1,0,0,1,0.43,0,0,0
Initiate's Companion,20,93,109,9,14,245,1,1,0,1,1,1,2,1,0,0,0,0,0,0,0,1,0,0,1,0.15,0,0,0
Ink Dissolver,13,255,0,14,25,307,1,1,0,1,2,1,2,1,0,0,0,0,0,0,0,1,0,0,1,0.15,0,0,0
Inkfathom Divers,16,214,104,15,26,375,1,1,0,1,2,1,5,1,0,0,0,0,0,0,0,1,0,0,2,0.15,0,0,0
Inner Calm  Outer Strength,26,90,137,14,16,283,1,1,0,1,1,1,3,1,0,0,0,1,0,0,0,0,0,0,1,0.15,0,0,0
Inner Fire,10,53,54,19,7,143,1,1,0,1,0,1,4,1,0,0,0,0,1,0,0,0,0,0,1,0.2,0,0,0
Inner-Flame Acolyte,19,225,0,10,27,281,1,1,0,1,2,1,3,1,0,0,0,0,0,0,0,1,0,0,2,0.15,0,0,0
Inquisitor's Ox,15,131,96,13,13,268,1,1,0,1,1,1,4,1,0,0,0,0,0,0,0,1,0,0,1,0.14,0,0,0
Inquisitor's Snare,18,124,119,14,7,282,1,1,0,1,0,1,2,1,0,0,0,1,0,0,0,0,0,0,1,0.15,0,0,0
Insatiable Souleater,20,107,117,12,25,281,0,1,-1,2,1,1,4,1,0,0,0,0,0,0,1,1,0,0,0,0.14,0,0,0
Insectile Aberration,20,6,165,9,23,223,1,1,0,1,2,1,1,1,0,0,0,0,0,0,0,1,0,0,0,1.53,1,0,0
Inside Out,10,76,76,29,7,198,2,2,0,1,0,1,2,1,0,0,0,1,0,0,0,0,0,0,1,0.17,0,0,0
Insolent Neonate,16,129,26,20,18,209,1,1,0,1,1,1,1,1,0,0,0,0,0,0,0,1,0,0,1,0.22,0,0,0
Inspiration,11,30,130,4,7,182,1,1,0,1,0,1,4,1,0,0,0,1,0,0,0,0,0,0,1,0.15,0,0,0
Inspiration,11,30,60,12,7,120,1,1,0,1,0,1,4,1,0,0,0,1,0,0,0,0,0,0,1,0.16,0,0,0
Inspired Charge,15,50,89,20,7,181,1,1,0,1,0,1,4,1,0,0,0,1,0,0,0,0,0,0,2,0.1,0,0,0
Inspired Charge,15,50,125,13,7,210,1,1,0,1,0,1,4,1,0,0,0,1,0,0,0,0,0,0,2,0.12,0,0,0
Inspired Charge,15,50,143,14,7,229,1,1,0,1,0,1,4,1,0,0,0,1,0,0,0,0,0,0,2,0.14,0,0,0
Inspired Charge,15,50,143,14,7,229,1,1,0,1,0,1,4,1,0,0,0,1,0,0,0,0,0,0,2,0.18,0,0,0
Inspiring Captain,17,97,78,9,23,224,1,1,0,1,2,1,4,1,0,0,0,0,0,0,0,1,0,0,1,0.13,0,0,0
Inspiring Roar,14,49,99,10,7,179,1,1,0,1,0,1,4,1,0,0,0,0,1,0,0,0,0,0,1,0.13,0,0,0
Instill Infection,17,52,153,10,7,239,1,1,0,1,0,1,4,1,0,0,0,1,0,0,0,0,0,0,1,0.14,0,0,0
Intimidator Initiate,20,103,70,13,24,230,1,1,0,1,2,1,1,1,0,0,0,0,0,0,0,1,0,0,1,0.17,0,0,0
Into the Fray,13,211,0,13,16,253,1,1,0,1,1,1,1,1,0,0,0,1,0,0,0,0,0,0,1,0.15,0,0,0
Into the North,14,107,146,16,7,290,1,1,0,1,0,1,2,1,0,0,0,0,1,0,0,0,0,0,1,0.19,0,0,0
Into the Roil,13,167,44,13,7,244,1,1,0,1,0,1,2,1,0,0,0,1,0,0,0,0,0,0,1,0.17,0,0,0
Into Thin Air,13,133,65,6,7,224,1,1,0,1,0,1,6,1,0,0,0,1,0,0,0,0,0,0,1,0.14,0,0,0
Intrepid Provisioner,20,120,53,13,22,228,1,1,0,1,2,1,4,1,0,0,0,0,0,0,0,1,0,0,1,0.13,0,0,0
Invasive Species,16,103,86,19,17,241,1,1,0,1,1,1,3,1,0,0,0,0,0,0,0,1,0,0,1,0.14,0,0,0
Inventor's Goggles,18,216,0,11,20,265,0,0,0,1,1,1,1,1,0,0,0,0,0,0,1,0,0,0,0,0.14,0,0,0
Invisibility,12,69,108,12,18,219,1,1,0,1,1,1,2,1,0,0,0,0,0,1,0,0,0,0,2,0.15,0,0,0
Iona's Judgment,15,37,70,11,7,140,1,1,0,1,0,1,5,1,0,0,0,0,1,0,0,0,0,0,1,0.14,0,0,0
Ior Ruin Expedition,19,208,0,10,11,248,1,1,0,1,0,1,2,1,0,0,0,0,0,1,0,0,0,0,1,0.14,0,0,0
Ire of Kaminari,15,112,205,10,16,358,1,1,0,1,1,1,4,1,0,0,0,1,0,0,0,0,0,0,1,0.15,0,0,0
Iron Myr,8,31,84,12,23,158,0,1,-1,2,1,1,2,1,0,0,0,0,0,0,1,1,0,0,0,0.15,0,0,0
Iron Myr,8,31,99,10,23,171,0,1,-1,2,1,1,2,1,0,0,0,0,0,0,1,1,0,0,0,0.16,0,0,0
Ironclad Slayer,15,123,35,13,24,210,1,1,0,1,2,1,3,1,0,0,0,0,0,0,0,1,0,0,1,0.14,0,0,0
Ironclaw Buzzardiers,20,125,66,14,20,245,1,1,0,1,2,1,3,1,0,0,0,0,0,0,0,1,0,0,1,0.14,0,0,0
Ironfang,8,112,40,19,19,198,1,1,0,1,1,1,2,1,0,0,0,0,0,0,0,1,0,0,0,0.15,0,0,0
Irontread Crusher,17,137,36,14,18,222,0,0,0,1,1,1,4,1,0,0,0,0,0,0,1,0,0,0,0,0.12,0,0,0
Ironwright's Cleansing,22,37,33,11,7,110,1,1,0,1,0,1,3,1,0,0,0,0,1,0,0,0,0,0,1,0.13,0,0,0
Irradiate,9,75,65,11,7,167,1,1,0,1,0,1,4,1,0,0,0,1,0,0,0,0,0,0,1,0.15,0,0,0
Isolation Zone,14,198,64,12,11,299,1,1,0,1,0,1,4,1,0,0,0,0,0,1,0,0,0,0,2,0.13,0,0,0
Isperia's Skywatch,18,207,0,10,26,261,1,1,0,1,2,1,6,1,0,0,0,0,0,0,0,1,0,0,1,0.14,0,0,0
It of the Horrid Swarm,22,223,0,11,25,281,0,1,-1,1,2,1,8,1,0,0,0,0,0,0,0,1,0,0,0,0.15,0,0,0
Ivory Giant,11,321,0,13,16,361,1,1,0,1,1,1,7,1,0,0,0,0,0,0,0,1,0,0,2,0.15,0,0,0
Ivy Lane Denizen,16,114,128,13,22,293,1,1,0,1,2,1,4,1,0,0,0,0,0,0,0,1,0,0,1,0.15,0,0,0
Ixalli's Diviner,16,245,0,14,22,297,1,1,0,1,2,1,2,1,0,0,0,0,0,0,0,1,0,0,1,0.13,0,0,0
Ixalli's Keeper,15,103,123,12,23,276,1,1,0,1,2,1,2,1,0,0,0,0,0,0,0,1,0,0,1,0.14,0,0,0
Izzet Boilerworks,17,177,0,9,4,207,0,2,-2,1,0,1,0,1,0,0,0,0,0,0,0,0,1,0,0,0.24,0,0,0
Izzet Chronarch,15,116,80,13,23,247,2,2,0,1,2,1,5,1,0,0,0,0,0,0,0,1,0,0,2,0.15,0,0,0
Izzet Cluestone,15,91,93,12,8,219,0,2,-2,1,0,1,3,1,0,0,0,0,0,0,1,0,0,0,0,0.15,0,0,0
Izzet Guildgate,15,85,80,12,11,203,0,2,-2,1,1,1,0,1,0,0,0,0,0,0,0,0,1,0,0,0.15,0,0,0
Izzet Guildgate,15,85,107,12,11,230,0,2,-2,1,1,1,0,1,0,0,0,0,0,0,0,0,1,0,0,0.17,0,0,0
Izzet Signet,12,39,99,16,8,174,0,2,-2,1,0,1,2,1,0,0,0,0,0,0,1,0,0,0,0,0.34,0,0,0
Jace's Erasure,14,118,79,10,11,232,1,1,0,1,0,1,2,1,0,0,0,0,0,1,0,0,0,0,1,0.16,0,0,0
Jace's Erasure,14,118,79,10,11,232,1,1,0,1,0,1,2,1,0,0,0,0,0,1,0,0,0,0,1,0.16,0,0,0
Jace's Scrutiny,15,149,73,15,7,259,1,1,0,1,0,1,2,1,0,0,0,1,0,0,0,0,0,0,1,0.14,0,0,0
Jackal Familiar,15,44,160,22,17,258,1,1,0,1,1,1,1,1,0,0,0,0,0,0,0,1,0,0,1,0.15,0,0,0
Jade Guardian,13,185,64,12,25,299,1,1,0,1,2,1,4,1,0,0,0,0,0,0,0,1,0,0,1,0.14,0,0,0
Jagwasp Swarm,13,6,149,10,17,195,1,1,0,1,1,1,4,1,0,0,0,0,0,0,0,1,0,0,1,0.15,0,0,0
Jawbone Skulkin,15,55,135,11,29,245,0,0,0,2,1,1,1,1,0,0,0,0,0,0,1,1,0,0,0,0.16,0,0,0
Jedit's Dragoons,16,72,164,11,22,285,1,1,0,1,2,1,6,1,0,0,0,0,0,0,0,1,0,0,1,0.15,0,0,0
Jeskai Banner,13,98,45,16,8,180,0,3,-3,1,0,1,3,1,0,0,0,0,0,0,1,0,0,0,0,0.13,0,0,0
Jeskai Runemark,15,126,0,11,18,170,1,1,0,1,1,1,3,1,0,0,0,0,0,1,0,0,0,0,1,0.15,0,0,0
Jeskai Sage,11,128,79,16,21,255,1,1,0,1,2,1,2,1,0,0,0,0,0,0,0,1,0,0,1,0.15,0,0,0
Jeskai Student,14,92,129,13,21,269,1,1,0,1,2,1,2,1,0,0,0,0,0,0,0,1,0,0,1,0.14,0,0,0
Jeskai Windscout,16,99,70,12,21,218,1,1,0,1,2,1,3,1,0,0,0,0,0,0,0,1,0,0,1,0.13,0,0,0
Jhessian Lookout,16,0,119,15,22,172,1,1,0,1,2,1,2,1,0,0,0,0,0,0,0,1,0,0,1,0.16,0,0,0
Jhessian Zombies,16,266,0,8,17,307,2,2,0,1,1,1,6,1,0,0,0,0,0,0,0,1,0,0,2,0.16,0,0,0
Jhoira's Timebug,16,192,0,11,26,245,0,0,0,2,1,1,2,1,0,0,0,0,0,0,1,1,0,0,0,0.21,0,0,0
Join the Ranks,14,50,158,12,7,241,1,1,0,1,0,1,4,1,0,0,0,1,0,0,0,0,0,0,1,0.15,0,0,0
Joint Assault,13,126,116,16,7,278,1,1,0,1,0,1,1,1,0,0,0,1,0,0,0,0,0,0,1,0.14,0,0,0
Joraga Bard,11,153,109,11,25,309,1,1,0,1,3,1,4,1,0,0,0,0,0,0,0,1,0,0,1,0.14,0,0,0
Journey of Discovery,20,242,0,11,7,280,1,1,0,1,0,1,3,1,0,0,0,0,1,0,0,0,0,0,1,0.19,0,0,0
Journey to Nowhere,18,187,0,11,11,227,1,1,0,1,0,1,2,1,0,0,0,0,0,1,0,0,0,0,1,1.05,1,0,0
Joyous Respite,14,42,220,12,16,304,1,1,0,1,1,1,4,1,0,0,0,0,1,0,0,0,0,0,1,0.15,0,0,0
Judge of Currents,17,67,121,9,25,239,1,1,0,1,2,1,2,1,0,0,0,0,0,0,0,1,0,0,1,0.17,0,0,0
Judge Unworthy,14,332,0,12,7,365,1,1,0,1,0,1,2,1,0,0,0,1,0,0,0,0,0,0,1,0.16,0,0,0
Jukai Messenger,15,90,172,14,21,312,1,1,0,1,2,1,1,1,0,0,0,0,0,0,0,1,0,0,1,0.15,0,0,0
Jump,4,47,82,14,7,154,1,1,0,1,0,1,1,1,0,0,0,1,0,0,0,0,0,0,1,0.14,0,0,0
Jund Hackblade,14,95,119,14,27,269,3,3,0,1,2,1,2,1,0,0,0,0,0,0,0,1,0,0,2,0.17,0,0,0
Jund Panorama,13,197,80,11,4,305,0,0,0,1,0,1,0,1,0,0,0,0,0,0,0,0,1,0,0,0.21,0,0,0
Jund Sojourners,15,159,0,9,26,209,3,3,0,1,2,1,3,1,0,0,0,0,0,0,0,1,0,0,3,0.15,0,0,0
Jungle Delver,13,45,79,13,26,176,1,1,0,1,2,1,1,1,0,0,0,0,0,0,0,1,0,0,1,0.14,0,0,0
Jungle Hollow,13,143,0,10,4,170,0,2,-2,1,0,1,0,1,0,0,0,0,0,0,0,0,1,0,0,0.13,0,0,0
Jungle Hollow,13,143,0,10,4,170,0,2,-2,1,0,1,0,1,0,0,0,0,0,0,0,0,1,0,0,0.16,0,0,0
Jungle Weaver,13,105,93,15,17,243,1,1,0,1,1,1,7,1,0,0,0,0,0,0,0,1,0,0,2,0.24,0,0,0
Just the Wind,13,179,33,19,7,251,1,1,0,1,0,1,2,1,0,0,0,1,0,0,0,0,0,0,1,0.14,0,0,0
Juvenile Gloomwidow,19,125,130,14,17,305,1,1,0,1,1,1,2,1,0,0,0,0,0,0,0,1,0,0,2,0.2,0,0,0
Jwar Isle Avenger,17,119,98,13,17,264,1,1,0,1,1,1,5,1,0,0,0,0,0,0,0,1,0,0,1,0.12,0,0,0
Jwari Scuttler,14,0,149,15,15,193,1,1,0,1,1,1,3,1,0,0,0,0,0,0,0,1,0,0,1,0.15,0,0,0
Kabira Crossroads,17,144,0,11,4,176,0,1,-1,1,0,1,0,1,0,0,0,0,0,0,0,0,1,0,0,0.19,0,0,0
Kabuto Moth,11,57,161,14,17,260,1,1,0,1,1,1,3,1,0,0,0,0,0,0,0,1,0,0,1,0.17,0,0,0
Kagemaro's Clutch,17,92,157,7,18,291,1,1,0,1,1,1,4,1,0,0,0,0,0,1,0,0,0,0,1,0.15,0,0,0
Kalastria Healer,16,140,95,15,30,296,1,1,0,1,3,1,2,1,0,0,0,0,0,0,0,1,0,0,1,0.15,0,0,0
Kalastria Nightwatch,20,76,122,13,31,262,1,1,0,1,3,1,5,1,0,0,0,0,0,0,0,1,0,0,1,0.13,0,0,0
Kaleidostone,12,127,62,6,8,215,0,5,-5,1,0,1,2,1,0,0,0,0,0,0,1,0,0,0,0,0.16,0,0,0
Kami of Ancient Law,19,58,145,10,17,249,1,1,0,1,1,1,2,1,0,0,0,0,0,0,0,1,0,0,1,0.16,0,0,0
Kami of Empty Graves,20,141,0,16,17,194,1,1,0,1,1,1,4,1,0,0,0,0,0,0,0,1,0,0,1,0.15,0,0,0
Kami of False Hope,18,86,104,11,17,236,1,1,0,1,1,1,1,1,0,0,0,0,0,0,0,1,0,0,1,0.48,0,0,0
Kami of Fire's Roar,19,82,212,11,17,341,1,1,0,1,1,1,4,1,0,0,0,0,0,0,0,1,0,0,1,0.15,0,0,0
Kami of Tattered Shoji,22,98,156,10,17,303,1,1,0,1,1,1,5,1,0,0,0,0,0,0,0,1,0,0,1,0.15,0,0,0
Kami of the Hunt,16,90,119,22,17,264,1,1,0,1,1,1,3,1,0,0,0,0,0,0,0,1,0,0,1,0.15,0,0,0
Kami of the Painted Road,24,134,164,11,17,350,1,1,0,1,1,1,5,1,0,0,0,0,0,0,0,1,0,0,1,0.16,0,0,0
Kami of the Waning Moon,23,171,157,13,17,381,1,1,0,1,1,1,3,1,0,0,0,0,0,0,0,1,0,0,1,0.15,0,0,0
Kami of Twisted Reflection,26,93,98,10,17,244,1,1,0,1,1,1,3,1,0,0,0,0,0,0,0,1,0,0,2,0.15,0,0,0
Karametra's Favor,17,151,87,11,18,284,1,1,0,1,1,1,2,1,0,0,0,0,0,1,0,0,0,0,1,0.15,0,0,0
Karplusan Wolverine,19,105,111,16,31,282,1,1,0,1,2,1,1,1,0,0,0,0,0,0,0,1,0,0,1,0.15,0,0,0
Kashi-Tribe Warriors,20,144,167,14,24,369,1,1,0,1,2,1,5,1,0,0,0,0,0,0,0,1,0,0,2,0.15,0,0,0
Kathari Bomber,14,347,0,14,22,397,2,2,0,1,2,1,3,1,0,0,0,0,0,0,0,1,0,0,2,0.15,0,0,0
Kathari Screecher,17,216,0,12,23,268,1,1,0,1,2,1,3,1,0,0,0,0,0,0,0,1,0,0,1,0.15,0,0,0
Kavu Climber,12,54,152,13,15,246,1,1,0,1,1,1,5,1,0,0,0,0,0,0,0,1,0,0,2,0.15,0,0,0
Kavu Climber,12,54,152,13,15,246,1,1,0,1,1,1,5,1,0,0,0,0,0,0,0,1,0,0,2,0.16,0,0,0
Kavu Primarch,13,302,0,10,15,340,1,1,0,1,1,1,4,1,0,0,0,0,0,0,0,1,0,0,1,0.15,0,0,0
Kederekt Creeper,16,156,70,10,17,269,3,3,0,1,1,1,3,1,0,0,0,0,0,0,0,1,0,0,3,0.15,0,0,0
Keening Apparition,18,57,54,14,17,160,1,1,0,1,1,1,2,1,0,0,0,0,0,0,0,1,0,0,1,0.15,0,0,0
Keeper of the Lens,18,85,87,11,25,226,0,0,0,2,1,1,1,1,0,0,0,0,0,0,1,1,0,0,0,0.14,0,0,0
Keldon Halberdier,17,265,0,13,24,319,1,1,0,1,2,1,5,1,0,0,0,0,0,0,0,1,0,0,1,0.15,0,0,0
Keldon Marauders,16,292,0,22,24,354,1,1,0,1,2,1,2,1,0,0,0,0,0,0,0,1,0,0,1,0.25,0,0,0
Kelinore Bat,12,6,104,12,14,148,1,1,0,1,1,1,3,1,0,0,0,0,0,0,0,1,0,0,1,0.14,0,0,0
Kemba's Skyguard,16,69,126,12,21,244,1,1,0,1,2,1,3,1,0,0,0,0,0,0,0,1,0,0,2,0.15,0,0,0
Kessig Dire Swine,17,116,49,10,22,214,1,1,0,1,2,1,6,1,0,0,0,0,0,0,0,1,0,0,2,0.13,0,0,0
Kessig Recluse,14,138,59,13,17,241,1,1,0,1,1,1,4,1,0,0,0,0,0,0,0,1,0,0,2,0.14,0,0,0
Kessig Wolf,11,57,117,13,15,213,1,1,0,1,1,1,3,1,0,0,0,0,0,0,0,1,0,0,1,0.14,0,0,0
Keymaster Rogue,15,129,142,13,22,321,1,1,0,1,2,1,4,1,0,0,0,0,0,0,0,1,0,0,1,0.14,0,0,0
Khalni Garden,13,160,0,13,4,190,0,1,-1,1,0,1,0,1,0,0,0,0,0,0,0,0,1,0,0,0.16,0,0,0
Khalni Heart Expedition,23,317,0,10,11,361,1,1,0,1,0,1,2,1,0,0,0,0,0,1,0,0,0,0,1,0.25,0,0,0
Khenra Eternal,14,82,147,16,32,291,1,1,0,1,3,1,2,1,0,0,0,0,0,0,0,1,0,0,1,0.15,0,0,0
Khenra Scrapper,15,160,45,13,25,258,1,1,0,1,2,1,3,1,0,0,0,0,0,0,0,1,0,0,1,0.13,0,0,0
Kheru Dreadmaw,14,104,80,8,27,233,1,2,-1,1,2,1,5,1,0,0,0,0,0,0,0,1,0,0,1,0.14,0,0,0
Kill Shot,9,34,133,16,7,199,1,1,0,1,0,1,3,1,0,0,0,1,0,0,0,0,0,0,1,0.14,0,0,0
Kill-Suit Cultist,17,177,16,22,27,259,1,2,-1,1,2,1,1,1,0,0,0,0,0,0,0,1,0,0,1,0.15,0,0,0
Kiln Fiend,10,87,44,10,26,177,1,1,0,1,2,1,2,1,0,0,0,0,0,0,0,1,0,0,1,0.48,0,0,0
Kindercatch,11,0,160,14,17,202,1,1,0,1,1,1,6,1,0,0,0,0,0,0,0,1,0,0,3,0.14,0,0,0
Kindled Fury,12,68,111,16,7,214,1,1,0,1,0,1,1,1,0,0,0,1,0,0,0,0,0,0,1,0.1,0,0,0
Kindled Fury,12,68,135,10,7,232,1,1,0,1,0,1,1,1,0,0,0,1,0,0,0,0,0,0,1,0.14,0,0,0
Kindled Fury,12,68,125,14,7,226,1,1,0,1,0,1,1,1,0,0,0,1,0,0,0,0,0,0,1,0.14,0,0,0
Kindled Fury,12,68,147,9,7,243,1,1,0,1,0,1,1,1,0,0,0,1,0,0,0,0,0,0,1,0.14,0,0,0
Kindled Fury,12,68,125,14,7,226,1,1,0,1,0,1,1,1,0,0,0,1,0,0,0,0,0,0,1,0.15,0,0,0
Kingpin's Pet,13,128,119,8,17,285,2,2,0,1,1,1,3,1,0,0,0,0,0,0,0,1,0,0,2,0.16,0,0,0
Kinjalli's Caller,17,47,157,12,23,256,1,1,0,1,2,1,1,1,0,0,0,0,0,0,0,1,0,0,1,0.14,0,0,0
Kinsbaile Balloonist,20,105,104,29,26,284,1,1,0,1,2,1,4,1,0,0,0,0,0,0,0,1,0,0,1,0.15,0,0,0
Kinsbaile Skirmisher,20,95,87,14,26,242,1,1,0,1,2,1,2,1,0,0,0,0,0,0,0,1,0,0,1,0.14,0,0,0
Kinsbaile Skirmisher,20,95,87,14,26,242,1,1,0,1,2,1,2,1,0,0,0,0,0,0,0,1,0,0,1,0.15,0,0,0
Kinscaer Harpoonist,19,104,99,14,26,262,1,1,0,1,2,1,4,1,0,0,0,0,0,0,0,1,0,0,1,0.15,0,0,0
Kin-Tree Warden,15,149,63,11,24,262,1,1,0,1,2,1,1,1,0,0,0,0,0,0,0,1,0,0,1,0.14,0,0,0
Kitesail,8,125,65,20,20,238,0,0,0,1,1,1,2,1,0,0,0,0,0,0,1,0,0,0,0,0.14,0,0,0
Kitesail Apprentice,19,73,88,10,22,212,1,1,0,1,2,1,1,1,0,0,0,0,0,0,0,1,0,0,1,0.16,0,0,0
Kitesail Scout,14,6,133,9,20,182,1,1,0,1,2,1,1,1,0,0,0,0,0,0,0,1,0,0,1,0.12,0,0,0
Kithkin Daggerdare,18,65,192,19,26,320,1,1,0,1,2,1,2,1,0,0,0,0,0,0,0,1,0,0,1,0.15,0,0,0
Kithkin Greatheart,18,83,144,12,26,283,1,1,0,1,2,1,2,1,0,0,0,0,0,0,0,1,0,0,1,0.15,0,0,0
Kithkin Healer,14,90,128,12,25,269,1,1,0,1,2,1,3,1,0,0,0,0,0,0,0,1,0,0,1,0.15,0,0,0
Kithkin Shielddare,18,64,116,19,26,243,1,1,0,1,2,1,2,1,0,0,0,0,0,0,0,1,0,0,1,0.16,0,0,0
Kithkin Spellduster,19,226,0,15,25,285,1,1,0,1,2,1,5,1,0,0,0,0,0,0,0,1,0,0,1,0.15,0,0,0
Kithkin Zealot,14,121,51,13,25,224,1,1,0,1,2,1,2,1,0,0,0,0,0,0,0,1,0,0,1,0.15,0,0,0
Kithkin Zephyrnaut,18,252,0,28,26,324,1,1,0,1,2,1,3,1,0,0,0,0,0,0,0,1,0,0,1,0.15,0,0,0
Kitsune Blademaster,19,107,160,14,22,322,1,1,0,1,2,1,3,1,0,0,0,0,0,0,0,1,0,0,1,0.17,0,0,0
Kitsune Bonesetter,18,158,145,14,21,356,1,1,0,1,2,1,3,1,0,0,0,0,0,0,0,1,0,0,1,0.15,0,0,0
Kitsune Dawnblade,17,170,0,14,22,223,1,1,0,1,2,1,5,1,0,0,0,0,0,0,0,1,0,0,1,0.16,0,0,0
Kitsune Diviner,15,23,85,12,21,156,1,1,0,1,2,1,1,1,0,0,0,0,0,0,0,1,0,0,1,0.16,0,0,0
Kitsune Healer,14,174,0,14,21,223,1,1,0,1,2,1,4,1,0,0,0,0,0,0,0,1,0,0,1,0.16,0,0,0
Kitsune Loreweaver,18,101,79,10,21,229,1,1,0,1,2,1,2,1,0,0,0,0,0,0,0,1,0,0,1,0.15,0,0,0
Kitsune Riftwalker,18,39,63,12,21,153,1,1,0,1,2,1,3,1,0,0,0,0,0,0,0,1,0,0,2,0.15,0,0,0
Kjeldoran Javelineer,20,294,0,11,24,349,1,1,0,1,2,1,1,1,0,0,0,0,0,0,0,1,0,0,1,0.15,0,0,0
Kjeldoran Outrider,18,53,101,14,24,210,1,1,0,1,2,1,2,1,0,0,0,0,0,0,0,1,0,0,1,0.15,0,0,0
Kjeldoran War Cry,17,131,129,17,7,301,1,1,0,1,0,1,2,1,0,0,0,1,0,0,0,0,0,0,1,0.15,0,0,0
Knight of Cliffhaven,20,128,0,12,21,181,1,1,0,1,2,1,2,1,0,0,0,0,0,0,0,1,0,0,1,0.15,0,0,0
Knight of Sursi,15,383,0,20,23,441,1,1,0,1,2,1,4,1,0,0,0,0,0,0,0,1,0,0,1,0.16,0,0,0
Knight of the Pilgrim's Road,28,135,77,13,23,276,1,1,0,1,2,1,3,1,0,0,0,0,0,0,0,1,0,0,1,0.15,0,0,0
Knight of the Skyward Eye,25,106,144,12,23,310,1,2,-1,1,2,1,2,1,0,0,0,0,0,0,0,1,0,0,1,0.16,0,0,0
Knight Watch,12,59,138,12,7,228,1,1,0,1,0,1,5,1,0,0,0,0,1,0,0,0,0,0,1,0.14,0,0,0
Knightly Valor,14,203,0,12,18,247,1,1,0,1,1,1,5,1,0,0,0,0,0,1,0,0,0,0,1,0.14,0,0,0
Kodama's Might,14,214,0,14,16,258,1,1,0,1,1,1,1,1,0,0,0,1,0,0,0,0,0,0,1,0.16,0,0,0
Kodama's Reach,14,168,69,14,16,281,1,1,0,1,1,1,3,1,0,0,0,0,1,0,0,0,0,0,1,1.49,1,0,0
Kolaghan Aspirant,17,108,81,12,24,242,1,1,0,1,2,1,2,1,0,0,0,0,0,0,0,1,0,0,1,0.14,0,0,0
Kolaghan Skirmisher,19,181,80,15,24,319,1,1,0,1,2,1,2,1,0,0,0,0,0,0,0,1,0,0,1,0.14,0,0,0
Kolaghan Stormsinger,20,252,0,12,23,307,1,1,0,1,2,1,1,1,0,0,0,0,0,0,0,1,0,0,1,0.14,0,0,0
Kor Cartographer,16,155,71,13,20,275,1,1,0,1,2,1,4,1,0,0,0,0,0,0,0,1,0,0,1,0.16,0,0,0
Kor Castigator,14,50,156,14,26,260,1,1,0,1,3,1,2,1,0,0,0,0,0,0,0,1,0,0,1,0.12,0,0,0
Kor Hookmaster,14,154,83,14,22,287,1,1,0,1,2,1,3,1,0,0,0,0,0,0,0,1,0,0,1,0.14,0,0,0
Kor Line-Slinger,16,46,153,14,20,249,1,1,0,1,2,1,2,1,0,0,0,0,0,0,0,1,0,0,1,0.15,0,0,0
Kor Outfitter,13,118,71,13,22,237,1,1,0,1,2,1,2,1,0,0,0,0,0,0,0,1,0,0,2,0.15,0,0,0
Kor Sanctifiers,15,169,63,9,21,277,1,1,0,1,2,1,3,1,0,0,0,0,0,0,0,1,0,0,1,0.15,0,0,0
Kor Scythemaster,16,60,87,13,27,203,1,1,0,1,3,1,3,1,0,0,0,0,0,0,0,1,0,0,1,0.12,0,0,0
Kor Sky Climber,15,55,90,20,27,207,1,1,0,1,3,1,3,1,0,0,0,0,0,0,0,1,0,0,1,0.11,0,0,0
Kor Skyfisher,13,101,84,9,22,229,1,1,0,1,2,1,2,1,0,0,0,0,0,0,0,1,0,0,1,0.2,0,0,0
Korozda Monitor,15,182,0,15,17,229,1,1,0,1,1,1,4,1,0,0,0,0,0,0,0,1,0,0,2,0.14,0,0,0
Koth's Courier,14,90,103,14,22,243,1,1,0,1,2,1,3,1,0,0,0,0,0,0,0,1,0,0,2,0.12,0,0,0
Kozilek's Channeler,19,34,137,11,18,219,0,0,0,1,1,1,5,1,0,0,0,0,0,0,0,1,0,0,0,0.15,0,0,0
Kozilek's Pathfinder,20,97,123,12,18,270,0,0,0,1,1,1,6,1,0,0,0,0,0,0,0,1,0,0,0,0.14,0,0,0
Kozilek's Predator,18,167,81,12,24,302,1,1,0,1,2,1,4,1,0,0,0,0,0,0,0,1,0,0,1,0.18,0,0,0
Kozilek's Sentinel,18,118,73,16,24,249,0,1,-1,1,2,1,2,1,0,0,0,0,0,0,0,1,0,0,1,0.13,0,0,0
Kozilek's Shrieker,18,189,30,11,24,272,0,1,-1,1,2,1,3,1,0,0,0,0,0,0,0,1,0,0,1,0.13,0,0,0
Kozilek's Translator,20,147,29,4,24,224,0,1,-1,1,2,1,5,1,0,0,0,0,0,0,0,1,0,0,1,0.13,0,0,0
Kragma Butcher,14,85,109,7,27,242,1,1,0,1,2,1,3,1,0,0,0,0,0,0,0,1,0,0,1,0.14,0,0,0
Kraken Hatchling,16,0,87,11,17,131,1,1,0,1,1,1,1,1,0,0,0,0,0,0,0,1,0,0,1,0.14,0,0,0
Kraken Hatchling,16,0,87,11,17,131,1,1,0,1,1,1,1,1,0,0,0,0,0,0,0,1,0,0,1,0.15,0,0,0
Krallenhorde Wantons,20,111,69,14,19,233,1,1,0,1,1,1,5,1,0,0,0,0,0,0,0,1,0,0,0,0.15,0,0,0
Kranioceros,11,49,180,12,16,268,1,2,-1,1,1,1,5,1,0,0,0,0,0,0,0,1,0,0,1,0.15,0,0,0
Krark-Clan Grunt,16,92,74,14,25,221,1,1,0,1,2,1,3,1,0,0,0,0,0,0,0,1,0,0,1,0.15,0,0,0
Krark-Clan Ogre,15,66,89,13,15,198,1,1,0,1,1,1,5,1,0,0,0,0,0,0,0,1,0,0,2,0.14,0,0,0
Krark-Clan Shaman,17,88,70,14,24,213,1,1,0,1,2,1,1,1,0,0,0,0,0,0,0,1,0,0,1,0.18,0,0,0
Krark-Clan Stoker,17,57,133,12,24,243,1,1,0,1,2,1,3,1,0,0,0,0,0,0,0,1,0,0,1,0.14,0,0,0
Kraul Warrior,13,51,147,12,25,248,1,1,0,1,2,1,2,1,0,0,0,0,0,0,0,1,0,0,1,0.14,0,0,0
Krenko's Command,16,42,134,13,7,212,1,1,0,1,0,1,2,1,0,0,0,0,1,0,0,0,0,0,1,0.16,0,0,0
Krenko's Enforcer,17,117,60,13,25,232,1,1,0,1,2,1,3,1,0,0,0,0,0,0,0,1,0,0,2,0.14,0,0,0
Krovikan Mist,13,104,115,13,19,264,1,1,0,1,1,1,2,1,0,0,0,0,0,0,0,1,0,0,1,0.27,0,0,0
Krovikan Scoundrel,18,0,194,13,22,247,1,1,0,1,2,1,2,1,0,0,0,0,0,0,0,1,0,0,1,0.15,0,0,0
Kruin Striker,13,130,121,19,24,307,1,1,0,1,2,1,2,1,0,0,0,0,0,0,0,1,0,0,1,0.14,0,0,0
Krumar Bond-Kin,15,119,90,10,22,256,1,1,0,1,2,1,5,1,0,0,0,0,0,0,0,1,0,0,2,0.14,0,0,0
Kruphix's Insight,17,162,69,13,7,268,1,1,0,1,0,1,3,1,0,0,0,0,1,0,0,0,0,0,1,0.15,0,0,0
Kujar Seedsculptor,18,99,152,15,20,304,1,1,0,1,2,1,2,1,0,0,0,0,0,0,0,1,0,0,1,0.1,0,0,0
Kuldotha Rebirth,16,115,119,11,7,268,1,1,0,1,0,1,1,1,0,0,0,0,1,0,0,0,0,0,1,0.16,0,0,0
Kuldotha Ringleader,19,153,80,12,26,290,1,1,0,1,2,1,5,1,0,0,0,0,0,0,0,1,0,0,1,0.13,0,0,0
Kumano's Blessing,17,110,0,14,18,159,1,1,0,1,1,1,3,1,0,0,0,0,0,1,0,0,0,0,1,0.15,0,0,0
Kuro's Taken,12,127,114,9,22,284,1,1,0,1,2,1,2,1,0,0,0,0,0,0,0,1,0,0,1,0.17,0,0,0
Kytheon's Tactics,17,233,39,16,7,312,1,1,0,1,0,1,3,1,0,0,0,0,1,0,0,0,0,0,2,0.14,0,0,0
Laboratory Brute,16,105,42,13,24,200,1,1,0,1,2,1,4,1,0,0,0,0,0,0,0,1,0,0,1,0.14,0,0,0
Lace with Moonglove,19,146,117,12,7,301,1,1,0,1,0,1,3,1,0,0,0,1,0,0,0,0,0,0,1,0.15,0,0,0
Lagac Lizard,12,0,221,15,17,265,1,1,0,1,1,1,4,1,0,0,0,0,0,0,0,1,0,0,1,0.15,0,0,0
Lagonna-Band Elder,18,95,97,7,26,243,1,1,0,1,2,1,3,1,0,0,0,0,0,0,0,1,0,0,1,0.13,0,0,0
Lagonna-Band Trailblazer,24,122,39,12,24,221,1,1,0,1,2,1,1,1,0,0,0,0,0,0,0,1,0,0,1,0.16,0,0,0
Lair Delve,10,163,84,14,7,278,1,1,0,1,0,1,3,1,0,0,0,0,1,0,0,0,0,0,1,0.12,0,0,0
Lairwatch Giant,15,157,80,11,24,287,1,1,0,1,2,1,6,1,0,0,0,0,0,0,0,1,0,0,1,0.15,0,0,0
Lamplighter of Selhoff,22,130,87,13,24,276,1,1,0,1,2,1,5,1,0,0,0,0,0,0,0,1,0,0,1,0.14,0,0,0
Lantern Kami,12,6,199,9,17,243,1,1,0,1,1,1,1,1,0,0,0,0,0,0,0,1,0,0,1,0.15,0,0,0
Lapse of Certainty,18,136,110,17,7,288,1,1,0,1,0,1,3,1,0,0,0,1,0,0,0,0,0,0,1,0.16,0,0,0
Larger Than Life,16,63,157,11,7,254,1,1,0,1,0,1,2,1,0,0,0,0,1,0,0,0,0,0,1,0.16,0,0,0
Lash of the Whip,16,45,119,9,7,196,1,1,0,1,0,1,5,1,0,0,0,1,0,0,0,0,0,0,1,0.13,0,0,0
Lash Out,8,310,0,13,7,338,1,1,0,1,0,1,2,1,0,0,0,1,0,0,0,0,0,0,1,0.16,0,0,0
Last Breath,11,72,66,9,7,165,1,1,0,1,0,1,2,1,0,0,0,1,0,0,0,0,0,0,1,0.14,0,0,0
Last Breath,11,72,99,14,7,203,1,1,0,1,0,1,2,1,0,0,0,1,0,0,0,0,0,0,1,0.15,0,0,0
Last Gasp,9,45,41,14,7,116,1,1,0,1,0,1,2,1,0,0,0,1,0,0,0,0,0,0,1,0.16,0,0,0
Last Kiss,9,64,122,12,7,214,1,1,0,1,0,1,3,1,0,0,0,1,0,0,0,0,0,0,1,0.15,0,0,0
Last Thoughts,13,228,0,16,7,264,1,1,0,1,0,1,4,1,0,0,0,0,1,0,0,0,0,0,1,0.14,0,0,0
Latchkey Faerie,15,217,0,11,23,266,1,1,0,1,2,1,4,1,0,0,0,0,0,0,0,1,0,0,1,0.16,0,0,0
Lathnu Sailback,15,0,143,19,17,194,1,1,0,1,1,1,5,1,0,0,0,0,0,0,0,1,0,0,1,0.1,0,0,0
Launch Party,12,119,47,14,7,199,1,1,0,1,0,1,4,1,0,0,0,1,0,0,0,0,0,0,1,0.14,0,0,0
Lava Axe,8,41,58,12,7,126,1,1,0,1,0,1,5,1,0,0,0,0,1,0,0,0,0,0,1,0.14,0,0,0
Lava Axe,8,41,41,12,7,109,1,1,0,1,0,1,5,1,0,0,0,0,1,0,0,0,0,0,1,0.14,0,0,0
Lava Axe,8,41,8,12,7,76,1,1,0,1,0,1,5,1,0,0,0,0,1,0,0,0,0,0,1,0.15,0,0,0
Lava Axe,8,41,8,12,7,76,1,1,0,1,0,1,5,1,0,0,0,0,1,0,0,0,0,0,1,0.15,0,0,0
Lava Axe,8,41,8,12,7,76,1,1,0,1,0,1,5,1,0,0,0,0,1,0,0,0,0,0,1,0.15,0,0,0
Lava Axe,8,41,8,12,7,76,1,1,0,1,0,1,5,1,0,0,0,0,1,0,0,0,0,0,1,0.15,0,0,0
Lava Axe,8,41,91,12,7,159,1,1,0,1,0,1,5,1,0,0,0,0,1,0,0,0,0,0,1,0.15,0,0,0
Lava Axe,8,41,41,12,7,109,1,1,0,1,0,1,5,1,0,0,0,0,1,0,0,0,0,0,1,0.15,0,0,0
Lava Spike,10,43,177,10,16,256,1,1,0,1,1,1,1,1,0,0,0,0,1,0,0,0,0,0,1,4.92,1,0,0
Lavafume Invoker,16,55,118,12,24,225,1,1,0,1,2,1,3,1,0,0,0,0,0,0,0,1,0,0,1,0.15,0,0,0
Lavastep Raider,15,53,141,12,25,246,1,1,0,1,2,1,1,1,0,0,0,0,0,0,0,1,0,0,1,0.13,0,0,0
Lawless Broker,14,77,150,14,27,282,1,1,0,1,2,1,3,1,0,0,0,0,0,0,0,1,0,0,1,0.1,0,0,0
Lay Bare,8,52,105,6,7,178,1,1,0,1,0,1,4,1,0,0,0,1,0,0,0,0,0,0,2,0.15,0,0,0
Lay of the Land,15,103,76,12,7,213,1,1,0,1,0,1,1,1,0,0,0,0,1,0,0,0,0,0,1,0.15,0,0,0
Lead by Example,15,71,119,13,7,225,1,1,0,1,0,1,2,1,0,0,0,1,0,0,0,0,0,0,1,0.14,0,0,0
Leaden Fists,12,168,0,10,18,208,1,1,0,1,1,1,3,1,0,0,0,0,0,1,0,0,0,0,1,0.15,0,0,0
Leaden Myr,10,31,96,10,23,170,0,1,-1,2,1,1,2,1,0,0,0,0,0,0,1,1,0,0,0,0.15,0,0,0
Leaden Myr,10,31,90,12,23,166,0,1,-1,2,1,1,2,1,0,0,0,0,0,0,1,1,0,0,0,0.15,0,0,0
Leaf Arrow,10,57,133,14,7,221,1,1,0,1,0,1,1,1,0,0,0,1,0,0,0,0,0,0,1,0.15,0,0,0
Leaf Gilder,11,31,149,14,20,225,1,1,0,1,2,1,2,1,0,0,0,0,0,0,0,1,0,0,1,0.15,0,0,0
Leaf Gilder,11,31,149,14,20,225,1,1,0,1,2,1,2,1,0,0,0,0,0,0,0,1,0,0,1,0.15,0,0,0
Leafcrown Dryad,15,215,0,11,34,275,1,1,0,2,2,1,2,1,0,0,0,0,0,1,0,1,0,0,1,0.14,0,0,0
Leap of Faith,13,114,52,14,7,200,1,1,0,1,0,1,3,1,0,0,0,1,0,0,0,0,0,0,1,0.14,0,0,0
Leap of Flame,13,218,0,16,7,254,2,2,0,1,0,1,2,1,0,0,0,1,0,0,0,0,0,0,2,0.15,0,0,0
Leaping Master,14,54,58,22,21,169,1,2,-1,1,2,1,2,1,0,0,0,0,0,0,0,1,0,0,1,0.12,0,0,0
Leave in the Dust,17,65,122,13,7,224,1,1,0,1,0,1,4,1,0,0,0,1,0,0,0,0,0,0,1,0.1,0,0,0
Leave No Trace,14,93,75,7,7,196,1,1,0,1,0,1,2,1,0,0,0,1,0,0,0,0,0,0,1,0.17,0,0,0
Leeching Bite,13,99,69,12,7,200,1,1,0,1,0,1,2,1,0,0,0,1,0,0,0,0,0,0,1,0.14,0,0,0
Legion Conquistador,19,192,89,19,26,345,1,1,0,1,2,1,3,1,0,0,0,0,0,0,0,1,0,0,1,0.13,0,0,0
Legion's Judgment,17,48,96,14,7,182,1,1,0,1,0,1,3,1,0,0,0,0,1,0,0,0,0,0,1,0.14,0,0,0
Lens of Clarity,15,121,92,16,8,252,0,0,0,1,0,1,1,1,0,0,0,0,0,0,1,0,0,0,0,0.14,0,0,0
Leonin Armorguard,17,97,71,15,22,222,2,2,0,1,2,1,4,1,0,0,0,0,0,0,0,1,0,0,2,0.15,0,0,0
Leonin Bola,11,249,0,19,20,299,0,0,0,1,1,1,1,1,0,0,0,0,0,0,1,0,0,0,0,0.15,0,0,0
Leonin Den-Guard,16,73,71,13,22,195,1,1,0,1,2,1,2,1,0,0,0,0,0,0,0,1,0,0,1,0.15,0,0,0
Leonin Elder,12,65,121,13,21,232,1,1,0,1,2,1,1,1,0,0,0,0,0,0,0,1,0,0,1,0.16,0,0,0
Leonin Scimitar,15,110,0,12,20,157,0,0,0,1,1,1,1,1,0,0,0,0,0,0,1,0,0,0,0,0.16,0,0,0
Leonin Skyhunter,16,6,85,29,21,157,1,1,0,1,2,1,2,1,0,0,0,0,0,0,0,1,0,0,2,0.14,0,0,0
Leonin Snarecaster,18,76,101,10,22,227,1,1,0,1,2,1,2,1,0,0,0,0,0,0,0,1,0,0,1,0.14,0,0,0
Leonin Squire,13,139,84,12,22,270,1,1,0,1,2,1,2,1,0,0,0,0,0,0,0,1,0,0,1,0.16,0,0,0
Lethal Sting,12,115,94,12,7,240,1,1,0,1,0,1,3,1,0,0,0,0,1,0,0,0,0,0,1,0.14,0,0,0
Lethargy Trap,13,149,91,17,14,284,1,1,0,1,1,1,4,1,0,0,0,1,0,0,0,0,0,0,1,0.14,0,0,0
Leyline Phantom,15,112,121,8,19,275,1,1,0,1,1,1,5,1,0,0,0,0,0,0,0,1,0,0,1,0.14,0,0,0
Life Goes On,12,71,181,7,7,278,1,1,0,1,0,1,1,1,0,0,0,1,0,0,0,0,0,0,1,0.14,0,0,0
Lifecraft Cavalry,17,149,82,15,22,285,1,1,0,1,2,1,5,1,0,0,0,0,0,0,0,1,0,0,1,0.1,0,0,0
Lifelink,8,131,59,14,18,230,1,1,0,1,1,1,1,1,0,0,0,0,0,1,0,0,0,0,1,0.15,0,0,0
Lifelink,8,131,59,14,18,230,1,1,0,1,1,1,1,1,0,0,0,0,0,1,0,0,0,0,1,0.16,0,0,0
Lifespark Spellbomb,19,159,60,10,8,256,0,1,-1,1,0,1,1,1,0,0,0,0,0,0,1,0,0,0,0,0.15,0,0,0
Lifespring Druid,16,49,68,13,20,166,1,1,0,1,2,1,3,1,0,0,0,0,0,0,0,1,0,0,1,0.13,0,0,0
Lifted by Clouds,16,219,0,13,16,264,1,1,0,1,1,1,3,1,0,0,0,1,0,0,0,0,0,0,1,0.15,0,0,0
Lightning Axe,13,120,148,9,7,297,1,1,0,1,0,1,1,1,0,0,0,1,0,0,0,0,0,0,1,0.73,0,0,0
Lightning Bolt,14,59,160,19,7,259,1,1,0,1,0,1,1,1,0,0,0,1,0,0,0,0,0,0,1,2.69,1,0,0
Lightning Bolt,14,59,0,19,7,99,1,1,0,1,0,1,1,1,0,0,0,1,0,0,0,0,0,0,1,2.69,1,0,0
Lightning Diadem,16,141,62,18,18,255,1,1,0,1,1,1,6,1,0,0,0,0,0,1,0,0,0,0,1,0.15,0,0,0
Lightning Elemental,19,80,83,10,20,212,1,1,0,1,1,1,4,1,0,0,0,0,0,0,0,1,0,0,1,0.14,0,0,0
Lightning Elemental,19,80,121,10,20,250,1,1,0,1,1,1,4,1,0,0,0,0,0,0,0,1,0,0,1,0.15,0,0,0
Lightning Elemental,19,80,121,10,20,250,1,1,0,1,1,1,4,1,0,0,0,0,0,0,0,1,0,0,1,0.15,0,0,0
Lightning Elemental,19,80,121,10,20,250,1,1,0,1,1,1,4,1,0,0,0,0,0,0,0,1,0,0,1,0.15,0,0,0
Lightning Elemental,19,80,121,10,20,250,1,1,0,1,1,1,4,1,0,0,0,0,0,0,0,1,0,0,1,0.15,0,0,0
Lightning Javelin,17,163,115,12,7,314,1,1,0,1,0,1,4,1,0,0,0,0,1,0,0,0,0,0,1,0.14,0,0,0
Lightning Shrieker,18,120,125,15,17,295,1,1,0,1,1,1,5,1,0,0,0,0,0,0,0,1,0,0,1,0.15,0,0,0
Lightning Strike,16,61,123,13,7,220,1,1,0,1,0,1,2,1,0,0,0,1,0,0,0,0,0,0,1,0.18,0,0,0
Lightning Strike,16,61,36,13,7,133,1,1,0,1,0,1,2,1,0,0,0,1,0,0,0,0,0,0,1,0.19,0,0,0
Lightning Talons,16,132,109,12,18,287,1,1,0,1,1,1,3,1,0,0,0,0,0,1,0,0,0,0,1,0.14,0,0,0
Lightning Talons,16,132,101,12,18,279,1,1,0,1,1,1,3,1,0,0,0,0,0,1,0,0,0,0,1,0.15,0,0,0
Lightwalker,11,63,95,13,24,206,1,1,0,1,2,1,2,1,0,0,0,0,0,0,0,1,0,0,1,0.14,0,0,0
Lignify,7,108,120,13,34,282,1,1,0,2,2,1,2,1,0,0,0,0,0,1,0,0,0,0,1,0.31,0,0,0
Liliana's Shade,15,202,0,14,16,247,1,1,0,1,1,1,4,1,0,0,0,0,0,0,0,1,0,0,2,0.14,0,0,0
Liliana's Specter,17,84,83,12,18,214,1,1,0,1,1,1,3,1,0,0,0,0,0,0,0,1,0,0,2,0.16,0,0,0
Lionheart Maverick,18,66,145,16,23,268,1,1,0,1,2,1,1,1,0,0,0,0,0,0,0,1,0,0,1,0.14,0,0,0
Lithomancer's Focus,19,133,76,16,7,251,1,1,0,1,0,1,1,1,0,0,0,1,0,0,0,0,0,0,1,0.12,0,0,0
Liturgy of Blood,16,57,107,11,7,198,1,1,0,1,0,1,5,1,0,0,0,0,1,0,0,0,0,0,2,0.14,0,0,0
Live Fast,9,70,86,8,7,180,1,1,0,1,0,1,3,1,0,0,0,0,1,0,0,0,0,0,1,0.11,0,0,0
Living Destiny,14,148,57,11,7,237,1,1,0,1,0,1,4,1,0,0,0,1,0,0,0,0,0,0,1,0.15,0,0,0
Living Totem,12,246,0,15,26,299,1,1,0,1,2,1,4,1,0,0,0,0,0,0,0,1,0,0,1,0.14,0,0,0
Llanowar Augur,14,136,63,14,21,248,1,1,0,1,2,1,1,1,0,0,0,0,0,0,0,1,0,0,1,0.19,0,0,0
Llanowar Elves,14,31,83,10,20,158,1,1,0,1,2,1,1,1,0,0,0,0,0,0,0,1,0,0,1,0.18,0,0,0
Llanowar Elves,14,31,83,10,20,158,1,1,0,1,2,1,1,1,0,0,0,0,0,0,0,1,0,0,1,0.19,0,0,0
Llanowar Elves,14,31,83,10,20,158,1,1,0,1,2,1,1,1,0,0,0,0,0,0,0,1,0,0,1,0.19,0,0,0
Llanowar Elves,14,31,83,10,20,158,1,1,0,1,2,1,1,1,0,0,0,0,0,0,0,1,0,0,1,0.22,0,0,0
Llanowar Elves,14,31,83,10,20,158,1,1,0,1,2,1,1,1,0,0,0,0,0,0,0,1,0,0,1,0.24,0,0,0
Llanowar Empath,15,290,0,11,21,337,1,1,0,1,2,1,4,1,0,0,0,0,0,0,0,1,0,0,1,0.15,0,0,0
Llanowar Empath,15,290,0,11,21,337,1,1,0,1,2,1,4,1,0,0,0,0,0,0,0,1,0,0,1,0.16,0,0,0
Llanowar Sentinel,17,199,67,14,14,311,1,1,0,1,1,1,3,1,0,0,0,0,0,0,0,1,0,0,1,0.17,0,0,0
Loam Dryad,10,87,130,12,23,262,1,1,0,1,2,1,1,1,0,0,0,0,0,0,0,1,0,0,1,0.15,0,0,0
Loam Larva,10,159,94,10,17,290,1,1,0,1,1,1,2,1,0,0,0,0,0,0,0,1,0,0,1,0.14,0,0,0
Loamdragger Giant,17,0,176,12,24,229,2,2,0,1,2,1,7,1,0,0,0,0,0,0,0,1,0,0,3,0.15,0,0,0
Loathsome Catoblepas,20,162,0,19,16,217,1,2,-1,1,1,1,6,1,0,0,0,0,0,0,0,1,0,0,1,0.13,0,0,0
Lobber Crew,11,117,38,12,25,203,1,1,0,1,2,1,3,1,0,0,0,0,0,0,0,1,0,0,1,0.14,0,0,0
Loch Korrigan,13,50,158,7,17,245,1,2,-1,1,1,1,4,1,0,0,0,0,0,0,0,1,0,0,1,0.15,0,0,0
Logic Knot,10,139,0,10,7,166,1,1,0,1,0,1,2,1,0,0,0,1,0,0,0,0,0,0,2,2.02,1,0,0
Lone Missionary,15,61,151,15,19,261,1,1,0,1,2,1,2,1,0,0,0,0,0,0,0,1,0,0,1,0.3,0,0,0
Lone Wolf,9,77,54,11,15,166,1,1,0,1,1,1,3,1,0,0,0,0,0,0,0,1,0,0,1,0.18,0,0,0
Longshot Squad,14,215,0,11,23,263,1,1,0,1,2,1,4,1,0,0,0,0,0,0,0,1,0,0,1,0.14,0,0,0
Looming Altisaur,16,0,150,15,19,200,1,1,0,1,1,1,4,1,0,0,0,0,0,0,0,1,0,0,1,0.14,0,0,0
Looming Shade,13,48,44,10,16,131,1,1,0,1,1,1,3,1,0,0,0,0,0,0,0,1,0,0,1,0.15,0,0,0
Looming Shade,13,48,44,10,16,131,1,1,0,1,1,1,3,1,0,0,0,0,0,0,0,1,0,0,1,0.15,0,0,0
Looming Shade,13,48,80,10,16,167,1,1,0,1,1,1,3,1,0,0,0,0,0,0,0,1,0,0,1,0.15,0,0,0
Looming Shade,13,48,80,10,16,167,1,1,0,1,1,1,3,1,0,0,0,0,0,0,0,1,0,0,1,0.15,0,0,0
Looming Spires,14,190,0,21,4,229,0,1,-1,1,0,1,0,1,0,0,0,0,0,0,0,0,1,0,0,0.14,0,0,0
Looter il-Kor,13,163,71,16,20,283,1,1,0,1,2,1,2,1,0,0,0,0,0,0,0,1,0,0,1,0.23,0,0,0
Lose Calm,9,191,54,14,7,275,1,1,0,1,0,1,4,1,0,0,0,0,1,0,0,0,0,0,1,0.15,0,0,0
Lose Hope,9,190,0,12,7,218,1,1,0,1,0,1,1,1,0,0,0,1,0,0,0,0,0,0,1,0.14,0,0,0
Lost Hours,10,144,99,10,7,270,1,1,0,1,0,1,2,1,0,0,0,0,1,0,0,0,0,0,1,0.15,0,0,0
Lost in a Labyrinth,19,146,98,13,7,283,1,1,0,1,0,1,1,1,0,0,0,1,0,0,0,0,0,0,1,0.14,0,0,0
Lost in the Mist,16,66,87,13,7,189,1,1,0,1,0,1,5,1,0,0,0,1,0,0,0,0,0,0,2,0.14,0,0,0
Lost Leonin,11,125,93,7,22,258,1,1,0,1,2,1,2,1,0,0,0,0,0,0,0,1,0,0,1,0.15,0,0,0
Lotus Path Djinn,16,99,94,12,21,242,1,1,0,1,2,1,4,1,0,0,0,0,0,0,0,1,0,0,1,0.14,0,0,0
Lowland Oaf,11,149,90,11,24,285,1,1,0,1,2,1,4,1,0,0,0,0,0,0,0,1,0,0,1,0.15,0,0,0
Loxodon Anchorite,17,90,102,10,26,245,1,1,0,1,2,1,4,1,0,0,0,0,0,0,0,1,0,0,2,0.14,0,0,0
Loxodon Convert,15,0,114,12,27,168,1,1,0,1,2,1,4,1,0,0,0,0,0,0,0,1,0,0,1,0.15,0,0,0
Loxodon Mender,14,37,75,14,26,166,1,1,0,1,2,1,6,1,0,0,0,0,0,0,0,1,0,0,1,0.15,0,0,0
Loxodon Mystic,14,30,138,20,26,228,1,1,0,1,2,1,5,1,0,0,0,0,0,0,0,1,0,0,2,0.14,0,0,0
Loxodon Mystic,14,30,105,14,26,189,1,1,0,1,2,1,5,1,0,0,0,0,0,0,0,1,0,0,2,0.16,0,0,0
Loxodon Partisan,16,104,109,12,27,268,1,1,0,1,2,1,5,1,0,0,0,0,0,0,0,1,0,0,1,0.13,0,0,0
Loxodon Wayfarer,16,0,89,15,24,144,1,1,0,1,2,1,3,1,0,0,0,0,0,0,0,1,0,0,1,0.13,0,0,0
Loyal Cathar,12,132,118,13,24,299,1,2,-1,1,2,1,2,1,0,0,0,0,0,0,0,1,0,0,2,0.14,0,0,0
Loyal Pegasus,13,49,106,21,18,207,1,1,0,1,1,1,1,1,0,0,0,0,0,0,0,1,0,0,1,0.15,0,0,0
Lucent Liminid,14,6,103,12,32,167,1,1,0,2,1,1,5,1,0,0,0,0,0,1,0,1,0,0,2,0.17,0,0,0
Lumengrid Drake,15,148,74,12,16,265,1,1,0,1,1,1,4,1,0,0,0,0,0,0,0,1,0,0,1,0.13,0,0,0
Lumengrid Warden,16,0,116,13,23,168,1,1,0,1,2,1,2,1,0,0,0,0,0,0,0,1,0,0,1,0.15,0,0,0
Lumengrid Warden,16,0,161,12,23,212,1,1,0,1,2,1,2,1,0,0,0,0,0,0,0,1,0,0,1,0.15,0,0,0
Lumengrid Warden,16,0,55,12,23,106,1,1,0,1,2,1,2,1,0,0,0,0,0,0,0,1,0,0,1,0.15,0,0,0
Luminescent Rain,16,84,104,9,7,220,1,1,0,1,0,1,3,1,0,0,0,1,0,0,0,0,0,0,1,0.17,0,0,0
Lumithread Field,16,152,75,13,11,267,1,1,0,1,0,1,2,1,0,0,0,0,0,1,0,0,0,0,1,0.18,0,0,0
Lunarch Mantle,14,130,87,22,18,271,1,1,0,1,1,1,2,1,0,0,0,0,0,1,0,0,0,0,1,0.14,0,0,0
Lunk Errant,11,86,74,11,24,206,1,1,0,1,2,1,6,1,0,0,0,0,0,0,0,1,0,0,1,0.15,0,0,0
Lurching Rotbeast,17,50,65,14,23,169,1,1,0,1,2,1,4,1,0,0,0,0,0,0,0,1,0,0,1,0.13,0,0,0
Lurking Crocodile,17,215,0,15,20,267,1,1,0,1,1,1,3,1,0,0,0,0,0,0,0,1,0,0,1,0.15,0,0,0
Lurking Informant,17,154,76,10,22,279,2,2,0,1,2,1,2,1,0,0,0,0,0,0,0,1,0,0,1,0.16,0,0,0
Lush Growth,11,62,146,13,18,250,1,1,0,1,1,1,1,1,0,0,0,0,0,1,0,0,0,0,1,0.16,0,0,0
Luxa River Shrine,17,181,90,9,8,305,0,0,0,1,0,1,3,1,0,0,0,0,0,0,1,0,0,0,0,0.14,0,0,0
Lyev Decree,11,169,91,10,7,288,1,1,0,1,0,1,2,1,0,0,0,0,1,0,0,0,0,0,1,0.14,0,0,0
Lymph Sliver,12,106,101,6,17,242,1,1,0,1,1,1,5,1,0,0,0,0,0,0,0,1,0,0,1,0.17,0,0,0
Lys Alana Bowmaster,19,165,0,9,21,214,1,1,0,1,2,1,3,1,0,0,0,0,0,0,0,1,0,0,1,0.16,0,0,0
Lys Alana Huntmaster,20,86,170,12,22,310,1,1,0,1,2,1,4,1,0,0,0,0,0,0,0,1,0,0,2,0.31,0,0,0
Macabre Waltz,13,93,57,10,7,180,1,1,0,1,0,1,2,1,0,0,0,0,1,0,0,0,0,0,1,0.14,0,0,0
Macabre Waltz,13,93,51,13,7,177,1,1,0,1,0,1,2,1,0,0,0,0,1,0,0,0,0,0,1,0.14,0,0,0
Macabre Waltz,13,93,58,10,7,181,1,1,0,1,0,1,2,1,0,0,0,0,1,0,0,0,0,0,1,0.15,0,0,0
Machinate,9,183,71,13,7,283,1,1,0,1,0,1,3,1,0,0,0,1,0,0,0,0,0,0,2,0.14,0,0,0
Mad Prophet,11,39,104,14,23,191,1,1,0,1,2,1,4,1,0,0,0,0,0,0,0,1,0,0,1,0.14,0,0,0
Madcap Skills,13,62,60,15,18,168,1,1,0,1,1,1,2,1,0,0,0,0,0,1,0,0,0,0,1,0.16,0,0,0
Magefire Wings,14,62,96,29,18,219,2,2,0,1,1,1,2,1,0,0,0,0,0,1,0,0,0,0,2,0.15,0,0,0
Mage-Ring Bully,15,137,66,13,24,255,1,1,0,1,2,1,2,1,0,0,0,0,0,0,0,1,0,0,1,0.14,0,0,0
Maggot Carrier,14,69,129,11,17,240,1,1,0,1,1,1,1,1,0,0,0,0,0,0,0,1,0,0,1,0.15,0,0,0
Magma Rift,10,105,100,9,7,231,1,1,0,1,0,1,3,1,0,0,0,0,1,0,0,0,0,0,1,0.14,0,0,0
Magma Spray,11,102,108,14,7,242,1,1,0,1,0,1,1,1,0,0,0,1,0,0,0,0,0,0,1,0.15,0,0,0
Magma Spray,11,102,55,15,7,190,1,1,0,1,0,1,1,1,0,0,0,1,0,0,0,0,0,0,1,0.16,0,0,0
Magma Spray,11,102,93,16,7,229,1,1,0,1,0,1,1,1,0,0,0,1,0,0,0,0,0,0,1,0.19,0,0,0
Magmatic Chasm,14,47,144,11,7,223,1,1,0,1,0,1,2,1,0,0,0,0,1,0,0,0,0,0,1,0.13,0,0,0
Magmatic Chasm,14,47,147,11,7,226,1,1,0,1,0,1,2,1,0,0,0,0,1,0,0,0,0,0,1,0.14,0,0,0
Magnetic Flux,13,61,134,15,7,230,1,1,0,1,0,1,3,1,0,0,0,1,0,0,0,0,0,0,1,0.14,0,0,0
Make Mischief,13,179,40,9,7,248,1,1,0,1,0,1,3,1,0,0,0,0,1,0,0,0,0,0,1,0.14,0,0,0
Makeshift Mauler,16,90,93,11,24,234,1,1,0,1,2,1,4,1,0,0,0,0,0,0,0,1,0,0,1,0.14,0,0,0
Makindi Aeronaut,16,6,90,12,25,149,1,1,0,1,3,1,2,1,0,0,0,0,0,0,0,1,0,0,1,0.13,0,0,0
Makindi Griffin,15,6,184,4,18,227,1,1,0,1,1,1,4,1,0,0,0,0,0,0,0,1,0,0,1,0.15,0,0,0
Makindi Patrol,14,146,118,13,28,319,1,1,0,1,3,1,3,1,0,0,0,0,0,0,0,1,0,0,1,0.12,0,0,0
Makindi Shieldmate,18,146,55,11,27,257,1,1,0,1,3,1,3,1,0,0,0,0,0,0,0,1,0,0,1,0.15,0,0,0
Makindi Sliderunner,19,127,88,12,16,262,1,1,0,1,1,1,2,1,0,0,0,0,0,0,0,1,0,0,1,0.13,0,0,0
Malachite Golem,15,56,139,13,25,248,0,1,-1,2,1,1,6,1,0,0,0,0,0,0,1,1,0,0,0,0.15,0,0,0
Malfunction,11,164,41,4,18,238,1,1,0,1,1,1,4,1,0,0,0,0,0,1,0,0,0,0,1,0.1,0,0,0
Malicious Intent,16,85,88,10,18,217,1,1,0,1,1,1,2,1,0,0,0,0,0,1,0,0,0,0,1,0.13,0,0,0
Mana Cylix,10,54,98,11,8,181,0,0,0,1,0,1,1,1,0,0,0,0,0,0,1,0,0,0,0,0.15,0,0,0
Mana Geyser,11,70,88,17,7,193,1,1,0,1,0,1,5,1,0,0,0,0,1,0,0,0,0,0,2,0.18,0,0,0
Mana Leak,9,52,82,11,7,161,1,1,0,1,0,1,2,1,0,0,0,1,0,0,0,0,0,0,1,0.32,0,0,0
Mana Leak,9,52,82,11,7,161,1,1,0,1,0,1,2,1,0,0,0,1,0,0,0,0,0,0,1,0.32,0,0,0
Mana Leak,9,52,82,16,7,166,1,1,0,1,0,1,2,1,0,0,0,1,0,0,0,0,0,0,1,0.35,0,0,0
Mana Leak,9,52,82,16,7,166,1,1,0,1,0,1,2,1,0,0,0,1,0,0,0,0,0,0,1,0.37,0,0,0
Mana Skimmer,12,157,64,12,16,261,1,1,0,1,1,1,4,1,0,0,0,0,0,0,0,1,0,0,1,0.15,0,0,0
Mana Tithe,10,52,100,17,7,186,1,1,0,1,0,1,1,1,0,0,0,1,0,0,0,0,0,0,1,1.25,1,0,0
Manaforge Cinder,16,96,135,4,27,278,2,2,0,1,2,1,1,1,0,0,0,0,0,0,0,1,0,0,1,0.2,0,0,0
Manalith,8,49,172,8,8,245,0,0,0,1,0,1,3,1,0,0,0,0,0,0,1,0,0,0,0,0.14,0,0,0
Manalith,8,49,156,14,8,235,0,0,0,1,0,1,3,1,0,0,0,0,0,0,1,0,0,0,0,0.21,0,0,0
Manamorphose,12,73,151,13,7,256,2,2,0,1,0,1,2,1,0,0,0,1,0,0,0,0,0,0,1,7.12,1,1,0
Maniacal Rage,13,63,86,17,18,197,1,1,0,1,1,1,2,1,0,0,0,0,0,1,0,0,0,0,1,0.15,0,0,0
Manic Vandal,12,66,41,19,24,162,1,1,0,1,2,1,3,1,0,0,0,0,0,0,0,1,0,0,1,0.15,0,0,0
Manic Vandal,12,66,41,19,24,162,1,1,0,1,2,1,3,1,0,0,0,0,0,0,0,1,0,0,1,0.15,0,0,0
Manor Skeleton,14,40,75,14,19,162,1,1,0,1,1,1,2,1,0,0,0,0,0,0,0,1,0,0,1,0.13,0,0,0
Manticore of the Gauntlet,25,167,107,11,20,330,1,1,0,1,1,1,5,1,0,0,0,0,0,0,0,1,0,0,1,0.13,0,0,0
Mantle of Webs,14,99,87,15,18,233,1,1,0,1,1,1,2,1,0,0,0,0,0,1,0,0,0,0,1,0.14,0,0,0
Map the Wastes,14,220,0,11,7,252,1,1,0,1,0,1,3,1,0,0,0,0,1,0,0,0,0,0,1,0.15,0,0,0
Marauding Boneslasher,21,68,117,20,26,252,1,1,0,1,2,1,3,1,0,0,0,0,0,0,0,1,0,0,1,0.1,0,0,0
Marauding Maulhorn,18,105,79,13,16,231,1,1,0,1,1,1,4,1,0,0,0,0,0,0,0,1,0,0,2,0.14,0,0,0
Marble Chalice,14,21,138,11,8,192,1,1,0,1,0,1,3,1,0,0,0,0,0,0,1,0,0,0,1,0.16,0,0,0
March of the Drowned,20,143,0,11,7,181,1,1,0,1,0,1,1,1,0,0,0,0,1,0,0,0,0,0,1,0.13,0,0,0
March of the Returned,21,72,149,8,7,257,1,1,0,1,0,1,4,1,0,0,0,0,1,0,0,0,0,0,1,0.14,0,0,0
Mardu Banner,12,97,31,16,8,164,0,3,-3,1,0,1,3,1,0,0,0,0,0,0,1,0,0,0,0,0.12,0,0,0
Mardu Hateblade,15,127,75,18,24,259,1,2,-1,1,2,1,1,1,0,0,0,0,0,0,0,1,0,0,1,0.14,0,0,0
Mardu Hordechief,16,138,34,19,24,231,1,1,0,1,2,1,3,1,0,0,0,0,0,0,0,1,0,0,1,0.14,0,0,0
Mardu Runemark,14,134,0,12,18,178,1,1,0,1,1,1,3,1,0,0,0,0,0,1,0,0,0,0,1,0.15,0,0,0
Mardu Scout,11,181,64,12,23,291,1,1,0,1,2,1,2,1,0,0,0,0,0,0,0,1,0,0,2,0.16,0,0,0
Mardu Skullhunter,17,178,0,15,24,234,1,1,0,1,2,1,2,1,0,0,0,0,0,0,0,1,0,0,1,0.14,0,0,0
Mardu Warshrieker,17,129,92,15,21,274,1,3,-2,1,2,1,4,1,0,0,0,0,0,0,0,1,0,0,1,0.14,0,0,0
Maritime Guard,14,0,153,14,26,207,1,1,0,1,2,1,2,1,0,0,0,0,0,0,0,1,0,0,1,0.14,0,0,0
Maritime Guard,14,0,83,14,26,137,1,1,0,1,2,1,2,1,0,0,0,0,0,0,0,1,0,0,1,0.14,0,0,0
Mark of the Vampire,19,64,96,13,18,210,1,1,0,1,1,1,4,1,0,0,0,0,0,1,0,0,0,0,1,0.14,0,0,0
Mark of the Vampire,19,64,96,13,18,210,1,1,0,1,1,1,4,1,0,0,0,0,0,1,0,0,0,0,1,0.14,0,0,0
Mark of the Vampire,19,64,121,12,18,234,1,1,0,1,1,1,4,1,0,0,0,0,0,1,0,0,0,0,1,0.14,0,0,0
Marked by Honor,15,102,54,13,18,202,1,1,0,1,1,1,4,1,0,0,0,0,0,1,0,0,0,0,1,0.14,0,0,0
Market Festival,15,183,39,11,18,266,1,1,0,1,1,1,4,1,0,0,0,0,0,1,0,0,0,0,1,0.15,0,0,0
Markov Patrician,16,80,115,29,18,258,1,1,0,1,1,1,3,1,0,0,0,0,0,0,0,1,0,0,1,0.14,0,0,0
Markov's Servant,16,0,51,12,18,97,1,1,0,1,1,1,3,1,0,0,0,0,0,0,0,1,0,0,0,0.15,0,0,0
Marsh Hulk,10,157,34,12,22,235,1,1,0,1,2,1,6,1,0,0,0,0,0,0,0,1,0,0,2,0.15,0,0,0
Marsh Threader,14,88,112,13,20,247,1,1,0,1,2,1,2,1,0,0,0,0,0,0,0,1,0,0,1,0.15,0,0,0
Marshaling Cry,14,221,0,12,7,254,1,1,0,1,0,1,3,1,0,0,0,0,1,0,0,0,0,0,2,0.15,0,0,0
Marshmist Titan,15,167,61,11,16,270,1,1,0,1,1,1,7,1,0,0,0,0,0,0,0,1,0,0,1,0.15,0,0,0
Martial Glory,13,91,143,16,7,270,2,2,0,1,0,1,2,1,0,0,0,1,0,0,0,0,0,0,2,0.15,0,0,0
Martyr of Ashes,15,130,50,13,23,231,1,1,0,1,2,1,1,1,0,0,0,0,0,0,0,1,0,0,1,0.16,0,0,0
Martyr of Bones,15,120,97,10,23,265,1,1,0,1,2,1,1,1,0,0,0,0,0,0,0,1,0,0,1,0.15,0,0,0
Martyr of Frost,15,120,99,13,23,270,1,1,0,1,2,1,1,1,0,0,0,0,0,0,0,1,0,0,1,0.18,0,0,0
Martyr of Sands,15,97,79,14,23,228,1,1,0,1,2,1,1,1,0,0,0,0,0,0,0,1,0,0,1,1.68,1,0,0
Martyr of Spores,16,115,60,9,23,223,1,1,0,1,2,1,1,1,0,0,0,0,0,0,0,1,0,0,1,0.15,0,0,0
Mass of Ghouls,14,0,228,14,25,281,1,1,0,1,2,1,5,1,0,0,0,0,0,0,0,1,0,0,2,0.15,0,0,0
Mass of Ghouls,14,0,0,14,25,53,1,1,0,1,2,1,5,1,0,0,0,0,0,0,0,1,0,0,2,0.16,0,0,0
Massive Raid,12,100,106,12,7,237,1,1,0,1,0,1,3,1,0,0,0,1,0,0,0,0,0,0,2,0.14,0,0,0
Master Decoy,12,30,97,12,24,175,1,1,0,1,2,1,2,1,0,0,0,0,0,0,0,1,0,0,1,0.15,0,0,0
Master Decoy,12,30,97,12,24,175,1,1,0,1,2,1,2,1,0,0,0,0,0,0,0,1,0,0,1,0.15,0,0,0
Master of Diversion,19,84,62,15,22,202,1,1,0,1,2,1,3,1,0,0,0,0,0,0,0,1,0,0,1,0.14,0,0,0
Master's Call,13,54,62,12,7,148,1,1,0,1,0,1,3,1,0,0,0,1,0,0,0,0,0,0,1,0.14,0,0,0
Matca Rioters,13,118,67,12,24,234,1,1,0,1,2,1,3,1,0,0,0,0,0,0,0,1,0,0,1,0.15,0,0,0
Matsu-Tribe Birdstalker,23,245,0,14,31,313,1,1,0,1,3,1,4,1,0,0,0,0,0,0,0,1,0,0,2,0.15,0,0,0
Matsu-Tribe Decoy,17,209,0,12,24,262,1,1,0,1,2,1,3,1,0,0,0,0,0,0,0,1,0,0,1,0.16,0,0,0
Matsu-Tribe Sniper,18,206,0,14,31,269,1,1,0,1,3,1,2,1,0,0,0,0,0,0,0,1,0,0,1,0.17,0,0,0
Maul Splicer,12,140,0,10,26,188,1,1,0,1,2,1,7,1,0,0,0,0,0,0,0,1,0,0,1,0.15,0,0,0
Maulfist Squad,14,146,43,12,26,241,1,1,0,1,2,1,4,1,0,0,0,0,0,0,0,1,0,0,1,0.1,0,0,0
Maw of Kozilek,14,115,94,7,24,254,0,1,-1,1,2,1,4,1,0,0,0,0,0,0,0,1,0,0,1,0.12,0,0,0
Maw of the Mire,15,37,109,13,7,181,1,1,0,1,0,1,5,1,0,0,0,0,1,0,0,0,0,0,1,0.13,0,0,0
Maze Abomination,16,135,0,13,20,184,1,1,0,1,1,1,6,1,0,0,0,0,0,0,0,1,0,0,1,0.14,0,0,0
Maze Behemoth,13,56,106,13,20,208,1,1,0,1,1,1,6,1,0,0,0,0,0,0,0,1,0,0,1,0.14,0,0,0
Maze Glider,11,54,69,13,20,167,1,1,0,1,1,1,6,1,0,0,0,0,0,0,0,1,0,0,1,0.14,0,0,0
Maze Rusher,11,52,90,13,20,186,1,1,0,1,1,1,6,1,0,0,0,0,0,0,0,1,0,0,1,0.14,0,0,0
Maze Sentinel,13,60,83,13,20,189,1,1,0,1,1,1,6,1,0,0,0,0,0,0,0,1,0,0,1,0.14,0,0,0
Meandering River,16,86,114,12,4,232,0,2,-2,1,0,1,0,1,0,0,0,0,0,0,0,0,1,0,0,0.23,0,0,0
Medicine Runner,15,92,112,6,21,246,2,2,0,1,2,1,2,1,0,0,0,0,0,0,0,1,0,0,1,0.15,0,0,0
Meditation Puzzle,17,165,45,12,7,246,1,1,0,1,0,1,5,1,0,0,0,1,0,0,0,0,0,0,2,0.14,0,0,0
Melancholy,10,223,0,15,18,266,1,1,0,1,1,1,3,1,0,0,0,0,0,1,0,0,0,0,1,0.15,0,0,0
Melt Terrain,12,75,125,9,7,228,1,1,0,1,0,1,4,1,0,0,0,0,1,0,0,0,0,0,2,0.15,0,0,0
Memory Sluice,13,263,0,13,7,296,2,2,0,1,0,1,1,1,0,0,0,0,1,0,0,0,0,0,1,0.42,0,0,0
Mending Hands,13,85,130,14,7,249,1,1,0,1,0,1,1,1,0,0,0,1,0,0,0,0,0,0,1,0.15,0,0,0
Mending Hands,13,85,130,14,7,249,1,1,0,1,0,1,1,1,0,0,0,1,0,0,0,0,0,0,1,0.16,0,0,0
Mending Touch,13,27,100,11,7,158,1,1,0,1,0,1,1,1,0,0,0,1,0,0,0,0,0,0,1,0.14,0,0,0
Mental Agony,12,50,43,12,7,124,1,1,0,1,0,1,4,1,0,0,0,0,1,0,0,0,0,0,1,0.14,0,0,0
Merchant of Secrets,19,61,133,16,23,252,1,1,0,1,2,1,3,1,0,0,0,0,0,0,0,1,0,0,1,0.15,0,0,0
Merciless Resolve,17,94,80,11,7,209,1,1,0,1,0,1,3,1,0,0,0,1,0,0,0,0,0,0,1,0.13,0,0,0
Merfolk Looter,14,38,90,10,24,176,1,1,0,1,2,1,2,1,0,0,0,0,0,0,0,1,0,0,1,0.15,0,0,0
Merfolk Looter,14,38,90,10,24,176,1,1,0,1,2,1,2,1,0,0,0,0,0,0,0,1,0,0,1,0.15,0,0,0
Merfolk Looter,14,38,48,14,24,138,1,1,0,1,2,1,2,1,0,0,0,0,0,0,0,1,0,0,1,0.17,0,0,0
Merfolk Mesmerist,17,95,115,29,25,281,1,1,0,1,2,1,2,1,0,0,0,0,0,0,0,1,0,0,1,0.15,0,0,0
Merfolk Observer,16,94,127,17,24,278,1,1,0,1,2,1,2,1,0,0,0,0,0,0,0,1,0,0,1,0.15,0,0,0
Merfolk of the Pearl Trident,28,0,240,8,18,294,1,1,0,1,1,1,1,1,0,0,0,0,0,0,0,1,0,0,1,0.14,0,0,0
Merfolk Spy,11,204,0,31,24,270,1,1,0,1,2,1,1,1,0,0,0,0,0,0,0,1,0,0,1,0.14,0,0,0
Merfolk Spy,11,204,0,31,24,270,1,1,0,1,2,1,1,1,0,0,0,0,0,0,0,1,0,0,1,0.14,0,0,0
Merfolk Thaumaturgist,21,68,130,14,25,258,1,1,0,1,2,1,3,1,0,0,0,0,0,0,0,1,0,0,1,0.16,0,0,0
Merrow Bonegnawer,17,125,112,10,24,288,1,1,0,1,2,1,1,1,0,0,0,0,0,0,0,1,0,0,1,0.15,0,0,0
Merrow Levitator,16,116,83,11,25,251,1,1,0,1,2,1,4,1,0,0,0,0,0,0,0,1,0,0,1,0.15,0,0,0
Merrow Wavebreakers,19,91,80,22,26,238,1,1,0,1,2,1,5,1,0,0,0,0,0,0,0,1,0,0,1,0.15,0,0,0
Merrow Witsniper,16,126,80,14,24,260,1,1,0,1,2,1,1,1,0,0,0,0,0,0,0,1,0,0,1,0.15,0,0,0
Mesmeric Sliver,15,226,0,16,17,274,1,1,0,1,1,1,4,1,0,0,0,0,0,0,0,1,0,0,1,0.17,0,0,0
Messenger Drake,15,46,57,13,16,147,1,1,0,1,1,1,5,1,0,0,0,0,0,0,0,1,0,0,2,0.14,0,0,0
Messenger's Speed,17,58,92,13,18,198,1,1,0,1,1,1,1,1,0,0,0,0,0,1,0,0,0,0,1,0.14,0,0,0
Metal Fatigue,13,18,112,12,7,162,1,1,0,1,0,1,3,1,0,0,0,1,0,0,0,0,0,0,1,0.14,0,0,0
Metallic Rebuke,15,185,59,14,7,280,1,1,0,1,0,1,3,1,0,0,0,1,0,0,0,0,0,0,1,0.17,0,0,0
Metalspinner's Puzzleknot,25,173,0,13,8,219,0,1,-1,1,0,1,2,1,0,0,0,0,0,0,1,0,0,0,0,0.11,0,0,0
Metropolis Sprite,17,59,92,10,23,201,1,1,0,1,2,1,2,1,0,0,0,0,0,0,0,1,0,0,1,0.14,0,0,0
Miasmic Mummy,13,71,60,10,24,178,1,1,0,1,2,1,2,1,0,0,0,0,0,0,0,1,0,0,1,0.14,0,0,0
Midnight Charm,14,163,0,9,7,193,1,1,0,1,0,1,1,1,0,0,0,1,0,0,0,0,0,0,1,0.15,0,0,0
Midnight Covenant,17,90,142,12,18,279,1,1,0,1,1,1,2,1,0,0,0,0,0,1,0,0,0,0,1,0.15,0,0,0
Midnight Duelist,16,24,58,8,24,130,1,1,0,1,2,1,1,1,0,0,0,0,0,0,0,1,0,0,1,0.14,0,0,0
Midnight Guard,14,71,99,14,24,222,1,1,0,1,2,1,3,1,0,0,0,0,0,0,0,1,0,0,1,0.15,0,0,0
Midnight Guard,14,71,99,14,24,222,1,1,0,1,2,1,3,1,0,0,0,0,0,0,0,1,0,0,1,0.15,0,0,0
Midnight Recovery,17,277,0,16,7,317,1,1,0,1,0,1,4,1,0,0,0,0,1,0,0,0,0,0,1,0.14,0,0,0
Midnight Scavengers,19,177,0,11,22,229,1,1,0,1,2,1,5,1,0,0,0,0,0,0,0,1,0,0,1,0.14,0,0,0
Midvast Protector,17,140,81,11,23,272,1,1,0,1,2,1,4,1,0,0,0,0,0,0,0,1,0,0,1,0.13,0,0,0
Might Beyond Reason,19,171,0,16,7,213,1,1,0,1,0,1,4,1,0,0,0,1,0,0,0,0,0,0,1,0.14,0,0,0
Might of Alara,14,103,80,14,7,218,1,1,0,1,0,1,1,1,0,0,0,1,0,0,0,0,0,0,1,0.16,0,0,0
Might of the Masses,19,75,161,12,7,274,1,1,0,1,0,1,1,1,0,0,0,1,0,0,0,0,0,0,1,0.15,0,0,0
Might of the Masses,19,75,161,12,7,274,1,1,0,1,0,1,1,1,0,0,0,1,0,0,0,0,0,0,1,0.15,0,0,0
Mighty Leap,11,62,106,13,7,199,1,1,0,1,0,1,2,1,0,0,0,1,0,0,0,0,0,0,1,0.12,0,0,0
Mighty Leap,11,62,85,19,7,184,1,1,0,1,0,1,2,1,0,0,0,1,0,0,0,0,0,0,1,0.12,0,0,0
Mighty Leap,11,62,118,7,7,205,1,1,0,1,0,1,2,1,0,0,0,1,0,0,0,0,0,0,1,0.14,0,0,0
Mighty Leap,11,62,118,7,7,205,1,1,0,1,0,1,2,1,0,0,0,1,0,0,0,0,0,0,1,0.14,0,0,0
Mighty Leap,11,62,117,7,7,204,1,1,0,1,0,1,2,1,0,0,0,1,0,0,0,0,0,0,1,0.14,0,0,0
Militant Inquisitor,19,62,68,13,23,185,1,1,0,1,2,1,3,1,0,0,0,0,0,0,0,1,0,0,1,0.14,0,0,0
Millennial Gargoyle,19,6,117,12,28,182,0,0,0,2,1,1,4,1,0,0,0,0,0,0,1,1,0,0,0,0.14,0,0,0
Minamo Scrollkeeper,19,52,149,13,23,256,1,1,0,1,2,1,2,1,0,0,0,0,0,0,0,1,0,0,1,0.15,0,0,0
Minamo's Meddling,17,148,111,22,7,305,1,1,0,1,0,1,4,1,0,0,0,1,0,0,0,0,0,0,2,0.15,0,0,0
Mind Raker,10,191,34,13,28,276,0,1,-1,1,2,1,4,1,0,0,0,0,0,0,0,1,0,0,1,0.13,0,0,0
Mind Rot,8,33,78,12,7,138,1,1,0,1,0,1,3,1,0,0,0,0,1,0,0,0,0,0,1,0.1,0,0,0
Mind Rot,8,33,81,10,7,139,1,1,0,1,0,1,3,1,0,0,0,0,1,0,0,0,0,0,1,0.14,0,0,0
Mind Rot,8,33,61,10,7,119,1,1,0,1,0,1,3,1,0,0,0,0,1,0,0,0,0,0,1,0.14,0,0,0
Mind Rot,8,33,87,13,7,148,1,1,0,1,0,1,3,1,0,0,0,0,1,0,0,0,0,0,1,0.14,0,0,0
Mind Rot,8,33,61,10,7,119,1,1,0,1,0,1,3,1,0,0,0,0,1,0,0,0,0,0,1,0.14,0,0,0
Mind Rot,8,33,94,10,7,152,1,1,0,1,0,1,3,1,0,0,0,0,1,0,0,0,0,0,1,0.14,0,0,0
Mind Rot,8,33,101,13,7,162,1,1,0,1,0,1,3,1,0,0,0,0,1,0,0,0,0,0,1,0.14,0,0,0
Mind Rot,8,33,45,10,7,103,1,1,0,1,0,1,3,1,0,0,0,0,1,0,0,0,0,0,1,0.15,0,0,0
Mind Rot,8,33,81,10,7,139,1,1,0,1,0,1,3,1,0,0,0,0,1,0,0,0,0,0,1,0.15,0,0,0
Mind Rot,8,33,81,10,7,139,1,1,0,1,0,1,3,1,0,0,0,0,1,0,0,0,0,0,1,0.15,0,0,0
Mind Rot,8,33,32,10,7,90,1,1,0,1,0,1,3,1,0,0,0,0,1,0,0,0,0,0,1,0.15,0,0,0
Mind Rot,8,33,32,10,7,90,1,1,0,1,0,1,3,1,0,0,0,0,1,0,0,0,0,0,1,0.15,0,0,0
Mind Rot,8,33,94,10,7,152,1,1,0,1,0,1,3,1,0,0,0,0,1,0,0,0,0,0,1,0.48,0,0,0
Mind Sculpt,11,89,95,16,7,218,1,1,0,1,0,1,2,1,0,0,0,0,1,0,0,0,0,0,1,0.19,0,0,0
Mind Sculpt,11,89,95,16,7,218,1,1,0,1,0,1,2,1,0,0,0,0,1,0,0,0,0,0,1,0.2,0,0,0
Mindlash Sliver,15,78,125,13,17,248,1,1,0,1,1,1,1,1,0,0,0,0,0,0,0,1,0,0,1,0.15,0,0,0
Mindless Null,13,55,110,13,17,208,1,1,0,1,1,1,3,1,0,0,0,0,0,0,0,1,0,0,1,0.14,0,0,0
Mindstab,8,274,0,10,7,299,1,1,0,1,0,1,6,1,0,0,0,0,1,0,0,0,0,0,1,0.14,0,0,0
Mindstatic,10,52,151,12,7,232,1,1,0,1,0,1,4,1,0,0,0,1,0,0,0,0,0,0,1,0.14,0,0,0
Mine Excavation,15,257,0,6,7,285,1,1,0,1,0,1,2,1,0,0,0,0,1,0,0,0,0,0,1,0.17,0,0,0
Miner's Bane,12,219,65,13,20,329,1,1,0,1,1,1,6,1,0,0,0,0,0,0,0,1,0,0,2,0.14,0,0,0
Minister of Impediments,23,69,80,11,24,207,2,2,0,1,2,1,3,1,0,0,0,0,0,0,0,1,0,0,1,0.15,0,0,0
Minotaur Abomination,20,0,160,13,26,219,1,1,0,1,2,1,6,1,0,0,0,0,0,0,0,1,0,0,2,0.14,0,0,0
Minotaur Skullcleaver,21,89,64,12,29,215,1,1,0,1,2,1,3,1,0,0,0,0,0,0,0,1,0,0,1,0.15,0,0,0
Minotaur Sureshot,17,110,76,13,26,242,1,1,0,1,2,1,3,1,0,0,0,0,0,0,0,1,0,0,1,0.13,0,0,0
Mire Blight,11,69,99,12,18,209,1,1,0,1,1,1,1,1,0,0,0,0,0,1,0,0,0,0,1,0.15,0,0,0
Mire Boa,8,114,124,16,16,278,1,1,0,1,1,1,2,1,0,0,0,0,0,0,0,1,0,0,1,0.17,0,0,0
Mire's Malice,13,216,0,12,7,248,1,1,0,1,0,1,4,1,0,0,0,0,1,0,0,0,0,0,1,0.13,0,0,0
Mire's Toll,11,159,73,22,7,272,1,1,0,1,0,1,1,1,0,0,0,0,1,0,0,0,0,0,1,0.15,0,0,0
Mirran Mettle,13,149,50,13,7,232,1,1,0,1,0,1,1,1,0,0,0,1,0,0,0,0,0,0,1,0.14,0,0,0
Mirran Spy,10,74,61,12,16,173,1,1,0,1,1,1,3,1,0,0,0,0,0,0,0,1,0,0,1,0.14,0,0,0
Mist Intruder,13,159,41,15,24,252,0,1,-1,1,2,1,2,1,0,0,0,0,0,0,0,1,0,0,1,0.14,0,0,0
Mist Leopard,12,66,123,11,14,226,1,1,0,1,1,1,4,1,0,0,0,0,0,0,0,1,0,0,1,0.15,0,0,0
Mist Raven,10,90,115,9,15,239,1,1,0,1,1,1,4,1,0,0,0,0,0,0,0,1,0,0,2,0.14,0,0,0
Mistblade Shinobi,17,274,0,10,22,323,1,1,0,1,2,1,3,1,0,0,0,0,0,0,0,1,0,0,1,0.21,0,0,0
Misthoof Kirin,14,175,49,11,16,265,1,1,0,1,1,1,3,1,0,0,0,0,0,0,0,1,0,0,1,0.14,0,0,0
Mistvein Borderpost,19,210,0,12,8,249,2,2,0,1,0,1,3,1,0,0,0,0,0,0,1,0,0,0,2,0.2,0,0,0
Mizzium Skin,12,220,0,10,7,249,1,1,0,1,0,1,1,1,0,0,0,1,0,0,0,0,0,0,1,0.15,0,0,0
Mnemonic Wall,13,131,85,14,15,258,1,1,0,1,1,1,5,1,0,0,0,0,0,0,0,1,0,0,1,0.15,0,0,0
Mnemonic Wall,13,131,78,12,15,249,1,1,0,1,1,1,5,1,0,0,0,0,0,0,0,1,0,0,1,0.16,0,0,0
Moaning Wall,12,59,151,15,22,259,1,1,0,1,2,1,3,1,0,0,0,0,0,0,0,1,0,0,1,0.14,0,0,0
Mobile Garrison,15,226,0,12,18,271,0,0,0,1,1,1,3,1,0,0,0,0,0,0,1,0,0,0,0,0.14,0,0,0
Mogg Flunkies,13,42,82,4,17,158,1,1,0,1,1,1,2,1,0,0,0,0,0,0,0,1,0,0,1,0.14,0,0,0
Mogg War Marshal,16,256,0,13,25,310,1,1,0,1,2,1,2,1,0,0,0,0,0,0,0,1,0,0,1,0.49,0,0,0
Mold Shambler,13,171,65,13,23,285,1,1,0,1,2,1,4,1,0,0,0,0,0,0,0,1,0,0,1,0.15,0,0,0
Molder,6,108,134,16,7,271,1,1,0,1,0,1,1,1,0,0,0,1,0,0,0,0,0,0,1,0.15,0,0,0
Molder Beast,12,117,109,13,16,267,1,1,0,1,1,1,5,1,0,0,0,0,0,0,0,1,0,0,1,0.14,0,0,0
Moldgraf Scavenger,18,116,155,16,17,322,1,1,0,1,1,1,2,1,0,0,0,0,0,0,0,1,0,0,1,0.15,0,0,0
Molten Frame,12,84,75,4,7,182,1,1,0,1,0,1,2,1,0,0,0,1,0,0,0,0,0,0,1,0.15,0,0,0
Molten Rain,11,100,85,13,7,216,1,1,0,1,0,1,3,1,0,0,0,0,1,0,0,0,0,0,2,0.71,0,0,0
Molten Ravager,14,49,156,12,20,251,1,1,0,1,1,1,3,1,0,0,0,0,0,0,0,1,0,0,1,0.14,0,0,0
Molting Snakeskin,17,90,73,7,18,205,1,1,0,1,1,1,1,1,0,0,0,0,0,1,0,0,0,0,1,0.14,0,0,0
Moment of Heroism,17,146,59,19,7,248,1,1,0,1,0,1,2,1,0,0,0,1,0,0,0,0,0,0,1,0.14,0,0,0
Momentary Blink,15,196,0,17,7,235,1,2,-1,1,0,1,2,1,0,0,0,1,0,0,0,0,0,0,1,0.26,0,0,0
Monastery Flock,15,133,74,9,15,246,1,1,0,1,1,1,3,1,0,0,0,0,0,0,0,1,0,0,1,0.15,0,0,0
Monastery Loremaster,20,276,0,18,23,337,1,1,0,1,2,1,4,1,0,0,0,0,0,0,0,1,0,0,1,0.15,0,0,0
Monstrify,9,163,55,15,7,249,1,1,0,1,0,1,4,1,0,0,0,0,1,0,0,0,0,0,1,0.15,0,0,0
Monstrous Carabid,17,101,73,12,17,220,2,2,0,1,1,1,5,1,0,0,0,0,0,0,0,1,0,0,2,0.35,0,0,0
Monstrous Growth,16,45,37,11,7,116,1,1,0,1,0,1,2,1,0,0,0,0,1,0,0,0,0,0,1,0.15,0,0,0
Moon Heron,10,6,144,14,22,196,1,1,0,1,2,1,4,1,0,0,0,0,0,0,0,1,0,0,1,0.12,0,0,0
Moonbow Illusionist,19,132,0,11,26,188,1,1,0,1,2,1,3,1,0,0,0,0,0,0,0,1,0,0,1,0.15,0,0,0
Moonglove Changeling,20,190,0,13,23,246,1,1,0,1,1,1,3,1,0,0,0,0,0,0,0,1,0,0,1,0.16,0,0,0
Moonglove Extract,17,91,82,14,8,212,0,0,0,1,0,1,3,1,0,0,0,0,0,0,1,0,0,0,0,0.15,0,0,0
Moonglove Winnower,18,83,83,16,20,220,1,1,0,1,2,1,4,1,0,0,0,0,0,0,0,1,0,0,1,0.15,0,0,0
Moonlight Geist,15,103,53,9,17,197,1,1,0,1,1,1,3,1,0,0,0,0,0,0,0,1,0,0,1,0.14,0,0,0
Moonlit Strider,15,262,0,9,17,303,1,1,0,1,1,1,4,1,0,0,0,0,0,0,0,1,0,0,1,0.15,0,0,0
Moonmist,8,170,0,8,7,193,1,1,0,1,0,1,2,1,0,0,0,1,0,0,0,0,0,0,1,0.4,0,0,0
Moonscarred Werewolf,20,156,65,16,19,276,1,1,0,1,1,1,2,1,0,0,0,0,0,0,0,1,0,0,0,0.15,0,0,0
Moonwing Moth,13,55,115,15,17,215,1,1,0,1,1,1,3,1,0,0,0,0,0,0,0,1,0,0,2,0.16,0,0,0
Moorland Drifter,16,114,108,8,17,263,1,1,0,1,1,1,2,1,0,0,0,0,0,0,0,1,0,0,1,0.14,0,0,0
Moorland Inquisitor,19,65,84,13,24,205,1,1,0,1,2,1,2,1,0,0,0,0,0,0,0,1,0,0,1,0.14,0,0,0
Morbid Plunder,14,72,71,11,7,175,1,1,0,1,0,1,3,1,0,0,0,0,1,0,0,0,0,0,2,0.13,0,0,0
Morgue Burst,12,166,58,16,7,259,2,2,0,1,0,1,6,1,0,0,0,0,1,0,0,0,0,0,2,0.14,0,0,0
Moriok Reaver,13,0,152,14,24,203,1,1,0,1,2,1,3,1,0,0,0,0,0,0,0,1,0,0,1,0.14,0,0,0
Moriok Replica,14,73,68,29,27,211,0,1,-1,2,1,1,3,1,0,0,0,0,0,0,1,1,0,0,0,0.14,0,0,0
Moriok Scavenger,16,124,81,9,22,252,1,1,0,1,2,1,4,1,0,0,0,0,0,0,0,1,0,0,1,0.14,0,0,0
Morsel Theft,12,214,0,13,22,261,1,1,0,2,1,1,4,1,0,0,0,0,1,0,0,0,0,0,2,0.16,0,0,0
Morselhoarder,13,155,81,17,20,286,2,2,0,1,1,1,6,1,0,0,0,0,0,0,0,1,0,0,2,0.16,0,0,0
Mortal Obstinacy,16,195,0,15,18,244,1,1,0,1,1,1,1,1,0,0,0,0,0,1,0,0,0,0,1,0.14,0,0,0
Mortal's Ardor,14,146,71,10,7,248,1,1,0,1,0,1,1,1,0,0,0,1,0,0,0,0,0,0,1,0.14,0,0,0
Mortal's Resolve,16,128,74,15,7,240,1,1,0,1,0,1,2,1,0,0,0,1,0,0,0,0,0,0,1,0.14,0,0,0
Mortipede,9,62,111,11,17,210,1,2,-1,1,1,1,4,1,0,0,0,0,0,0,0,1,0,0,1,0.15,0,0,0
Mortis Dogs,11,130,0,6,16,163,1,1,0,1,1,1,4,1,0,0,0,0,0,0,0,1,0,0,1,0.14,0,0,0
Mortuary Mire,13,196,0,11,4,224,0,1,-1,1,0,1,0,1,0,0,0,0,0,0,0,0,1,0,0,0.16,0,0,0
Mortus Strider,14,56,43,16,19,148,2,2,0,1,1,1,3,1,0,0,0,0,0,0,0,1,0,0,2,0.15,0,0,0
Mosquito Guard,14,100,71,14,26,225,1,1,0,1,2,1,1,1,0,0,0,0,0,0,0,1,0,0,1,0.15,0,0,0
Moss Kami,9,7,162,13,17,208,1,1,0,1,1,1,6,1,0,0,0,0,0,0,0,1,0,0,1,0.15,0,0,0
Moss Monster,12,0,106,10,20,148,1,1,0,1,1,1,5,1,0,0,0,0,0,0,0,1,0,0,2,0.15,0,0,0
Mosstodon,9,77,154,13,25,278,1,1,0,1,2,1,5,1,0,0,0,0,0,0,0,1,0,0,1,0.15,0,0,0
Mothdust Changeling,19,136,68,10,23,256,1,1,0,1,1,1,1,1,0,0,0,0,0,0,0,1,0,0,1,0.16,0,0,0
Mothrider Samurai,17,101,63,8,24,213,1,1,0,1,2,1,4,1,0,0,0,0,0,0,0,1,0,0,1,0.15,0,0,0
Mourning Thrull,15,114,141,11,17,298,2,2,0,1,1,1,2,1,0,0,0,0,0,0,0,1,0,0,1,0.18,0,0,0
Mournwhelk,10,191,32,13,20,266,1,1,0,1,1,1,7,1,0,0,0,0,0,0,0,1,0,0,1,0.15,0,0,0
Mudbrawler Cohort,17,79,142,14,25,277,1,1,0,1,2,1,2,1,0,0,0,0,0,0,0,1,0,0,1,0.17,0,0,0
Mudbrawler Raiders,18,54,142,11,25,250,2,2,0,1,2,1,4,1,0,0,0,0,0,0,0,1,0,0,2,0.15,0,0,0
Mudbutton Clanger,17,219,0,16,25,277,1,1,0,1,2,1,1,1,0,0,0,0,0,0,0,1,0,0,1,0.15,0,0,0
Mudbutton Torchrunner,21,80,124,11,25,261,1,1,0,1,2,1,3,1,0,0,0,0,0,0,0,1,0,0,1,0.15,0,0,0
Muddle the Mixture,18,265,0,12,7,302,1,1,0,1,0,1,2,1,0,0,0,1,0,0,0,0,0,0,2,1.87,1,0,0
Mugging,7,79,71,12,7,176,1,1,0,1,0,1,1,1,0,0,0,0,1,0,0,0,0,0,1,0.14,0,0,0
Mulch,5,128,72,19,7,231,1,1,0,1,0,1,2,1,0,0,0,0,1,0,0,0,0,0,1,0.16,0,0,0
Mulldrifter,11,181,0,12,20,224,1,1,0,1,1,1,5,1,0,0,0,0,0,0,0,1,0,0,1,0.79,0,0,0
Mummy Paramount,15,112,102,12,17,258,1,1,0,1,1,1,2,1,0,0,0,0,0,0,0,1,0,0,1,0.12,0,0,0
Murder,6,24,0,14,7,51,1,1,0,1,0,1,3,1,0,0,0,1,0,0,0,0,0,0,2,0.24,0,0,0
Murderous Compulsion,20,170,82,13,7,292,1,1,0,1,0,1,2,1,0,0,0,0,1,0,0,0,0,0,1,0.15,0,0,0
Murk Strider,12,206,33,11,28,290,0,1,-1,1,2,1,4,1,0,0,0,0,0,0,0,1,0,0,1,0.14,0,0,0
Murmuring Phantasm,18,8,106,16,17,165,1,1,0,1,1,1,2,1,0,0,0,0,0,0,0,1,0,0,1,0.14,0,0,0
Murmurs from Beyond,19,139,99,13,16,286,1,1,0,1,1,1,3,1,0,0,0,1,0,0,0,0,0,0,1,0.15,0,0,0
Mutagenic Growth,16,92,87,12,7,214,1,1,0,1,0,1,1,1,0,0,0,1,0,0,0,0,0,0,1,1.1,1,0,0
Mutant's Prey,13,152,70,11,7,253,1,1,0,1,0,1,1,1,0,0,0,1,0,0,0,0,0,0,1,0.15,0,0,0
Mwonvuli Acid-Moss,18,132,115,14,7,286,1,1,0,1,0,1,4,1,0,0,0,0,1,0,0,0,0,0,2,2.26,1,0,0
Mycosynth Wellspring,20,209,66,12,8,315,0,0,0,1,0,1,2,1,0,0,0,0,0,0,1,0,0,0,0,0.15,0,0,0
Myr Adapter,11,57,98,12,23,201,0,0,0,2,1,1,3,1,0,0,0,0,0,0,1,1,0,0,0,0.14,0,0,0
Myr Enforcer,12,89,59,12,23,195,0,0,0,2,1,1,7,1,0,0,0,0,0,0,1,1,0,0,0,0.21,0,0,0
Myr Landshaper,14,86,48,12,23,183,0,0,0,2,1,1,3,1,0,0,0,0,0,0,1,1,0,0,0,0.15,0,0,0
Myr Moonvessel,14,52,105,11,23,205,0,0,0,2,1,1,1,1,0,0,0,0,0,0,1,1,0,0,0,0.18,0,0,0
Myr Quadropod,13,66,105,16,23,223,0,0,0,2,1,1,4,1,0,0,0,0,0,0,1,1,0,0,0,0.15,0,0,0
Myr Servitor,12,166,83,11,23,295,0,0,0,2,1,1,1,1,0,0,0,0,0,0,1,1,0,0,0,0.3,0,0,0
Myr Sire,8,71,67,11,23,180,0,0,0,2,1,1,2,1,0,0,0,0,0,0,1,1,0,0,0,0.14,0,0,0
Mysteries of the Deep,21,122,109,18,7,277,1,1,0,1,0,1,5,1,0,0,0,1,0,0,0,0,0,0,1,0.15,0,0,0
Mystic Meditation,17,76,100,11,7,211,1,1,0,1,0,1,4,1,0,0,0,0,1,0,0,0,0,0,1,0.14,0,0,0
Mystic of the Hidden Way,24,162,47,18,21,272,1,1,0,1,2,1,5,1,0,0,0,0,0,0,0,1,0,0,1,0.14,0,0,0
Mystic Restraints,17,162,0,16,18,213,1,1,0,1,1,1,4,1,0,0,0,0,0,1,0,0,0,0,2,0.15,0,0,0
Mystical Teachings,18,227,0,10,7,262,1,2,-1,1,0,1,4,1,0,0,0,1,0,0,0,0,0,0,1,0.29,0,0,0
Nacatl Outlander,16,20,92,29,20,177,2,2,0,1,2,1,2,1,0,0,0,0,0,0,0,1,0,0,2,0.15,0,0,0
Nacatl Savage,13,25,108,13,22,181,1,1,0,1,2,1,2,1,0,0,0,0,0,0,0,1,0,0,1,0.15,0,0,0
Naga Oracle,11,183,63,20,22,299,1,1,0,1,2,1,4,1,0,0,0,0,0,0,0,1,0,0,1,0.12,0,0,0
Naga Vitalist,13,86,60,11,21,191,1,1,0,1,2,1,2,1,0,0,0,0,0,0,0,1,0,0,1,0.15,0,0,0
Nagging Thoughts,16,247,0,12,7,282,1,1,0,1,0,1,2,1,0,0,0,0,1,0,0,0,0,0,1,0.14,0,0,0
Nameless Inversion,18,121,93,13,29,274,1,1,0,2,1,1,2,1,0,0,0,1,0,0,0,0,0,0,1,0.17,0,0,0
Nantuko Disciple,16,55,60,12,23,166,1,1,0,1,2,1,4,1,0,0,0,0,0,0,0,1,0,0,1,0.15,0,0,0
Nantuko Husk,12,64,110,14,24,224,1,1,0,1,2,1,3,1,0,0,0,0,0,0,0,1,0,0,1,0.15,0,0,0
Nantuko Shaman,14,349,0,11,24,398,1,1,0,1,2,1,3,1,0,0,0,0,0,0,0,1,0,0,1,0.15,0,0,0
Narcolepsy,10,92,156,12,18,288,1,1,0,1,1,1,2,1,0,0,0,0,0,1,0,0,0,0,1,0.15,0,0,0
Narnam Cobra,12,124,114,19,25,294,0,1,-1,2,1,1,2,1,0,0,0,0,0,0,1,1,0,0,0,0.1,0,0,0
Narrow Escape,13,73,150,13,7,256,1,1,0,1,0,1,3,1,0,0,0,1,0,0,0,0,0,0,1,0.14,0,0,0
Narstad Scrapper,16,51,103,15,29,214,0,0,0,2,1,1,5,1,0,0,0,0,0,0,1,1,0,0,0,0.14,0,0,0
Nath's Buffoon,14,21,146,14,23,218,1,1,0,1,2,1,2,1,0,0,0,0,0,0,0,1,0,0,1,0.15,0,0,0
Nath's Elite,12,338,0,14,22,386,1,1,0,1,2,1,5,1,0,0,0,0,0,0,0,1,0,0,1,0.15,0,0,0
Natural Connection,18,105,50,11,7,191,1,1,0,1,0,1,3,1,0,0,0,1,0,0,0,0,0,0,1,0.15,0,0,0
Natural End,11,56,83,10,7,167,1,1,0,1,0,1,3,1,0,0,0,1,0,0,0,0,0,0,1,0.14,0,0,0
Natural Obsolescence,20,57,115,10,7,209,1,1,0,1,0,1,2,1,0,0,0,1,0,0,0,0,0,0,1,0.1,0,0,0
Natural Spring,14,27,59,15,7,122,1,1,0,1,0,1,5,1,0,0,0,0,1,0,0,0,0,0,2,0.15,0,0,0
Natural Spring,14,27,113,16,7,177,1,1,0,1,0,1,5,1,0,0,0,0,1,0,0,0,0,0,2,0.15,0,0,0
Natural State,13,74,104,11,7,209,1,1,0,1,0,1,1,1,0,0,0,1,0,0,0,0,0,0,1,0.15,0,0,0
Naturalize,10,39,139,11,7,206,1,1,0,1,0,1,2,1,0,0,0,1,0,0,0,0,0,0,1,0.14,0,0,0
Naturalize,10,39,53,15,7,124,1,1,0,1,0,1,2,1,0,0,0,1,0,0,0,0,0,0,1,0.14,0,0,0
Naturalize,10,39,94,10,7,160,1,1,0,1,0,1,2,1,0,0,0,1,0,0,0,0,0,0,1,0.14,0,0,0
Naturalize,10,39,85,10,7,151,1,1,0,1,0,1,2,1,0,0,0,1,0,0,0,0,0,0,1,0.14,0,0,0
Naturalize,10,39,62,11,7,129,1,1,0,1,0,1,2,1,0,0,0,1,0,0,0,0,0,0,1,0.14,0,0,0
Naturalize,10,39,98,15,7,169,1,1,0,1,0,1,2,1,0,0,0,1,0,0,0,0,0,0,1,0.15,0,0,0
Naturalize,10,39,56,15,7,127,1,1,0,1,0,1,2,1,0,0,0,1,0,0,0,0,0,0,1,0.15,0,0,0
Naturalize,10,39,85,15,7,156,1,1,0,1,0,1,2,1,0,0,0,1,0,0,0,0,0,0,1,0.15,0,0,0
Naturalize,10,39,117,16,7,189,1,1,0,1,0,1,2,1,0,0,0,1,0,0,0,0,0,0,1,0.15,0,0,0
Naturalize,10,39,85,15,7,156,1,1,0,1,0,1,2,1,0,0,0,1,0,0,0,0,0,0,1,0.15,0,0,0
Naturalize,10,39,85,15,7,156,1,1,0,1,0,1,2,1,0,0,0,1,0,0,0,0,0,0,1,0.15,0,0,0
Naturalize,10,39,62,11,7,129,1,1,0,1,0,1,2,1,0,0,0,1,0,0,0,0,0,0,1,0.15,0,0,0
Naturalize,10,39,91,15,7,162,1,1,0,1,0,1,2,1,0,0,0,1,0,0,0,0,0,0,1,0.16,0,0,0
Naturalize,10,39,85,13,7,154,1,1,0,1,0,1,2,1,0,0,0,1,0,0,0,0,0,0,1,0.16,0,0,0
Naturalize,10,39,85,15,7,156,1,1,0,1,0,1,2,1,0,0,0,1,0,0,0,0,0,0,1,0.16,0,0,0
Nature's Claim,14,68,163,7,7,259,1,1,0,1,0,1,1,1,0,0,0,1,0,0,0,0,0,0,1,0.35,0,0,0
Nature's Panoply,16,161,24,9,7,217,1,1,0,1,0,1,1,1,0,0,0,1,0,0,0,0,0,0,1,0.15,0,0,0
Nausea,6,42,38,15,7,108,1,1,0,1,0,1,2,1,0,0,0,0,1,0,0,0,0,0,1,0.15,0,0,0
Nav Squad Commandos,19,141,118,14,24,316,1,1,0,1,2,1,5,1,0,0,0,0,0,0,0,1,0,0,1,0.14,0,0,0
Naya Hushblade,14,145,0,10,20,189,3,3,0,1,2,1,2,1,0,0,0,0,0,0,0,1,0,0,2,0.18,0,0,0
Naya Panorama,13,198,82,16,4,313,0,0,0,1,0,1,0,1,0,0,0,0,0,0,0,0,1,0,0,0.22,0,0,0
Naya Sojourners,15,147,77,9,21,269,3,3,0,1,2,1,5,1,0,0,0,0,0,0,0,1,0,0,3,0.15,0,0,0
Nearheath Stalker,17,152,80,16,24,289,1,1,0,1,2,1,5,1,0,0,0,0,0,0,0,1,0,0,1,0.14,0,0,0
Neck Snap,9,46,163,16,7,241,1,1,0,1,0,1,4,1,0,0,0,1,0,0,0,0,0,0,1,0.14,0,0,0
Necrobite,9,299,84,9,7,408,1,1,0,1,0,1,3,1,0,0,0,1,0,0,0,0,0,0,1,0.14,0,0,0
Necrobite,9,299,108,13,7,436,1,1,0,1,0,1,3,1,0,0,0,1,0,0,0,0,0,0,1,0.14,0,0,0
Necrobite,9,299,0,9,7,324,1,1,0,1,0,1,3,1,0,0,0,1,0,0,0,0,0,0,1,0.14,0,0,0
Necrogen Censer,15,149,96,12,8,280,0,0,0,1,0,1,3,1,0,0,0,0,0,0,1,0,0,0,0,0.14,0,0,0
Necrogen Spellbomb,18,113,59,10,8,208,0,1,-1,1,0,1,1,1,0,0,0,0,0,0,1,0,0,0,0,0.15,0,0,0
Necromancer's Assistant,23,113,67,15,17,235,1,1,0,1,1,1,3,1,0,0,0,0,0,0,0,1,0,0,1,0.13,0,0,0
Necromancer's Magemark,22,161,0,17,18,218,1,1,0,1,1,1,3,1,0,0,0,0,0,1,0,0,0,0,1,0.15,0,0,0
Necromantic Thirst,18,147,0,17,18,200,1,1,0,1,1,1,4,1,0,0,0,0,0,1,0,0,0,0,2,0.15,0,0,0
Needle Drop,11,101,112,12,7,243,1,1,0,1,0,1,1,1,0,0,0,1,0,0,0,0,0,0,1,0.35,0,0,0
Needlepeak Spider,17,54,139,11,17,238,1,1,0,1,1,1,4,1,0,0,0,0,0,0,0,1,0,0,1,0.15,0,0,0
Nef-Crop Entangler,18,164,86,9,24,301,1,1,0,1,2,1,2,1,0,0,0,0,0,0,0,1,0,0,1,0.13,0,0,0
Negate,6,33,150,13,7,209,1,1,0,1,0,1,2,1,0,0,0,1,0,0,0,0,0,0,1,0.14,0,0,0
Negate,6,33,150,13,7,209,1,1,0,1,0,1,2,1,0,0,0,1,0,0,0,0,0,0,1,0.14,0,0,0
Negate,6,33,150,13,7,209,1,1,0,1,0,1,2,1,0,0,0,1,0,0,0,0,0,0,1,0.15,0,0,0
Negate,6,33,150,13,7,209,1,1,0,1,0,1,2,1,0,0,0,1,0,0,0,0,0,0,1,0.15,0,0,0
Negate,6,33,150,13,7,209,1,1,0,1,0,1,2,1,0,0,0,1,0,0,0,0,0,0,1,0.15,0,0,0
Negate,6,33,150,13,7,209,1,1,0,1,0,1,2,1,0,0,0,1,0,0,0,0,0,0,1,0.15,0,0,0
Negate,6,33,109,13,7,168,1,1,0,1,0,1,2,1,0,0,0,1,0,0,0,0,0,0,1,0.15,0,0,0
Negate,6,33,61,13,7,120,1,1,0,1,0,1,2,1,0,0,0,1,0,0,0,0,0,0,1,0.15,0,0,0
Negate,6,33,150,13,7,209,1,1,0,1,0,1,2,1,0,0,0,1,0,0,0,0,0,0,1,0.16,0,0,0
Negate,6,33,140,11,7,197,1,1,0,1,0,1,2,1,0,0,0,1,0,0,0,0,0,0,1,0.16,0,0,0
Negate,6,33,150,13,7,209,1,1,0,1,0,1,2,1,0,0,0,1,0,0,0,0,0,0,1,0.2,0,0,0
Nema Siltlurker,15,0,97,14,17,143,1,1,0,1,1,1,5,1,0,0,0,0,0,0,0,1,0,0,1,0.15,0,0,0
Nephalia Seakite,16,74,158,13,15,276,1,1,0,1,1,1,4,1,0,0,0,0,0,0,0,1,0,0,1,0.14,0,0,0
Nephalia Seakite,16,74,158,13,15,276,1,1,0,1,1,1,4,1,0,0,0,0,0,0,0,1,0,0,1,0.14,0,0,0
Nessian Asp,11,120,60,22,16,229,1,1,0,1,1,1,5,1,0,0,0,0,0,0,0,1,0,0,1,0.14,0,0,0
Nessian Courser,15,0,224,14,26,279,1,1,0,1,2,1,3,1,0,0,0,0,0,0,0,1,0,0,1,0.14,0,0,0
Nessian Courser,15,0,0,12,26,53,1,1,0,1,2,1,3,1,0,0,0,0,0,0,0,1,0,0,1,0.15,0,0,0
Nest Invader,12,155,41,14,24,246,1,1,0,1,2,1,2,1,0,0,0,0,0,0,0,1,0,0,1,0.2,0,0,0
Nest Robber,11,5,137,12,19,184,1,1,0,1,1,1,2,1,0,0,0,0,0,0,0,1,0,0,1,0.14,0,0,0
Netcaster Spider,16,158,71,15,17,277,1,1,0,1,1,1,3,1,0,0,0,0,0,0,0,1,0,0,1,0.14,0,0,0
Netcaster Spider,16,158,68,12,17,271,1,1,0,1,1,1,3,1,0,0,0,0,0,0,0,1,0,0,1,0.14,0,0,0
Nether Horror,13,0,144,14,17,188,1,1,0,1,1,1,4,1,0,0,0,0,0,0,0,1,0,0,1,0.14,0,0,0
Nettle Drone,12,140,0,13,24,189,0,1,-1,1,2,1,3,1,0,0,0,0,0,0,0,1,0,0,1,0.14,0,0,0
Nettle Sentinel,15,117,76,10,22,240,1,1,0,1,2,1,1,1,0,0,0,0,0,0,0,1,0,0,1,3.32,1,0,0
Nettle Swine,12,0,129,19,15,175,1,1,0,1,1,1,4,1,0,0,0,0,0,0,0,1,0,0,1,0.14,0,0,0
Nettling Curse,14,146,60,30,18,268,1,2,-1,1,1,1,3,1,0,0,0,0,0,1,0,0,0,0,1,0.15,0,0,0
Neurok Familiar,15,176,0,20,15,226,1,1,0,1,1,1,2,1,0,0,0,0,0,0,0,1,0,0,1,0.15,0,0,0
Neurok Hoversail,16,207,0,12,20,255,0,0,0,1,1,1,1,1,0,0,0,0,0,0,1,0,0,0,0,0.15,0,0,0
Neurok Invisimancer,19,130,80,4,23,256,1,1,0,1,2,1,3,1,0,0,0,0,0,0,0,1,0,0,2,0.14,0,0,0
Neurok Prodigy,14,75,67,9,23,188,1,1,0,1,2,1,3,1,0,0,0,0,0,0,0,1,0,0,1,0.14,0,0,0
Neurok Replica,14,77,69,29,26,215,0,1,-1,2,1,1,3,1,0,0,0,0,0,0,1,1,0,0,0,0.12,0,0,0
Neurok Spy,10,77,141,11,22,261,1,1,0,1,2,1,3,1,0,0,0,0,0,0,0,1,0,0,1,0.15,0,0,0
Neurok Stealthsuit,18,225,0,12,20,275,0,1,-1,1,1,1,2,1,0,0,0,0,0,0,1,0,0,0,0,0.19,0,0,0
New Horizons,12,181,0,12,18,223,1,1,0,1,1,1,3,1,0,0,0,0,0,1,0,0,0,0,1,0.14,0,0,0
Nezumi Cutthroat,16,120,185,14,22,357,1,1,0,1,2,1,2,1,0,0,0,0,0,0,0,1,0,0,1,0.18,0,0,0
Nezumi Ronin,12,94,181,16,22,325,1,1,0,1,2,1,3,1,0,0,0,0,0,0,0,1,0,0,1,0.15,0,0,0
Niblis of Dusk,14,99,67,9,17,206,1,1,0,1,1,1,3,1,0,0,0,0,0,0,0,1,0,0,1,0.14,0,0,0
Niblis of the Mist,18,83,87,13,17,218,1,1,0,1,1,1,3,1,0,0,0,0,0,0,0,1,0,0,1,0.13,0,0,0
Night Market Aeronaut,21,149,56,14,29,269,1,1,0,1,2,1,4,1,0,0,0,0,0,0,0,1,0,0,1,0.12,0,0,0
Night Market Guard,18,64,101,12,29,224,0,0,0,2,1,1,3,1,0,0,0,0,0,0,1,1,0,0,0,0.11,0,0,0
Night Market Lookout,20,93,150,9,22,294,1,1,0,1,2,1,1,1,0,0,0,0,0,0,0,1,0,0,1,0.15,0,0,0
Night Revelers,14,65,138,12,18,247,1,1,0,1,1,1,5,1,0,0,0,0,0,0,0,1,0,0,1,0.14,0,0,0
Night Terrors,13,90,89,19,7,218,1,1,0,1,0,1,3,1,0,0,0,0,1,0,0,0,0,0,1,0.13,0,0,0
Nightbird's Clutches,20,150,74,14,7,265,1,1,0,1,0,1,2,1,0,0,0,0,1,0,0,0,0,0,1,0.14,0,0,0
Nightguard Patrol,17,23,50,11,24,125,1,1,0,1,2,1,3,1,0,0,0,0,0,0,0,1,0,0,1,0.15,0,0,0
Nighthaze,9,131,95,16,7,258,1,1,0,1,0,1,1,1,0,0,0,0,1,0,0,0,0,0,1,0.15,0,0,0
Nightshade Peddler,18,259,0,11,22,310,1,1,0,1,2,1,2,1,0,0,0,0,0,0,0,1,0,0,1,0.14,0,0,0
Nightshade Stinger,18,38,143,10,23,232,1,1,0,1,2,1,1,1,0,0,0,0,0,0,0,1,0,0,1,0.16,0,0,0
Nightsky Mimic,14,156,109,15,23,317,2,2,0,1,1,1,2,1,0,0,0,0,0,0,0,1,0,0,1,0.2,0,0,0
Nightsnare,10,168,66,7,7,258,1,1,0,1,0,1,4,1,0,0,0,0,1,0,0,0,0,0,1,0.14,0,0,0
Nightsoil Kami,14,141,0,10,17,182,1,1,0,1,1,1,6,1,0,0,0,0,0,0,0,1,0,0,2,0.15,0,0,0
Nightwing Shade,15,60,83,14,16,188,1,1,0,1,1,1,5,1,0,0,0,0,0,0,0,1,0,0,1,0.14,0,0,0
Nightwing Shade,15,60,83,14,16,188,1,1,0,1,1,1,5,1,0,0,0,0,0,0,0,1,0,0,1,0.15,0,0,0
Nihil Spellbomb,15,187,0,15,8,225,0,1,-1,1,0,1,1,1,0,0,0,0,0,0,1,0,0,0,0,0.69,0,0,0
Nim Lasher,10,52,79,8,17,166,1,1,0,1,1,1,3,1,0,0,0,0,0,0,0,1,0,0,1,0.15,0,0,0
Nim Replica,11,76,31,14,26,158,0,1,-1,2,1,1,3,1,0,0,0,0,0,0,1,1,0,0,0,0.14,0,0,0
Nim Shrieker,12,61,61,8,17,159,1,1,0,1,1,1,4,1,0,0,0,0,0,0,0,1,0,0,1,0.15,0,0,0
Nimana Sell-Sword,17,135,97,7,29,285,1,1,0,1,3,1,4,1,0,0,0,0,0,0,0,1,0,0,1,0.15,0,0,0
Nimble Innovator,16,58,108,15,29,226,1,1,0,1,2,1,4,1,0,0,0,0,0,0,0,1,0,0,1,0.11,0,0,0
Nimble-Blade Khenra,19,92,121,16,25,273,1,1,0,1,2,1,2,1,0,0,0,0,0,0,0,1,0,0,1,0.14,0,0,0
Nimbus Naiad,12,217,0,13,28,270,1,1,0,2,1,1,3,1,0,0,0,0,0,1,0,1,0,0,1,0.14,0,0,0
Nimbus of the Isles,19,81,88,12,20,220,1,1,0,1,1,1,5,1,0,0,0,0,0,0,0,1,0,0,1,0.14,0,0,0
Nimbus Wings,12,62,119,10,18,221,1,1,0,1,1,1,2,1,0,0,0,0,0,1,0,0,0,0,1,0.15,0,0,0
Ninja of the Deep Hours,23,234,0,9,22,288,1,1,0,1,2,1,4,1,0,0,0,0,0,0,0,1,0,0,1,0.81,0,0,0
Ninth Bridge Patrol,19,105,132,18,24,298,1,1,0,1,2,1,2,1,0,0,0,0,0,0,0,1,0,0,1,0.1,0,0,0
Nip Gwyllion,12,80,119,22,14,247,2,2,0,1,1,1,1,1,0,0,0,0,0,0,0,1,0,0,1,0.22,0,0,0
Nirkana Assassin,16,147,149,12,32,356,1,1,0,1,3,1,3,1,0,0,0,0,0,0,0,1,0,0,1,0.14,0,0,0
Nissa's Chosen,14,81,75,11,22,203,1,1,0,1,2,1,2,1,0,0,0,0,0,0,0,1,0,0,2,0.2,0,0,0
Nissa's Pilgrimage,18,329,0,12,7,366,1,1,0,1,0,1,3,1,0,0,0,0,1,0,0,0,0,0,1,0.17,0,0,0
Niveous Wisps,13,80,103,10,7,213,1,1,0,1,0,1,1,1,0,0,0,1,0,0,0,0,0,0,1,0.17,0,0,0
Nivix Barrier,13,205,0,15,24,257,1,1,0,1,2,1,4,1,0,0,0,0,0,0,0,1,0,0,1,0.14,0,0,0
Nivix Cyclops,13,158,0,14,18,203,2,2,0,1,1,1,3,1,0,0,0,0,0,0,0,1,0,0,2,0.15,0,0,0
Noble Vestige,13,85,109,10,17,234,1,1,0,1,1,1,3,1,0,0,0,0,0,0,0,1,0,0,1,0.15,0,0,0
Noggle Bandit,13,65,136,14,23,251,2,2,0,1,2,1,3,1,0,0,0,0,0,0,0,1,0,0,2,0.15,0,0,0
Noggle Bridgebreaker,20,96,64,14,23,217,2,2,0,1,2,1,4,1,0,0,0,0,0,0,0,1,0,0,2,0.15,0,0,0
Norwood Ranger,14,0,111,11,20,156,1,1,0,1,2,1,1,1,0,0,0,0,0,0,0,1,0,0,1,0.14,0,0,0
Norwood Ranger,14,0,111,11,20,156,1,1,0,1,2,1,1,1,0,0,0,0,0,0,0,1,0,0,1,0.15,0,0,0
Nourish,7,16,147,16,7,193,1,1,0,1,0,1,2,1,0,0,0,1,0,0,0,0,0,0,2,0.16,0,0,0
Null Champion,13,134,0,10,25,182,1,1,0,1,2,1,2,1,0,0,0,0,0,0,0,1,0,0,1,0.15,0,0,0
Nullify,7,38,124,13,7,189,1,1,0,1,0,1,2,1,0,0,0,1,0,0,0,0,0,0,2,0.15,0,0,0
Numbing Dose,12,192,0,11,18,233,1,1,0,1,1,1,5,1,0,0,0,0,0,1,0,0,0,0,2,0.14,0,0,0
Nurturer Initiate,17,112,87,11,21,248,1,1,0,1,2,1,1,1,0,0,0,0,0,0,0,1,0,0,1,0.15,0,0,0
Nylea's Disciple,16,185,0,14,25,240,1,1,0,1,2,1,4,1,0,0,0,0,0,0,0,1,0,0,2,0.14,0,0,0
Nylea's Presence,16,143,0,13,18,190,1,1,0,1,1,1,2,1,0,0,0,0,0,1,0,0,0,0,1,0.15,0,0,0
Nyx Infusion,12,104,68,14,18,216,1,1,0,1,1,1,3,1,0,0,0,0,0,1,0,0,0,0,1,0.15,0,0,0
Nyxborn Eidolon,15,195,35,9,29,283,1,1,0,2,1,1,2,1,0,0,0,0,0,1,0,1,0,0,1,0.15,0,0,0
Nyxborn Rollicker,17,195,0,12,28,252,1,1,0,2,1,1,1,1,0,0,0,0,0,1,0,1,0,0,1,0.15,0,0,0
Nyxborn Shieldmate,18,195,60,14,36,323,1,1,0,2,2,1,1,1,0,0,0,0,0,1,0,1,0,0,1,0.15,0,0,0
Nyxborn Triton,14,195,46,13,30,298,1,1,0,2,1,1,3,1,0,0,0,0,0,1,0,1,0,0,1,0.14,0,0,0
Nyxborn Wolf,12,195,0,14,27,248,1,1,0,2,1,1,3,1,0,0,0,0,0,1,0,1,0,0,1,0.15,0,0,0
Oaken Brawler,13,292,0,10,27,342,1,1,0,1,2,1,4,1,0,0,0,0,0,0,0,1,0,0,1,0.15,0,0,0
Oakenform,9,47,172,14,18,260,1,1,0,1,1,1,3,1,0,0,0,0,0,1,0,0,0,0,1,0.15,0,0,0
Oakgnarl Warrior,16,18,73,10,27,144,1,1,0,1,2,1,7,1,0,0,0,0,0,0,0,1,0,0,2,0.15,0,0,0
Oakheart Dryads,15,152,105,12,34,318,1,1,0,2,2,1,3,1,0,0,0,0,0,1,0,1,0,0,1,0.15,0,0,0
Oashra Cultivator,17,147,74,12,22,272,1,1,0,1,2,1,1,1,0,0,0,0,0,0,0,1,0,0,1,0.12,0,0,0
Oasis Ritualist,15,189,35,12,21,272,1,1,0,1,2,1,4,1,0,0,0,0,0,0,0,1,0,0,1,0.14,0,0,0
Obelisk of Bant,15,44,145,13,8,225,0,3,-3,1,0,1,3,1,0,0,0,0,0,0,1,0,0,0,0,0.15,0,0,0
Obelisk of Esper,16,44,73,12,8,153,0,3,-3,1,0,1,3,1,0,0,0,0,0,0,1,0,0,0,0,0.15,0,0,0
Obelisk of Grixis,17,44,115,9,8,193,0,3,-3,1,0,1,3,1,0,0,0,0,0,0,1,0,0,0,0,0.16,0,0,0
Obelisk of Jund,15,44,141,17,8,225,0,3,-3,1,0,1,3,1,0,0,0,0,0,0,1,0,0,0,0,0.15,0,0,0
Obelisk of Naya,15,44,126,14,8,207,0,3,-3,1,0,1,3,1,0,0,0,0,0,0,1,0,0,0,0,0.16,0,0,0
Oblivion Crown,14,169,0,10,18,211,1,1,0,1,1,1,2,1,0,0,0,0,0,1,0,0,0,0,1,0.16,0,0,0
Oblivion Ring,13,194,44,15,11,277,1,1,0,1,0,1,3,1,0,0,0,0,0,1,0,0,0,0,1,0.3,0,0,0
Oblivion Ring,13,194,44,13,11,275,1,1,0,1,0,1,3,1,0,0,0,0,0,1,0,0,0,0,1,0.32,0,0,0
Oblivion Strike,15,55,89,16,7,182,0,1,-1,1,0,1,4,1,0,0,0,0,1,0,0,0,0,0,1,0.14,0,0,0
Oboro Breezecaller,18,77,154,12,26,287,1,1,0,1,2,1,2,1,0,0,0,0,0,0,0,1,0,0,1,0.17,0,0,0
Observant Alseid,16,223,0,13,28,280,1,1,0,2,1,1,3,1,0,0,0,0,0,1,0,1,0,0,1,0.14,0,0,0
Ocular Halo,11,118,47,13,18,207,1,2,-1,1,1,1,4,1,0,0,0,0,0,1,0,0,0,0,1,0.16,0,0,0
Oculus,6,38,98,9,21,172,1,1,0,1,1,1,2,1,0,0,0,0,0,0,0,1,0,0,1,0.14,0,0,0
Odious Trow,11,33,129,11,16,200,2,2,0,1,1,1,1,1,0,0,0,0,0,0,0,1,0,0,1,0.15,0,0,0
Offering to Asha,16,69,118,7,7,217,2,2,0,1,0,1,4,1,0,0,0,1,0,0,0,0,0,0,2,0.15,0,0,0
Ogre Gatecrasher,16,84,93,11,21,225,1,1,0,1,2,1,4,1,0,0,0,0,0,0,0,1,0,0,1,0.15,0,0,0
Ogre Jailbreaker,16,101,115,13,21,266,1,1,0,1,2,1,4,1,0,0,0,0,0,0,0,1,0,0,1,0.14,0,0,0
Ogre Leadfoot,13,86,113,14,15,241,1,1,0,1,1,1,5,1,0,0,0,0,0,0,0,1,0,0,1,0.15,0,0,0
Ogre Menial,11,172,0,12,15,210,1,1,0,1,1,1,4,1,0,0,0,0,0,0,0,1,0,0,1,0.14,0,0,0
Ogre Resister,13,0,78,14,15,120,1,1,0,1,1,1,4,1,0,0,0,0,0,0,0,1,0,0,2,0.12,0,0,0
Ogre Savant,11,122,17,13,22,185,1,2,-1,1,2,1,5,1,0,0,0,0,0,0,0,1,0,0,1,0.15,0,0,0
Ogre Sentry,11,8,154,14,23,210,1,1,0,1,2,1,2,1,0,0,0,0,0,0,0,1,0,0,1,0.15,0,0,0
Ohran Yeti,10,121,59,14,20,224,1,1,0,1,1,1,4,1,0,0,0,0,0,0,0,1,0,0,1,0.15,0,0,0
Ojutai Interceptor,18,164,62,12,23,279,1,1,0,1,2,1,4,1,0,0,0,0,0,0,0,1,0,0,1,0.15,0,0,0
Ojutai's Breath,15,254,0,10,7,286,1,1,0,1,0,1,3,1,0,0,0,1,0,0,0,0,0,0,1,0.15,0,0,0
Ojutai's Summons,16,232,0,12,7,267,1,1,0,1,0,1,5,1,0,0,0,0,1,0,0,0,0,0,2,0.14,0,0,0
Oketra's Avenger,16,184,53,15,24,292,1,1,0,1,2,1,2,1,0,0,0,0,0,0,0,1,0,0,1,0.14,0,0,0
Okiba-Gang Shinobi,18,240,0,8,20,286,1,1,0,1,2,1,5,1,0,0,0,0,0,0,0,1,0,0,2,0.25,0,0,0
Okina Nightwatch,16,87,116,14,21,254,1,1,0,1,2,1,5,1,0,0,0,0,0,0,0,1,0,0,1,0.15,0,0,0
Old Ghastbark,13,0,163,14,27,217,2,2,0,1,2,1,5,1,0,0,0,0,0,0,0,1,0,0,2,0.15,0,0,0
Olivia's Dragoon,16,64,91,12,28,211,1,1,0,1,2,1,2,1,0,0,0,0,0,0,0,1,0,0,1,0.13,0,0,0
Omega Myr,9,0,29,11,23,72,0,0,0,2,1,1,2,1,0,0,0,0,0,0,1,1,0,0,0,0.15,0,0,0
Omenspeaker,11,185,49,15,23,283,1,1,0,1,2,1,2,1,0,0,0,0,0,0,0,1,0,0,1,0.15,0,0,0
Ondu Champion,13,143,107,11,32,306,1,1,0,1,3,1,4,1,0,0,0,0,0,0,0,1,0,0,2,0.12,0,0,0
Ondu Cleric,11,140,70,10,26,257,1,1,0,1,3,1,2,1,0,0,0,0,0,0,0,1,0,0,1,0.26,0,0,0
Ondu Giant,10,153,55,13,22,253,1,1,0,1,2,1,4,1,0,0,0,0,0,0,0,1,0,0,1,0.15,0,0,0
Ondu Greathorn,14,127,96,12,16,265,1,1,0,1,1,1,4,1,0,0,0,0,0,0,0,1,0,0,1,0.12,0,0,0
Ondu War Cleric,15,64,71,9,28,187,1,1,0,1,3,1,2,1,0,0,0,0,0,0,0,1,0,0,1,0.12,0,0,0
One of the Pack,15,106,68,16,19,224,1,1,0,1,1,1,4,1,0,0,0,0,0,0,0,1,0,0,0,0.15,0,0,0
One With the Wind,17,62,134,11,18,242,1,1,0,1,1,1,2,1,0,0,0,0,0,1,0,0,0,0,1,0.13,0,0,0
One-Eyed Scarecrow,18,64,94,12,29,217,0,0,0,2,1,1,3,1,0,0,0,0,0,0,1,1,0,0,0,0.14,0,0,0
Onyx Goblet,11,32,164,7,8,222,1,1,0,1,0,1,3,1,0,0,0,0,0,0,1,0,0,0,1,0.15,0,0,0
Oona's Gatewarden,17,87,95,16,25,240,2,2,0,1,2,1,1,1,0,0,0,0,0,0,0,1,0,0,1,0.18,0,0,0
Oona's Grace,12,145,68,12,7,244,1,1,0,1,0,1,3,1,0,0,0,1,0,0,0,0,0,0,1,0.15,0,0,0
Opal Lake Gatekeepers,21,105,103,12,27,268,1,1,0,1,2,1,4,1,0,0,0,0,0,0,0,1,0,0,1,0.14,0,0,0
Opaline Bracers,15,279,0,17,20,331,0,0,0,1,1,1,4,1,0,0,0,0,0,0,1,0,0,0,0,0.14,0,0,0
Opaline Unicorn,15,49,103,14,27,208,0,0,0,2,1,1,3,1,0,0,0,0,0,0,1,1,0,0,0,0.14,0,0,0
Open Fire,9,54,63,10,7,143,1,1,0,1,0,1,3,1,0,0,0,1,0,0,0,0,0,0,1,0.14,0,0,0
Ophidian Eye,12,162,0,29,18,221,1,1,0,1,1,1,3,1,0,0,0,0,0,1,0,0,0,0,1,0.18,0,0,0
Oppressive Rays,15,158,0,8,18,199,1,1,0,1,1,1,1,1,0,0,0,0,0,1,0,0,0,0,1,0.15,0,0,0
Oppressive Rays,15,158,0,8,18,199,1,1,0,1,1,1,1,1,0,0,0,0,0,1,0,0,0,0,1,0.15,0,0,0
Oppressive Will,15,79,136,7,7,244,1,1,0,1,0,1,3,1,0,0,0,1,0,0,0,0,0,0,1,0.15,0,0,0
Opt,3,113,80,16,7,219,1,1,0,1,0,1,1,1,0,0,0,1,0,0,0,0,0,0,1,0.72,0,0,0
Oracle of Dust,14,140,65,15,28,262,0,1,-1,1,2,1,5,1,0,0,0,0,0,0,0,1,0,0,1,0.13,0,0,0
Oran-Rief Invoker,17,70,106,22,23,238,1,1,0,1,2,1,2,1,0,0,0,0,0,0,0,1,0,0,1,0.12,0,0,0
Oran-Rief Recluse,17,229,0,15,17,278,1,1,0,1,1,1,3,1,0,0,0,0,0,0,0,1,0,0,1,0.14,0,0,0
Oran-Rief Survivalist,21,143,85,10,29,288,1,1,0,1,3,1,2,1,0,0,0,0,0,0,0,1,0,0,1,0.16,0,0,0
Orchard Spirit,14,73,134,11,17,249,1,1,0,1,1,1,3,1,0,0,0,0,0,0,0,1,0,0,1,0.14,0,0,0
Orchard Spirit,14,73,133,11,17,248,1,1,0,1,1,1,3,1,0,0,0,0,0,0,0,1,0,0,1,0.14,0,0,0
Orcish Bloodpainter,19,91,21,12,21,164,1,1,0,1,2,1,3,1,0,0,0,0,0,0,0,1,0,0,1,0.15,0,0,0
Orcish Cannonade,16,94,81,12,7,210,1,1,0,1,0,1,3,1,0,0,0,1,0,0,0,0,0,0,2,0.15,0,0,0
Orcish Spy,10,60,142,12,20,244,1,1,0,1,2,1,1,1,0,0,0,0,0,0,0,1,0,0,1,0.15,0,0,0
Order of the Golden Cricket,27,108,147,8,25,315,1,1,0,1,2,1,2,1,0,0,0,0,0,0,0,1,0,0,1,0.15,0,0,0
Order of the Sacred Bell,24,0,145,14,21,204,1,1,0,1,2,1,4,1,0,0,0,0,0,0,0,1,0,0,1,0.15,0,0,0
Order of the Sacred Bell,24,0,79,14,21,138,1,1,0,1,2,1,4,1,0,0,0,0,0,0,0,1,0,0,1,0.15,0,0,0
Ordruun Commando,16,81,156,14,27,294,1,2,-1,1,2,1,4,1,0,0,0,0,0,0,0,1,0,0,1,0.15,0,0,0
Oreskos Sun Guide,17,72,127,15,19,250,1,1,0,1,2,1,2,1,0,0,0,0,0,0,0,1,0,0,1,0.14,0,0,0
Oreskos Swiftclaw,17,0,241,11,22,291,1,1,0,1,2,1,2,1,0,0,0,0,0,0,0,1,0,0,1,0.14,0,0,0
Oreskos Swiftclaw,17,0,241,11,22,291,1,1,0,1,2,1,2,1,0,0,0,0,0,0,0,1,0,0,1,0.15,0,0,0
Origin Spellbomb,16,198,0,15,8,237,0,1,-1,1,0,1,1,1,0,0,0,0,0,0,1,0,0,0,0,0.14,0,0,0
Ornamental Courage,18,55,104,15,7,199,1,1,0,1,0,1,1,1,0,0,0,1,0,0,0,0,0,0,1,0.1,0,0,0
Ornery Kudu,11,92,113,20,19,255,1,1,0,1,1,1,3,1,0,0,0,0,0,0,0,1,0,0,1,0.13,0,0,0
Ornithopter,11,6,133,15,27,192,0,0,0,2,1,1,0,1,0,0,0,0,0,0,1,1,0,0,0,0.22,0,0,0
Orochi Leafcaller,17,49,135,11,23,235,1,1,0,1,2,1,1,1,0,0,0,0,0,0,0,1,0,0,1,0.16,0,0,0
Orochi Ranger,13,137,155,16,24,345,1,1,0,1,2,1,2,1,0,0,0,0,0,0,0,1,0,0,1,0.15,0,0,0
Orochi Sustainer,16,31,223,7,23,300,1,1,0,1,2,1,2,1,0,0,0,0,0,0,0,1,0,0,1,0.15,0,0,0
Orzhov Basilica,15,173,0,9,4,201,0,2,-2,1,0,1,0,1,0,0,0,0,0,0,0,0,1,0,0,0.26,0,0,0
Orzhov Cluestone,16,92,77,12,8,205,0,2,-2,1,0,1,3,1,0,0,0,0,0,0,1,0,0,0,0,0.14,0,0,0
Orzhov Euthanist,16,201,0,29,25,271,1,1,0,1,2,1,3,1,0,0,0,0,0,0,0,1,0,0,1,0.15,0,0,0
Orzhov Guildgate,16,86,87,9,11,209,0,2,-2,1,1,1,0,1,0,0,0,0,0,0,0,0,1,0,0,0.16,0,0,0
Orzhov Guildgate,16,86,146,9,11,268,0,2,-2,1,1,1,0,1,0,0,0,0,0,0,0,0,1,0,0,0.16,0,0,0
Orzhov Signet,13,39,172,15,8,247,0,2,-2,1,0,1,2,1,0,0,0,0,0,0,1,0,0,0,0,0.24,0,0,0
Ostiary Thrull,14,30,79,11,17,151,1,2,-1,1,1,1,4,1,0,0,0,0,0,0,0,1,0,0,1,0.15,0,0,0
Otherworldly Outburst,21,134,51,13,7,226,1,1,0,1,0,1,1,1,0,0,0,1,0,0,0,0,0,0,1,0.14,0,0,0
Outnumber,9,87,71,14,7,188,1,1,0,1,0,1,1,1,0,0,0,1,0,0,0,0,0,0,1,0.14,0,0,0
Outrider of Jhess,17,100,152,12,23,304,1,1,0,1,2,1,4,1,0,0,0,0,0,0,0,1,0,0,1,0.16,0,0,0
Outwit,6,43,71,10,7,137,1,1,0,1,0,1,1,1,0,0,0,1,0,0,0,0,0,0,1,0.14,0,0,0
Overgrown Battlement,20,84,100,15,15,234,1,1,0,1,1,1,2,1,0,0,0,0,0,0,0,1,0,0,1,0.23,0,0,0
Overgrowth,10,242,0,16,18,286,1,1,0,1,1,1,3,1,0,0,0,0,0,1,0,0,0,0,1,0.27,0,0,0
Overgrowth,10,242,98,10,18,378,1,1,0,1,1,1,3,1,0,0,0,0,0,1,0,0,0,0,1,0.33,0,0,0
Override,8,82,57,13,7,167,1,1,0,1,0,1,3,1,0,0,0,1,0,0,0,0,0,0,1,0.15,0,0,0
Overrule,8,69,86,12,7,182,2,2,0,1,0,1,2,1,0,0,0,1,0,0,0,0,0,0,2,0.16,0,0,0
Oxidda Daredevil,16,70,107,12,27,232,1,1,0,1,2,1,2,1,0,0,0,0,0,0,0,1,0,0,1,0.12,0,0,0
Oxidda Golem,12,95,102,12,25,246,0,0,0,2,1,1,6,1,0,0,0,0,0,0,1,1,0,0,0,0.14,0,0,0
Pacifism,8,58,74,12,18,170,1,1,0,1,1,1,2,1,0,0,0,0,0,1,0,0,0,0,1,0.14,0,0,0
Pacifism,8,58,74,12,18,170,1,1,0,1,1,1,2,1,0,0,0,0,0,1,0,0,0,0,1,0.14,0,0,0
Pacifism,8,58,74,12,18,170,1,1,0,1,1,1,2,1,0,0,0,0,0,1,0,0,0,0,1,0.15,0,0,0
Pacifism,8,58,74,12,18,170,1,1,0,1,1,1,2,1,0,0,0,0,0,1,0,0,0,0,1,0.15,0,0,0
Pacifism,8,58,74,12,18,170,1,1,0,1,1,1,2,1,0,0,0,0,0,1,0,0,0,0,1,0.15,0,0,0
Pacifism,8,58,74,12,18,170,1,1,0,1,1,1,2,1,0,0,0,0,0,1,0,0,0,0,1,0.15,0,0,0
Pacifism,8,58,74,12,18,170,1,1,0,1,1,1,2,1,0,0,0,0,0,1,0,0,0,0,1,0.15,0,0,0
Pacifism,8,58,81,8,18,173,1,1,0,1,1,1,2,1,0,0,0,0,0,1,0,0,0,0,1,0.15,0,0,0
Pacifism,8,58,74,12,18,170,1,1,0,1,1,1,2,1,0,0,0,0,0,1,0,0,0,0,1,0.17,0,0,0
Pack's Disdain,14,119,108,12,7,260,1,1,0,1,0,1,2,1,0,0,0,1,0,0,0,0,0,0,1,0.16,0,0,0
Painful Lesson,14,47,91,15,7,174,1,1,0,1,0,1,3,1,0,0,0,0,1,0,0,0,0,0,1,0.14,0,0,0
Painted Bluffs,14,86,92,10,13,215,0,0,0,1,1,1,0,1,0,0,0,0,0,0,0,0,1,0,0,0.13,0,0,0
Palace Familiar,15,46,146,10,15,232,1,1,0,1,1,1,2,1,0,0,0,0,0,0,0,1,0,0,1,0.14,0,0,0
Palace Guard,12,47,79,11,24,173,1,1,0,1,2,1,3,1,0,0,0,0,0,0,0,1,0,0,1,0.14,0,0,0
Palace Guard,12,47,79,11,24,173,1,1,0,1,2,1,3,1,0,0,0,0,0,0,0,1,0,0,1,0.15,0,0,0
Paladin of the Bloodstained,27,113,115,18,25,298,1,1,0,1,2,1,4,1,0,0,0,0,0,0,0,1,0,0,1,0.13,0,0,0
Pale Recluse,12,231,0,20,17,280,2,2,0,1,1,1,6,1,0,0,0,0,0,0,0,1,0,0,2,0.2,0,0,0
Pallid Mycoderm,15,277,0,10,17,319,1,1,0,1,1,1,4,1,0,0,0,0,0,0,0,1,0,0,1,0.15,0,0,0
Panic Attack,12,51,99,4,7,173,1,1,0,1,0,1,3,1,0,0,0,0,1,0,0,0,0,0,1,0.15,0,0,0
Panic Attack,12,51,59,10,7,139,1,1,0,1,0,1,3,1,0,0,0,0,1,0,0,0,0,0,1,0.16,0,0,0
Panic Attack,12,51,59,10,7,139,1,1,0,1,0,1,3,1,0,0,0,0,1,0,0,0,0,0,1,0.16,0,0,0
Panic Spellbomb,15,178,0,15,8,216,0,1,-1,1,0,1,1,1,0,0,0,0,0,0,1,0,0,0,0,0.14,0,0,0
Paperfin Rascal,15,296,0,29,24,364,1,1,0,1,2,1,3,1,0,0,0,0,0,0,0,1,0,0,1,0.15,0,0,0
Paralyzing Grasp,16,85,112,4,18,235,1,1,0,1,1,1,3,1,0,0,0,0,0,1,0,0,0,0,1,0.14,0,0,0
Paralyzing Grasp,16,85,105,10,18,234,1,1,0,1,1,1,3,1,0,0,0,0,0,1,0,0,0,0,1,0.14,0,0,0
Paranoid Delusions,18,303,0,19,7,347,2,2,0,1,0,1,2,1,0,0,0,0,1,0,0,0,0,0,2,0.16,0,0,0
Parapet Watchers,16,53,182,13,26,290,1,2,-1,1,2,1,3,1,0,0,0,0,0,0,0,1,0,0,1,0.15,0,0,0
Parasitic Implant,17,155,0,11,18,201,1,1,0,1,1,1,4,1,0,0,0,0,0,1,0,0,0,0,1,0.14,0,0,0
Parasitic Strix,15,133,83,15,24,270,1,1,0,2,1,1,3,1,0,0,0,0,0,0,1,1,0,0,1,0.16,0,0,0
Path of Anger's Flame,21,50,81,7,16,175,1,1,0,1,1,1,3,1,0,0,0,1,0,0,0,0,0,0,1,0.17,0,0,0
Pathbreaker Wurm,16,254,0,9,15,294,1,1,0,1,1,1,6,1,0,0,0,0,0,0,0,1,0,0,2,0.14,0,0,0
Pathmaker Initiate,18,69,56,12,23,178,1,1,0,1,2,1,2,1,0,0,0,0,0,0,0,1,0,0,1,0.12,0,0,0
Patrician's Scorn,17,132,80,9,7,245,1,1,0,1,0,1,4,1,0,0,0,1,0,0,0,0,0,0,1,0.18,0,0,0
Pay No Heed,11,64,103,8,7,193,1,1,0,1,0,1,1,1,0,0,0,1,0,0,0,0,0,0,1,0.15,0,0,0
Peek,4,42,45,8,7,106,1,1,0,1,0,1,1,1,0,0,0,1,0,0,0,0,0,0,1,0.56,0,0,0
Peel from Reality,17,96,74,11,7,205,1,1,0,1,0,1,2,1,0,0,0,1,0,0,0,0,0,0,1,0.14,0,0,0
Peel from Reality,17,96,74,11,7,205,1,1,0,1,0,1,2,1,0,0,0,1,0,0,0,0,0,0,1,0.14,0,0,0
Peel from Reality,17,96,107,9,7,236,1,1,0,1,0,1,2,1,0,0,0,1,0,0,0,0,0,0,1,0.15,0,0,0
Peema Outrider,14,147,64,16,24,265,1,1,0,1,2,1,4,1,0,0,0,0,0,0,0,1,0,0,2,0.1,0,0,0
Peer Through Depths,19,185,0,17,16,237,1,1,0,1,1,1,2,1,0,0,0,1,0,0,0,0,0,0,1,0.22,0,0,0
Pegasus Charger,15,169,0,11,18,213,1,1,0,1,1,1,3,1,0,0,0,0,0,0,0,1,0,0,1,0.17,0,0,0
Pendulum of Patterns,20,121,54,12,8,215,0,0,0,1,0,1,2,1,0,0,0,0,0,0,1,0,0,0,0,0.13,0,0,0
Pensive Minotaur,16,0,221,15,27,279,1,1,0,1,2,1,3,1,0,0,0,0,0,0,0,1,0,0,1,0.14,0,0,0
Pentad Prism,12,195,0,12,8,227,0,0,0,1,0,1,2,1,0,0,0,0,0,0,1,0,0,0,0,0.26,0,0,0
Pentarch Ward,13,228,0,11,18,270,1,1,0,1,1,1,3,1,0,0,0,0,0,1,0,0,0,0,1,0.19,0,0,0
Penumbra Spider,15,85,65,11,17,193,1,1,0,1,1,1,4,1,0,0,0,0,0,0,0,1,0,0,2,0.16,0,0,0
Peppersmoke,11,83,99,12,23,228,1,1,0,2,1,1,1,1,0,0,0,1,0,0,0,0,0,0,1,0.16,0,0,0
Peregrine Griffin,17,94,93,14,18,236,1,1,0,1,1,1,5,1,0,0,0,0,0,0,0,1,0,0,1,0.15,0,0,0
Perilous Myr,12,71,53,11,23,170,0,0,0,2,1,1,2,1,0,0,0,0,0,0,1,1,0,0,0,0.18,0,0,0
Perilous Shadow,15,53,48,13,23,152,1,1,0,1,2,1,4,1,0,0,0,0,0,0,0,1,0,0,2,0.14,0,0,0
Perish the Thought,18,123,49,10,7,207,1,1,0,1,0,1,3,1,0,0,0,0,1,0,0,0,0,0,1,0.15,0,0,0
Perplex,7,293,0,14,7,321,2,2,0,1,0,1,3,1,0,0,0,1,0,0,0,0,0,0,2,0.45,0,0,0
Pestermite,10,91,72,19,23,215,1,1,0,1,2,1,3,1,0,0,0,0,0,0,0,1,0,0,1,0.44,0,0,0
Pestilent Kathari,17,154,0,12,23,206,1,2,-1,1,2,1,3,1,0,0,0,0,0,0,0,1,0,0,1,0.15,0,0,0
Pestilent Souleater,19,231,0,12,26,288,0,1,-1,2,1,1,5,1,0,0,0,0,0,0,1,1,0,0,0,0.15,0,0,0
Petalmane Baku,14,181,0,12,17,224,1,1,0,1,1,1,2,1,0,0,0,0,0,0,0,1,0,0,1,0.15,0,0,0
Petrahydrox,11,142,86,17,16,272,2,2,0,1,1,1,4,1,0,0,0,0,0,0,0,1,0,0,1,0.15,0,0,0
Petrified Plating,17,285,0,29,18,349,1,1,0,1,1,1,3,1,0,0,0,0,0,1,0,0,0,0,1,0.15,0,0,0
Pewter Golem,12,32,134,13,25,216,0,1,-1,2,1,1,5,1,0,0,0,0,0,0,1,1,0,0,0,0.14,0,0,0
Phantasmal Bear,15,76,120,8,24,243,1,1,0,1,2,1,1,1,0,0,0,0,0,0,0,1,0,0,1,0.16,0,0,0
Phantom Beast,13,74,43,8,25,163,1,1,0,1,2,1,4,1,0,0,0,0,0,0,0,1,0,0,1,0.14,0,0,0
Phantom Wings,13,119,143,12,18,305,1,1,0,1,1,1,2,1,0,0,0,0,0,1,0,0,0,0,1,0.15,0,0,0
Pharagax Giant,14,229,0,13,16,272,1,1,0,1,1,1,5,1,0,0,0,0,0,0,0,1,0,0,1,0.14,0,0,0
Pharika's Chosen,16,83,123,11,16,249,1,1,0,1,1,1,1,1,0,0,0,0,0,0,0,1,0,0,1,0.17,0,0,0
Pharika's Cure,14,69,162,13,7,265,1,1,0,1,0,1,2,1,0,0,0,1,0,0,0,0,0,0,2,0.15,0,0,0
Pharika's Disciple,18,219,0,13,26,276,1,1,0,1,2,1,4,1,0,0,0,0,0,0,0,1,0,0,1,0.14,0,0,0
Pheres-Band Centaurs,20,0,193,12,26,251,1,1,0,1,2,1,5,1,0,0,0,0,0,0,0,1,0,0,1,0.14,0,0,0
Pheres-Band Thunderhoof,23,123,71,19,26,262,1,1,0,1,2,1,5,1,0,0,0,0,0,0,0,1,0,0,1,0.15,0,0,0
Pheres-Band Tromper,19,84,124,11,26,264,1,1,0,1,2,1,4,1,0,0,0,0,0,0,0,1,0,0,1,0.14,0,0,0
Phyresis,8,155,102,4,18,287,1,1,0,1,1,1,2,1,0,0,0,0,0,1,0,0,0,0,1,0.2,0,0,0
Phyrexian Digester,18,125,87,11,29,270,0,0,0,2,1,1,3,1,0,0,0,0,0,0,1,1,0,0,0,0.14,0,0,0
Phyrexian Hulk,14,0,101,15,25,155,0,0,0,2,1,1,6,1,0,0,0,0,0,0,1,1,0,0,0,0.14,0,0,0
Phyrexian Rager,15,81,102,18,17,233,1,1,0,1,1,1,3,1,0,0,0,0,0,0,0,1,0,0,1,0.14,0,0,0
Phyrexian Rager,15,81,67,10,17,190,1,1,0,1,1,1,3,1,0,0,0,0,0,0,0,1,0,0,1,0.17,0,0,0
Phytoburst,10,45,155,4,7,221,1,1,0,1,0,1,2,1,0,0,0,0,1,0,0,0,0,0,1,0.16,0,0,0
Pieces of the Puzzle,20,150,62,17,7,256,1,1,0,1,0,1,3,1,0,0,0,0,1,0,0,0,0,0,1,0.16,0,0,0
Pilfered Plans,14,101,94,16,7,232,2,2,0,1,0,1,3,1,0,0,0,0,1,0,0,0,0,0,2,0.14,0,0,0
Pilgrim's Eye,13,161,75,9,27,285,0,0,0,2,1,1,3,1,0,0,0,0,0,0,1,1,0,0,0,0.15,0,0,0
Pili-Pala,9,88,81,11,29,218,0,0,0,2,1,1,2,1,0,0,0,0,0,0,1,1,0,0,0,1.11,1,0,0
Pillar of Flame,15,135,95,13,7,265,1,1,0,1,0,1,1,1,0,0,0,0,1,0,0,0,0,0,1,0.16,0,0,0
Pillar of Light,15,50,86,10,7,168,1,1,0,1,0,1,3,1,0,0,0,1,0,0,0,0,0,0,1,0.14,0,0,0
Pillarfield Ox,14,0,106,15,13,148,1,1,0,1,1,1,4,1,0,0,0,0,0,0,0,1,0,0,1,0.14,0,0,0
Pillarfield Ox,14,0,86,15,13,128,1,1,0,1,1,1,4,1,0,0,0,0,0,0,0,1,0,0,1,0.15,0,0,0
Pillarfield Ox,14,0,195,15,13,237,1,1,0,1,1,1,4,1,0,0,0,0,0,0,0,1,0,0,1,0.15,0,0,0
Pillory of the Sleepless,24,133,68,14,18,257,2,2,0,1,1,1,3,1,0,0,0,0,0,1,0,0,0,0,2,0.18,0,0,0
Pin to the Earth,16,47,82,12,18,175,1,1,0,1,1,1,2,1,0,0,0,0,0,1,0,0,0,0,1,0.14,0,0,0
Pincher Beetles,15,66,77,15,17,190,1,1,0,1,1,1,3,1,0,0,0,0,0,0,0,1,0,0,1,0.15,0,0,0
Pinion Feast,12,154,54,11,7,238,1,1,0,1,0,1,5,1,0,0,0,1,0,0,0,0,0,0,1,0.15,0,0,0
Pious Interdiction,18,123,69,12,18,240,1,1,0,1,1,1,4,1,0,0,0,0,0,1,0,0,0,0,1,0.14,0,0,0
Pious Kitsune,13,272,0,17,21,323,1,1,0,1,2,1,3,1,0,0,0,0,0,0,0,1,0,0,1,0.16,0,0,0
Piracy Charm,12,217,0,9,7,245,1,1,0,1,0,1,1,1,0,0,0,1,0,0,0,0,0,0,1,0.25,0,0,0
Piranha Marsh,13,147,0,9,4,173,0,1,-1,1,0,1,0,1,0,0,0,0,0,0,0,0,1,0,0,0.16,0,0,0
Pirate's Cutlass,16,196,0,11,20,243,0,0,0,1,1,1,3,1,0,0,0,0,0,0,1,0,0,0,0,0.14,0,0,0
Pirate's Prize,14,140,37,20,7,218,1,1,0,1,0,1,4,1,0,0,0,0,1,0,0,0,0,0,1,0.14,0,0,0
Pistus Strike,13,74,80,11,7,185,1,1,0,1,0,1,3,1,0,0,0,1,0,0,0,0,0,0,1,0.13,0,0,0
Pit Fight,9,112,73,12,7,213,2,2,0,1,0,1,2,1,0,0,0,1,0,0,0,0,0,0,1,0.15,0,0,0
Pit Keeper,10,168,104,17,23,322,1,1,0,1,2,1,2,1,0,0,0,0,0,0,0,1,0,0,1,0.15,0,0,0
Pitchburn Devils,16,75,75,12,16,194,1,1,0,1,1,1,5,1,0,0,0,0,0,0,0,1,0,0,1,0.13,0,0,0
Pitchburn Devils,16,75,75,12,16,194,1,1,0,1,1,1,5,1,0,0,0,0,0,0,0,1,0,0,1,0.14,0,0,0
Pith Driller,12,128,97,9,26,272,1,1,0,2,1,1,5,1,0,0,0,0,0,0,1,1,0,0,1,0.15,0,0,0
Pitiless Vizier,15,225,0,11,26,277,1,1,0,1,2,1,4,1,0,0,0,0,0,0,0,1,0,0,1,0.14,0,0,0
Plague Beetle,13,88,104,12,17,234,1,1,0,1,1,1,1,1,0,0,0,0,0,0,0,1,0,0,1,0.15,0,0,0
Plague Beetle,13,88,104,11,17,233,1,1,0,1,1,1,1,1,0,0,0,0,0,0,0,1,0,0,1,0.15,0,0,0
Plague Beetle,13,88,104,11,17,233,1,1,0,1,1,1,1,1,0,0,0,0,0,0,0,1,0,0,1,0.15,0,0,0
Plague Stinger,14,132,51,13,24,234,1,1,0,1,2,1,2,1,0,0,0,0,0,0,0,1,0,0,1,0.23,0,0,0
Plated Geopede,14,127,94,14,17,266,1,1,0,1,1,1,2,1,0,0,0,0,0,0,0,1,0,0,1,0.15,0,0,0
Plated Seastrider,17,0,140,4,16,177,1,1,0,1,1,1,2,1,0,0,0,0,0,0,0,1,0,0,2,0.12,0,0,0
Plover Knights,14,20,140,14,25,213,1,1,0,1,2,1,5,1,0,0,0,0,0,0,0,1,0,0,2,0.15,0,0,0
Plow Through Reito,18,150,82,11,16,277,1,1,0,1,1,1,2,1,0,0,0,1,0,0,0,0,0,0,1,0.15,0,0,0
Plumes of Peace,15,237,0,12,18,282,2,2,0,1,1,1,3,1,0,0,0,0,0,1,0,0,0,0,2,0.15,0,0,0
Plummet,7,36,139,12,7,201,1,1,0,1,0,1,2,1,0,0,0,1,0,0,0,0,0,0,1,0.13,0,0,0
Plummet,7,36,173,12,7,235,1,1,0,1,0,1,2,1,0,0,0,1,0,0,0,0,0,0,1,0.14,0,0,0
Plummet,7,36,65,12,7,127,1,1,0,1,0,1,2,1,0,0,0,1,0,0,0,0,0,0,1,0.14,0,0,0
Plummet,7,36,65,12,7,127,1,1,0,1,0,1,2,1,0,0,0,1,0,0,0,0,0,0,1,0.14,0,0,0
Plummet,7,36,65,12,7,127,1,1,0,1,0,1,2,1,0,0,0,1,0,0,0,0,0,0,1,0.15,0,0,0
Plummet,7,36,65,12,7,127,1,1,0,1,0,1,2,1,0,0,0,1,0,0,0,0,0,0,1,0.15,0,0,0
Plummet,7,36,65,12,7,127,1,1,0,1,0,1,2,1,0,0,0,1,0,0,0,0,0,0,1,0.33,0,0,0
Plunder,7,277,0,14,7,305,1,1,0,1,0,1,5,1,0,0,0,0,1,0,0,0,0,0,1,0.15,0,0,0
Poison the Well,15,78,101,29,7,230,2,2,0,1,0,1,4,1,0,0,0,0,1,0,0,0,0,0,2,0.16,0,0,0
Poisonbelly Ogre,16,78,157,29,23,303,1,1,0,1,2,1,5,1,0,0,0,0,0,0,0,1,0,0,1,0.15,0,0,0
Polluted Dead,13,45,115,14,17,204,1,1,0,1,1,1,5,1,0,0,0,0,0,0,0,1,0,0,1,0.14,0,0,0
Ponder,6,120,51,9,7,193,1,1,0,1,0,1,1,1,0,0,0,0,1,0,0,0,0,0,1,1.9,1,0,0
Ponder,6,120,51,9,7,193,1,1,0,1,0,1,1,1,0,0,0,0,1,0,0,0,0,0,1,1.93,1,0,0
Ponder,6,120,60,10,7,203,1,1,0,1,0,1,1,1,0,0,0,0,1,0,0,0,0,0,1,2.11,1,0,0
Ponyback Brigade,16,237,0,8,25,286,3,3,0,1,2,1,6,1,0,0,0,0,0,0,0,1,0,0,3,0.14,0,0,0
Porcelain Legionnaire,21,59,120,14,27,241,1,1,0,2,1,1,3,1,0,0,0,0,0,0,1,1,0,0,1,0.15,0,0,0
Portent of Betrayal,19,206,0,7,7,239,1,1,0,1,0,1,4,1,0,0,0,0,1,0,0,0,0,0,1,0.14,0,0,0
Poultice Sliver,15,54,149,14,17,249,1,1,0,1,1,1,3,1,0,0,0,0,0,0,0,1,0,0,1,0.15,0,0,0
Pounce,6,122,115,14,7,264,1,1,0,1,0,1,2,1,0,0,0,1,0,0,0,0,0,0,1,0.14,0,0,0
Pouncing Cheetah,16,5,145,12,14,192,1,1,0,1,1,1,3,1,0,0,0,0,0,0,0,1,0,0,1,0.14,0,0,0
Power of Fire,13,105,128,15,18,279,1,1,0,1,1,1,2,1,0,0,0,0,0,1,0,0,0,0,1,0.15,0,0,0
Prakhata Club Security,22,0,162,13,29,226,1,1,0,1,2,1,4,1,0,0,0,0,0,0,0,1,0,0,1,0.1,0,0,0
Prakhata Pillar-Bug,19,130,97,11,26,283,0,1,-1,2,1,1,3,1,0,0,0,0,0,0,1,1,0,0,0,0.1,0,0,0
Precise Strike,14,68,43,14,7,146,1,1,0,1,0,1,1,1,0,0,0,1,0,0,0,0,0,0,1,0.1,0,0,0
Predator's Gambit,17,232,0,12,18,279,1,1,0,1,1,1,1,1,0,0,0,0,0,1,0,0,0,0,1,0.15,0,0,0
Predator's Rapport,18,100,150,12,7,287,1,1,0,1,0,1,3,1,0,0,0,1,0,0,0,0,0,0,1,0.14,0,0,0
Predator's Strike,17,63,43,13,7,143,1,1,0,1,0,1,2,1,0,0,0,1,0,0,0,0,0,0,1,0.44,0,0,0
Predatory Sliver,16,39,70,15,17,157,1,1,0,1,1,1,2,1,0,0,0,0,0,0,0,1,0,0,1,0.25,0,0,0
Preordain,9,173,0,15,7,204,1,1,0,1,0,1,1,1,0,0,0,0,1,0,0,0,0,0,1,2.35,1,0,0
Prescient Chimera,17,154,0,7,18,196,1,1,0,1,1,1,5,1,0,0,0,0,0,0,0,1,0,0,2,0.14,0,0,0
Presence of Gond,16,93,72,17,18,216,1,1,0,1,1,1,3,1,0,0,0,0,0,1,0,0,0,0,1,1.06,1,0,0
Press for Answers,17,182,0,14,7,220,1,1,0,1,0,1,2,1,0,0,0,0,1,0,0,0,0,0,1,0.15,0,0,0
Pressure Point,14,33,29,12,7,95,1,1,0,1,0,1,2,1,0,0,0,1,0,0,0,0,0,0,1,0.1,0,0,0
Pressure Point,14,33,137,11,7,202,1,1,0,1,0,1,2,1,0,0,0,1,0,0,0,0,0,0,1,0.15,0,0,0
Prey Upon,9,122,42,13,7,193,1,1,0,1,0,1,1,1,0,0,0,0,1,0,0,0,0,0,1,0.12,0,0,0
Prey Upon,9,122,74,12,7,224,1,1,0,1,0,1,1,1,0,0,0,0,1,0,0,0,0,0,1,0.15,0,0,0
Prey Upon,9,122,74,12,7,224,1,1,0,1,0,1,1,1,0,0,0,0,1,0,0,0,0,0,1,0.15,0,0,0
Prey Upon,9,122,145,12,7,295,1,1,0,1,0,1,1,1,0,0,0,0,1,0,0,0,0,0,1,0.15,0,0,0
Prickleboar,11,135,101,13,15,275,1,1,0,1,1,1,5,1,0,0,0,0,0,0,0,1,0,0,1,0.13,0,0,0
Prickly Boggart,15,90,86,13,23,227,1,1,0,1,2,1,1,1,0,0,0,0,0,0,0,1,0,0,1,0.17,0,0,0
Pride Guardian,14,57,47,10,19,147,1,1,0,1,2,1,1,1,0,0,0,0,0,0,0,1,0,0,1,0.16,0,0,0
Priest of Iroas,15,62,54,13,23,167,1,2,-1,1,2,1,1,1,0,0,0,0,0,0,0,1,0,0,1,0.14,0,0,0
Priests of Norn,15,135,82,13,17,262,1,1,0,1,1,1,3,1,0,0,0,0,0,0,0,1,0,0,1,0.15,0,0,0
Primal Cocoon,13,160,0,16,18,207,1,1,0,1,1,1,1,1,0,0,0,0,0,1,0,0,0,0,1,0.14,0,0,0
Primal Druid,12,137,47,16,22,234,1,1,0,1,2,1,2,1,0,0,0,0,0,0,0,1,0,0,1,0.15,0,0,0
Primal Huntbeast,16,91,118,10,16,251,1,1,0,1,1,1,4,1,0,0,0,0,0,0,0,1,0,0,1,0.14,0,0,0
Primal Plasma,13,143,131,12,33,332,1,1,0,1,2,1,4,1,0,0,0,0,0,0,0,1,0,0,1,0.15,0,0,0
Primal Visitation,17,61,114,19,18,229,2,2,0,1,1,1,5,1,0,0,0,0,0,1,0,0,0,0,2,0.15,0,0,0
Prismatic Lens,14,86,117,12,8,237,0,0,0,1,0,1,2,1,0,0,0,0,0,0,1,0,0,0,0,0.24,0,0,0
Prismwake Merrow,16,130,120,13,25,304,1,1,0,1,2,1,3,1,0,0,0,0,0,0,0,1,0,0,1,0.16,0,0,0
Pristine Talisman,17,48,91,12,8,176,0,0,0,1,0,1,3,1,0,0,0,0,0,0,1,0,0,0,0,0.16,0,0,0
Prizefighter Construct,22,0,207,16,29,274,0,0,0,2,1,1,5,1,0,0,0,0,0,0,1,1,0,0,0,0.12,0,0,0
Prodigal Pyromancer,19,69,51,13,23,175,1,1,0,1,2,1,3,1,0,0,0,0,0,0,0,1,0,0,1,0.15,0,0,0
Prodigal Pyromancer,19,69,40,13,23,164,1,1,0,1,2,1,3,1,0,0,0,0,0,0,0,1,0,0,1,0.16,0,0,0
Promised Kannushi,17,141,0,13,22,193,1,1,0,1,2,1,1,1,0,0,0,0,0,0,0,1,0,0,1,0.16,0,0,0
Propeller Pioneer,17,146,51,13,26,253,1,1,0,1,2,1,4,1,0,0,0,0,0,0,0,1,0,0,1,0.1,0,0,0
Prophetic Prism,15,112,93,16,8,244,0,0,0,1,0,1,2,1,0,0,0,0,0,0,1,0,0,0,0,0.14,0,0,0
Prophetic Prism,15,112,120,12,8,267,0,0,0,1,0,1,2,1,0,0,0,0,0,0,1,0,0,0,0,0.15,0,0,0
Prophetic Prism,15,112,79,9,8,223,0,0,0,1,0,1,2,1,0,0,0,0,0,0,1,0,0,0,0,0.16,0,0,0
Prophetic Ravings,17,85,107,14,18,241,1,1,0,1,1,1,1,1,0,0,0,0,0,1,0,0,0,0,1,0.13,0,0,0
Prosperous Pirates,18,175,108,9,23,333,1,1,0,1,2,1,5,1,0,0,0,0,0,0,0,1,0,0,1,0.13,0,0,0
Protective Bubble,17,117,80,11,18,243,1,1,0,1,1,1,4,1,0,0,0,0,0,1,0,0,0,0,1,0.16,0,0,0
Proven Combatant,16,200,38,13,24,291,1,1,0,1,2,1,1,1,0,0,0,0,0,0,0,1,0,0,1,0.11,0,0,0
Prying Blade,12,295,0,12,20,339,0,0,0,1,1,1,1,1,0,0,0,0,0,0,1,0,0,0,0,0.12,0,0,0
Psychic Barrier,15,59,110,9,7,200,1,1,0,1,0,1,2,1,0,0,0,1,0,0,0,0,0,0,2,0.15,0,0,0
Psychic Miasma,14,111,100,15,7,247,1,1,0,1,0,1,2,1,0,0,0,0,1,0,0,0,0,0,1,0.13,0,0,0
Psychic Puppetry,16,207,0,11,16,250,1,1,0,1,1,1,2,1,0,0,0,1,0,0,0,0,0,0,1,0.16,0,0,0
Psychic Spear,13,114,154,10,7,298,1,1,0,1,0,1,1,1,0,0,0,0,1,0,0,0,0,0,1,0.15,0,0,0
Psychic Strike,14,108,125,15,7,269,2,2,0,1,0,1,3,1,0,0,0,1,0,0,0,0,0,0,2,0.15,0,0,0
Psychotic Episode,17,323,0,11,7,358,1,1,0,1,0,1,3,1,0,0,0,0,1,0,0,0,0,0,2,0.15,0,0,0
Psychotic Fury,14,80,67,10,7,178,1,1,0,1,0,1,2,1,0,0,0,1,0,0,0,0,0,0,1,0.17,0,0,0
Pterodon Knight,15,61,51,15,23,165,1,1,0,1,2,1,4,1,0,0,0,0,0,0,0,1,0,0,1,0.14,0,0,0
Pteron Ghost,12,58,43,20,17,150,1,1,0,1,1,1,2,1,0,0,0,0,0,0,0,1,0,0,1,0.14,0,0,0
Pull Under,10,45,231,11,16,313,1,1,0,1,1,1,6,1,0,0,0,1,0,0,0,0,0,0,1,0.15,0,0,0
Pulling Teeth,13,285,0,11,7,316,1,1,0,1,0,1,2,1,0,0,0,0,1,0,0,0,0,0,1,0.15,0,0,0
Pulse of Murasa,15,90,127,12,7,251,1,1,0,1,0,1,3,1,0,0,0,1,0,0,0,0,0,0,1,0.15,0,0,0
Pulse Tracker,13,59,115,15,24,226,1,1,0,1,2,1,1,1,0,0,0,0,0,0,0,1,0,0,1,0.17,0,0,0
Puncture Blast,14,130,60,14,7,225,1,1,0,1,0,1,3,1,0,0,0,1,0,0,0,0,0,0,1,0.15,0,0,0
Puncture Bolt,13,86,82,15,7,203,1,1,0,1,0,1,2,1,0,0,0,1,0,0,0,0,0,0,1,0.15,0,0,0
Puncturing Blow,15,106,99,14,7,241,1,1,0,1,0,1,4,1,0,0,0,0,1,0,0,0,0,0,2,0.14,0,0,0
Puncturing Light,16,67,56,12,7,158,1,1,0,1,0,1,2,1,0,0,0,1,0,0,0,0,0,0,1,0.14,0,0,0
Puncturing Light,16,67,152,29,7,271,1,1,0,1,0,1,2,1,0,0,0,1,0,0,0,0,0,0,1,0.15,0,0,0
Punish the Enemy,16,81,72,15,7,191,1,1,0,1,0,1,5,1,0,0,0,1,0,0,0,0,0,0,1,0.14,0,0,0
Purge the Profane,17,55,90,16,7,185,2,2,0,1,0,1,4,1,0,0,0,0,1,0,0,0,0,0,2,0.15,0,0,0
Pursue Glory,12,99,97,12,7,227,1,1,0,1,0,1,4,1,0,0,0,1,0,0,0,0,0,0,1,0.12,0,0,0
Pursuit of Flight,17,107,101,19,18,262,1,2,-1,1,1,1,2,1,0,0,0,0,0,1,0,0,0,0,1,0.14,0,0,0
Put Away,8,98,105,12,7,230,1,1,0,1,0,1,4,1,0,0,0,1,0,0,0,0,0,0,2,0.15,0,0,0
Putrid Cyclops,14,291,0,12,25,342,1,1,0,1,2,1,3,1,0,0,0,0,0,0,0,1,0,0,1,0.15,0,0,0
Putrid Leech,12,97,75,11,23,218,2,2,0,1,2,1,2,1,0,0,0,0,0,0,0,1,0,0,2,0.17,0,0,0
Pyre Hound,10,89,61,13,26,199,1,1,0,1,2,1,4,1,0,0,0,0,0,0,0,1,0,0,1,0.14,0,0,0
Pyretic Ritual,14,32,97,11,7,161,1,1,0,1,0,1,2,1,0,0,0,1,0,0,0,0,0,0,1,2.41,1,0,0
Pyrite Spellbomb,16,140,58,10,8,232,0,1,-1,1,0,1,1,1,0,0,0,0,0,0,1,0,0,0,0,0.16,0,0,0
Pyromatics,10,194,0,10,7,221,1,1,0,1,0,1,2,1,0,0,0,1,0,0,0,0,0,0,1,0.15,0,0,0
Qarsi Sadist,12,171,39,11,23,256,1,1,0,1,2,1,2,1,0,0,0,0,0,0,0,1,0,0,1,0.14,0,0,0
Qasali Pridemage,16,173,55,10,21,275,2,2,0,1,2,1,2,1,0,0,0,0,0,0,0,1,0,0,2,1.5,1,0,0
Quag Sickness,13,74,147,17,18,269,1,1,0,1,1,1,3,1,0,0,0,0,0,1,0,0,0,0,1,0.14,0,0,0
Quag Sickness,13,74,147,17,18,269,1,1,0,1,1,1,3,1,0,0,0,0,0,1,0,0,0,0,1,0.14,0,0,0
Quag Vampires,13,279,0,11,24,327,1,1,0,1,2,1,1,1,0,0,0,0,0,0,0,1,0,0,1,0.16,0,0,0
Quarry Hauler,13,150,76,13,16,268,1,1,0,1,1,1,4,1,0,0,0,0,0,0,0,1,0,0,1,0.12,0,0,0
Queen's Agent,13,251,0,13,24,301,1,1,0,1,2,1,6,1,0,0,0,0,0,0,0,1,0,0,1,0.13,0,0,0
Queen's Bay Soldier,19,0,179,13,26,237,1,1,0,1,2,1,2,1,0,0,0,0,0,0,0,1,0,0,1,0.13,0,0,0
Queen's Commission,18,59,150,9,7,243,1,1,0,1,0,1,3,1,0,0,0,0,1,0,0,0,0,0,1,0.13,0,0,0
Quenchable Fire,15,181,39,23,7,265,1,2,-1,1,0,1,4,1,0,0,0,0,1,0,0,0,0,0,1,0.15,0,0,0
Quickchange,11,90,143,19,7,270,1,1,0,1,0,1,2,1,0,0,0,1,0,0,0,0,0,0,1,0.16,0,0,0
Quicksand,9,128,63,12,4,216,0,0,0,1,0,1,0,1,0,0,0,0,0,0,0,0,1,0,0,0.15,0,0,0
Quicksilver Behemoth,20,227,0,17,16,280,1,1,0,1,1,1,7,1,0,0,0,0,0,0,0,1,0,0,1,0.14,0,0,0
Quicksilver Geyser,18,66,74,10,7,175,1,1,0,1,0,1,5,1,0,0,0,1,0,0,0,0,0,0,1,0.12,0,0,0
Quiet Disrepair,15,127,96,10,18,266,1,1,0,1,1,1,2,1,0,0,0,0,0,1,0,0,0,0,1,0.16,0,0,0
Quiet Purity,12,27,189,10,16,254,1,1,0,1,1,1,1,1,0,0,0,1,0,0,0,0,0,0,1,0.16,0,0,0
Quilled Wolf,12,50,136,18,15,231,1,1,0,1,1,1,2,1,0,0,0,0,0,0,0,1,0,0,1,0.14,0,0,0
Quillmane Baku,14,218,0,12,17,261,1,1,0,1,1,1,5,1,0,0,0,0,0,0,0,1,0,0,1,0.15,0,0,0
Quill-Slinger Boggart,21,80,127,11,25,264,1,1,0,1,2,1,4,1,0,0,0,0,0,0,0,1,0,0,1,0.15,0,0,0
Rabid Bite,10,97,81,13,7,208,1,1,0,1,0,1,2,1,0,0,0,0,1,0,0,0,0,0,1,0.15,0,0,0
Rabid Bloodsucker,17,154,92,12,18,293,1,1,0,1,1,1,5,1,0,0,0,0,0,0,0,1,0,0,1,0.14,0,0,0
Radiant Fountain,16,94,91,13,4,218,0,0,0,1,0,1,0,1,0,0,0,0,0,0,0,0,1,0,0,0.23,0,0,0
Rag Dealer,10,68,171,13,22,284,1,1,0,1,2,1,1,1,0,0,0,0,0,0,0,1,0,0,1,0.15,0,0,0
Rage of Purphoros,17,188,0,15,7,227,1,1,0,1,0,1,5,1,0,0,0,0,1,0,0,0,0,0,1,0.13,0,0,0
Ragged Veins,12,104,0,6,18,140,1,1,0,1,1,1,2,1,0,0,0,0,0,1,0,0,0,0,1,0.16,0,0,0
Raging Goblin,13,80,76,13,27,209,1,1,0,1,2,1,1,1,0,0,0,0,0,0,0,1,0,0,1,0.16,0,0,0
Raging Goblin,13,80,76,13,27,209,1,1,0,1,2,1,1,1,0,0,0,0,0,0,0,1,0,0,1,0.17,0,0,0
Raging Goblin,13,80,76,13,27,209,1,1,0,1,2,1,1,1,0,0,0,0,0,0,0,1,0,0,1,0.17,0,0,0
Raging Goblin,13,80,76,13,27,209,1,1,0,1,2,1,1,1,0,0,0,0,0,0,0,1,0,0,1,0.17,0,0,0
Raging Poltergeist,18,0,106,15,17,156,1,1,0,1,1,1,5,1,0,0,0,0,0,0,0,1,0,0,1,0.13,0,0,0
Raid Bombardment,16,114,80,12,11,233,1,1,0,1,0,1,3,1,0,0,0,0,0,1,0,0,0,0,1,0.17,0,0,0
Rain of Embers,14,63,122,14,7,220,1,1,0,1,0,1,2,1,0,0,0,0,1,0,0,0,0,0,1,0.15,0,0,0
Rain of Rust,12,120,115,15,7,269,1,1,0,1,0,1,5,1,0,0,0,1,0,0,0,0,0,0,2,0.14,0,0,0
Raise Dead,10,61,48,14,7,140,1,1,0,1,0,1,1,1,0,0,0,0,1,0,0,0,0,0,1,0.16,0,0,0
Raise Dead,10,61,48,14,7,140,1,1,0,1,0,1,1,1,0,0,0,0,1,0,0,0,0,0,1,0.16,0,0,0
Raise the Alarm,15,45,76,12,7,155,1,1,0,1,0,1,2,1,0,0,0,1,0,0,0,0,0,0,1,0.16,0,0,0
Raise the Alarm,15,45,86,11,7,164,1,1,0,1,0,1,2,1,0,0,0,1,0,0,0,0,0,0,1,0.21,0,0,0
Rakdos Carnarium,16,175,0,9,4,204,0,2,-2,1,0,1,0,1,0,0,0,0,0,0,0,0,1,0,0,0.25,0,0,0
Rakdos Cluestone,16,92,44,12,8,172,0,2,-2,1,0,1,3,1,0,0,0,0,0,0,1,0,0,0,0,0.14,0,0,0
Rakdos Drake,12,149,74,13,16,264,1,1,0,1,1,1,3,1,0,0,0,0,0,0,0,1,0,0,1,0.14,0,0,0
Rakdos Guildgate,16,86,80,10,11,203,0,2,-2,1,1,1,0,1,0,0,0,0,0,0,0,0,1,0,0,0.16,0,0,0
Rakdos Guildgate,16,86,107,10,11,230,0,2,-2,1,1,1,0,1,0,0,0,0,0,0,0,0,1,0,0,0.16,0,0,0
Rakdos Ickspitter,17,101,139,16,17,290,2,2,0,1,1,1,3,1,0,0,0,0,0,0,0,1,0,0,2,0.16,0,0,0
Rakdos Shred-Freak,18,5,105,14,26,168,2,2,0,1,2,1,2,1,0,0,0,0,0,0,0,1,0,0,2,0.15,0,0,0
Rakdos Signet,13,39,119,16,8,195,0,2,-2,1,0,1,2,1,0,0,0,0,0,0,1,0,0,0,0,0.31,0,0,0
Rakeclaw Gargantuan,19,82,89,13,16,219,3,3,0,1,1,1,5,1,0,0,0,0,0,0,0,1,0,0,3,0.15,0,0,0
Rakshasa's Disdain,18,84,60,12,7,181,1,1,0,1,0,1,3,1,0,0,0,1,0,0,0,0,0,0,1,0.15,0,0,0
Rakshasa's Secret,17,94,91,17,7,226,1,1,0,1,0,1,3,1,0,0,0,0,1,0,0,0,0,0,1,0.14,0,0,0
Rally the Forces,16,70,78,15,7,186,1,1,0,1,0,1,3,1,0,0,0,1,0,0,0,0,0,0,1,0.1,0,0,0
Rally the Righteous,19,130,110,9,7,275,2,2,0,1,0,1,3,1,0,0,0,1,0,0,0,0,0,0,2,0.15,0,0,0
Rampaging Hippo,15,58,106,12,16,207,1,1,0,1,1,1,6,1,0,0,0,0,0,0,0,1,0,0,2,0.13,0,0,0
Rampaging Werewolf,18,109,66,8,19,220,1,1,0,1,1,1,4,1,0,0,0,0,0,0,0,1,0,0,0,0.15,0,0,0
Rampant Growth,14,115,39,10,7,185,1,1,0,1,0,1,2,1,0,0,0,0,1,0,0,0,0,0,1,0.18,0,0,0
Rampant Growth,14,115,39,10,7,185,1,1,0,1,0,1,2,1,0,0,0,0,1,0,0,0,0,0,1,0.18,0,0,0
Rampant Growth,14,115,39,15,7,190,1,1,0,1,0,1,2,1,0,0,0,0,1,0,0,0,0,0,1,0.18,0,0,0
Rampant Growth,14,115,39,15,7,190,1,1,0,1,0,1,2,1,0,0,0,0,1,0,0,0,0,0,1,0.18,0,0,0
Rampant Growth,14,115,39,15,7,190,1,1,0,1,0,1,2,1,0,0,0,0,1,0,0,0,0,0,1,0.19,0,0,0
Rancid Rats,11,155,44,16,21,247,1,1,0,1,2,1,2,1,0,0,0,0,0,0,0,1,0,0,1,0.15,0,0,0
Ranger's Guile,14,148,79,14,7,262,1,1,0,1,0,1,1,1,0,0,0,1,0,0,0,0,0,0,1,0.14,0,0,0
Ranger's Guile,14,148,102,14,7,285,1,1,0,1,0,1,1,1,0,0,0,1,0,0,0,0,0,0,1,0.15,0,0,0
Ranger's Guile,14,148,79,14,7,262,1,1,0,1,0,1,1,1,0,0,0,1,0,0,0,0,0,0,1,0.15,0,0,0
Ranger's Path,13,115,82,16,7,233,1,1,0,1,0,1,4,1,0,0,0,0,1,0,0,0,0,0,1,0.14,0,0,0
Raptor Companion,16,0,93,15,19,143,1,1,0,1,1,1,2,1,0,0,0,0,0,0,0,1,0,0,1,0.14,0,0,0
Rathi Trapper,13,30,137,12,28,220,1,1,0,1,3,1,2,1,0,0,0,0,0,0,0,1,0,0,1,0.15,0,0,0
Rattleblaze Scarecrow,21,290,0,15,29,355,0,0,0,2,1,1,6,1,0,0,0,0,0,0,1,1,0,0,0,0.15,0,0,0
Ravenous Daggertooth,20,72,80,12,19,203,1,1,0,1,1,1,3,1,0,0,0,0,0,0,0,1,0,0,1,0.14,0,0,0
Ravenous Leucrocota,19,125,79,19,16,258,1,1,0,1,1,1,4,1,0,0,0,0,0,0,0,1,0,0,1,0.14,0,0,0
Ravenous Rats,13,75,60,14,14,176,1,1,0,1,1,1,2,1,0,0,0,0,0,0,0,1,0,0,1,0.15,0,0,0
Ravenous Rats,13,75,65,14,14,181,1,1,0,1,1,1,2,1,0,0,0,0,0,0,0,1,0,0,1,0.16,0,0,0
Ravenous Rats,13,75,65,15,14,182,1,1,0,1,1,1,2,1,0,0,0,0,0,0,0,1,0,0,1,0.17,0,0,0
Ravenous Rats,13,75,61,14,14,177,1,1,0,1,1,1,2,1,0,0,0,0,0,0,0,1,0,0,1,0.17,0,0,0
Raven's Crime,13,148,52,11,7,231,1,1,0,1,0,1,1,1,0,0,0,0,1,0,0,0,0,0,1,0.9,0,0,0
Raven's Run Dragoon,19,56,159,11,21,266,2,2,0,1,2,1,4,1,0,0,0,0,0,0,0,1,0,0,2,0.15,0,0,0
Raving Oni-Slave,16,117,0,10,23,166,1,1,0,1,2,1,2,1,0,0,0,0,0,0,0,1,0,0,1,0.15,0,0,0
Ray of Dissolution,18,44,66,14,7,149,1,1,0,1,0,1,3,1,0,0,0,1,0,0,0,0,0,0,1,0.14,0,0,0
Ray of Revelation,17,125,126,12,7,287,1,2,-1,1,0,1,2,1,0,0,0,1,0,0,0,0,0,0,1,0.16,0,0,0
Razor Barrier,13,112,59,11,7,202,1,1,0,1,0,1,2,1,0,0,0,1,0,0,0,0,0,0,1,0.15,0,0,0
Razor Golem,11,94,106,19,25,255,0,0,0,2,1,1,6,1,0,0,0,0,0,0,1,1,0,0,0,0.16,0,0,0
Razor Swine,11,138,84,11,15,259,1,1,0,1,1,1,3,1,0,0,0,0,0,0,0,1,0,0,1,0.14,0,0,0
Razorfield Rhino,16,88,89,12,25,230,0,0,0,2,1,1,6,1,0,0,0,0,0,0,1,1,0,0,0,0.12,0,0,0
Razorfield Thresher,19,0,112,13,29,173,0,0,0,2,1,1,7,1,0,0,0,0,0,0,1,1,0,0,0,0.12,0,0,0
Razorfoot Griffin,17,169,108,12,18,324,1,1,0,1,1,1,4,1,0,0,0,0,0,0,0,1,0,0,1,0.14,0,0,0
Razorfoot Griffin,17,169,0,12,18,216,1,1,0,1,1,1,4,1,0,0,0,0,0,0,0,1,0,0,1,0.15,0,0,0
Razorfoot Griffin,17,169,108,12,18,324,1,1,0,1,1,1,4,1,0,0,0,0,0,0,0,1,0,0,1,0.15,0,0,0
Razorgrass Screen,17,84,53,13,24,191,0,0,0,2,1,1,1,1,0,0,0,0,0,0,1,1,0,0,0,0.14,0,0,0
Razortip Whip,13,58,99,11,8,189,0,0,0,1,0,1,2,1,0,0,0,0,0,0,1,0,0,0,0,0.14,0,0,0
Razortooth Rats,15,90,91,14,14,224,1,1,0,1,1,1,3,1,0,0,0,0,0,0,0,1,0,0,1,0.16,0,0,0
Reach of Shadows,16,50,140,7,7,220,1,1,0,1,0,1,5,1,0,0,0,1,0,0,0,0,0,0,1,0.14,0,0,0
Reach Through Mists,19,12,186,17,16,250,1,1,0,1,1,1,1,1,0,0,0,1,0,0,0,0,0,0,1,0.16,0,0,0
Read the Bones,14,193,49,15,7,278,1,1,0,1,0,1,3,1,0,0,0,0,1,0,0,0,0,0,1,0.15,0,0,0
Read the Bones,14,193,49,15,7,278,1,1,0,1,0,1,3,1,0,0,0,0,1,0,0,0,0,0,1,0.16,0,0,0
Reality Acid,12,290,0,10,18,330,1,1,0,1,1,1,3,1,0,0,0,0,0,1,0,0,0,0,1,0.18,0,0,0
Reality Hemorrhage,18,96,65,12,7,198,0,1,-1,1,0,1,2,1,0,0,0,1,0,0,0,0,0,0,1,0.14,0,0,0
Reap and Sow,12,195,0,13,7,227,1,1,0,1,0,1,4,1,0,0,0,0,1,0,0,0,0,0,1,0.15,0,0,0
Reap the Seagraf,16,142,84,11,7,260,1,2,-1,1,0,1,3,1,0,0,0,0,1,0,0,0,0,0,1,0.14,0,0,0
Reave Soul,10,45,76,13,7,151,1,1,0,1,0,1,2,1,0,0,0,0,1,0,0,0,0,0,1,0.15,0,0,0
Rebuke,6,34,134,13,7,194,1,1,0,1,0,1,3,1,0,0,0,1,0,0,0,0,0,0,1,0.13,0,0,0
Reckless Brute,14,124,72,12,23,245,1,1,0,1,2,1,3,1,0,0,0,0,0,0,0,1,0,0,1,0.14,0,0,0
Reckless Cohort,15,76,81,11,29,212,1,1,0,1,3,1,2,1,0,0,0,0,0,0,0,1,0,0,1,0.12,0,0,0
Reckless Fireweaver,19,116,120,20,26,301,1,1,0,1,2,1,2,1,0,0,0,0,0,0,0,1,0,0,1,0.14,0,0,0
Reckless Imp,12,214,0,19,14,259,1,1,0,1,1,1,3,1,0,0,0,0,0,0,0,1,0,0,1,0.14,0,0,0
Reckless Reveler,16,57,167,9,16,265,1,1,0,1,1,1,2,1,0,0,0,0,0,0,0,1,0,0,1,0.13,0,0,0
Reckless Scholar,16,54,55,14,23,162,1,1,0,1,2,1,3,1,0,0,0,0,0,0,0,1,0,0,1,0.14,0,0,0
Reclaim,7,59,76,15,7,164,1,1,0,1,0,1,1,1,0,0,0,1,0,0,0,0,0,0,1,0.15,0,0,0
Reclaim,7,59,76,15,7,164,1,1,0,1,0,1,1,1,0,0,0,1,0,0,0,0,0,0,1,0.15,0,0,0
Reclaim,7,59,76,15,7,164,1,1,0,1,0,1,1,1,0,0,0,1,0,0,0,0,0,0,1,0.15,0,0,0
Reclaiming Vines,16,46,55,18,7,142,1,1,0,1,0,1,4,1,0,0,0,0,1,0,0,0,0,0,2,0.13,0,0,0
Recover,7,74,95,15,7,198,1,1,0,1,0,1,3,1,0,0,0,0,1,0,0,0,0,0,1,0.16,0,0,0
Recumbent Bliss,15,112,74,13,18,232,1,1,0,1,1,1,3,1,0,0,0,0,0,1,0,0,0,0,1,0.17,0,0,0
Redeem,6,79,83,20,7,195,1,1,0,1,0,1,2,1,0,0,0,1,0,0,0,0,0,0,1,0.16,0,0,0
Reduce in Stature,17,69,62,9,18,175,1,1,0,1,1,1,3,1,0,0,0,0,0,1,0,0,0,0,1,0.14,0,0,0
Reduce to Ashes,15,106,145,14,7,287,1,1,0,1,0,1,5,1,0,0,0,0,1,0,0,0,0,0,1,0.14,0,0,0
Reflex Sliver,13,32,153,12,17,227,1,1,0,1,1,1,4,1,0,0,0,0,0,0,0,1,0,0,1,0.17,0,0,0
Reflexes,8,215,74,11,18,326,1,1,0,1,1,1,1,1,0,0,0,0,0,1,0,0,0,0,1,0.15,0,0,0
Reflexes,8,215,0,15,18,256,1,1,0,1,1,1,1,1,0,0,0,0,0,1,0,0,0,0,1,0.15,0,0,0
Refocus,7,35,80,10,7,139,1,1,0,1,0,1,2,1,0,0,0,1,0,0,0,0,0,0,1,0.14,0,0,0
Regathan Firecat,16,0,129,13,24,182,1,1,0,1,2,1,3,1,0,0,0,0,0,0,0,1,0,0,1,0.14,0,0,0
Regenerate,10,167,91,12,7,287,1,1,0,1,0,1,2,1,0,0,0,1,0,0,0,0,0,0,1,0.15,0,0,0
Regeneration,12,290,61,8,18,389,1,1,0,1,1,1,2,1,0,0,0,0,0,1,0,0,0,0,1,0.14,0,0,0
Regress,7,44,116,14,7,188,1,1,0,1,0,1,3,1,0,0,0,1,0,0,0,0,0,0,1,0.14,0,0,0
Regress,7,44,132,4,7,194,1,1,0,1,0,1,3,1,0,0,0,1,0,0,0,0,0,0,1,0.15,0,0,0
Reinforced Bulwark,18,77,57,13,24,189,0,0,0,2,1,1,3,1,0,0,0,0,0,0,1,1,0,0,0,0.15,0,0,0
Reins of the Vinesteed,22,225,0,11,18,276,1,1,0,1,1,1,4,1,0,0,0,0,0,1,0,0,0,0,1,0.15,0,0,0
Relic Crush,11,90,53,15,7,176,1,1,0,1,0,1,5,1,0,0,0,1,0,0,0,0,0,0,1,0.15,0,0,0
Relic of Progenitus,19,141,88,23,8,279,0,0,0,1,0,1,1,1,0,0,0,0,0,0,1,0,0,0,0,4.33,1,0,0
Relic Putrescence,17,98,107,14,18,254,1,1,0,1,1,1,3,1,0,0,0,0,0,1,0,0,0,0,1,0.13,0,0,0
Remember the Fallen,19,148,77,14,7,265,1,1,0,1,0,1,3,1,0,0,0,0,1,0,0,0,0,0,1,0.15,0,0,0
Remove Soul,11,30,0,8,7,56,1,1,0,1,0,1,2,1,0,0,0,1,0,0,0,0,0,0,1,0.16,0,0,0
Remove Soul,11,30,63,8,7,119,1,1,0,1,0,1,2,1,0,0,0,1,0,0,0,0,0,0,1,0.16,0,0,0
Remove Soul,11,30,63,8,7,119,1,1,0,1,0,1,2,1,0,0,0,1,0,0,0,0,0,0,1,0.18,0,0,0
Rend Flesh,10,35,170,14,16,245,1,1,0,1,1,1,3,1,0,0,0,1,0,0,0,0,0,0,1,0.27,0,0,0
Rend Spirit,11,22,215,14,7,269,1,1,0,1,0,1,3,1,0,0,0,1,0,0,0,0,0,0,1,0.15,0,0,0
Rendclaw Trow,13,223,0,11,16,263,2,2,0,1,1,1,3,1,0,0,0,0,0,0,0,1,0,0,1,0.2,0,0,0
Rending Vines,13,137,0,11,16,177,1,1,0,1,1,1,3,1,0,0,0,1,0,0,0,0,0,0,2,0.16,0,0,0
Renegade Demon,14,0,121,16,16,167,1,1,0,1,1,1,5,1,0,0,0,0,0,0,0,1,0,0,2,0.14,0,0,0
Renegade Freighter,18,225,0,4,18,265,0,0,0,1,1,1,3,1,0,0,0,0,0,0,1,0,0,0,0,0.14,0,0,0
Renegade Map,12,176,76,12,8,284,0,0,0,1,0,1,1,1,0,0,0,0,0,0,1,0,0,0,0,0.15,0,0,0
Renegade Tactics,16,51,96,13,7,183,1,1,0,1,0,1,1,1,0,0,0,0,1,0,0,0,0,0,1,0.13,0,0,0
Renegade's Getaway,18,243,36,8,7,312,1,1,0,1,0,1,3,1,0,0,0,1,0,0,0,0,0,0,1,0.12,0,0,0
Renowned Weaver,15,137,93,15,23,283,1,1,0,1,2,1,1,1,0,0,0,0,0,0,0,1,0,0,1,0.15,0,0,0
Repeal,6,92,78,9,7,192,1,1,0,1,0,1,1,1,0,0,0,1,0,0,0,0,0,0,1,0.19,0,0,0
Repel the Darkness,18,44,75,10,7,154,1,1,0,1,0,1,3,1,0,0,0,1,0,0,0,0,0,0,1,0.14,0,0,0
Research Assistant,18,46,117,15,23,219,1,1,0,1,2,1,2,1,0,0,0,0,0,0,0,1,0,0,1,0.14,0,0,0
Reservoir Walker,16,104,73,12,29,234,0,0,0,2,1,1,5,1,0,0,0,0,0,0,1,1,0,0,0,0.12,0,0,0
Resounding Roar,15,192,0,14,7,228,1,3,-2,1,0,1,2,1,0,0,0,1,0,0,0,0,0,0,1,0.15,0,0,0
Resounding Scream,17,187,0,14,7,225,1,3,-2,1,0,1,3,1,0,0,0,0,1,0,0,0,0,0,1,0.15,0,0,0
Resounding Silence,18,180,0,8,7,213,1,3,-2,1,0,1,4,1,0,0,0,1,0,0,0,0,0,0,1,0.16,0,0,0
Resounding Thunder,18,215,0,10,7,250,1,3,-2,1,0,1,3,1,0,0,0,1,0,0,0,0,0,0,1,0.17,0,0,0
Resounding Wave,15,198,0,4,7,224,1,3,-2,1,0,1,3,1,0,0,0,1,0,0,0,0,0,0,1,0.16,0,0,0
Resourceful Return,18,102,113,12,7,252,1,1,0,1,0,1,2,1,0,0,0,0,1,0,0,0,0,0,1,0.12,0,0,0
Rest for the Weary,18,142,75,11,7,253,1,1,0,1,0,1,2,1,0,0,0,1,0,0,0,0,0,0,1,0.27,0,0,0
Restless Bones,14,166,133,11,19,343,1,1,0,1,1,1,3,1,0,0,0,0,0,0,0,1,0,0,1,0.15,0,0,0
Resupply,8,29,118,14,7,176,1,1,0,1,0,1,6,1,0,0,0,1,0,0,0,0,0,0,1,0.15,0,0,0
Retraction Helix,16,100,105,12,7,240,1,1,0,1,0,1,1,1,0,0,0,1,0,0,0,0,0,0,1,0.16,0,0,0
Return to the Earth,19,62,184,12,7,284,1,1,0,1,0,1,4,1,0,0,0,1,0,0,0,0,0,0,1,0.15,0,0,0
Returned Centaur,16,132,109,14,25,296,1,1,0,1,2,1,4,1,0,0,0,0,0,0,0,1,0,0,1,0.13,0,0,0
Returned Centaur,16,132,109,14,25,296,1,1,0,1,2,1,4,1,0,0,0,0,0,0,0,1,0,0,1,0.14,0,0,0
Returned Phalanx,16,89,105,12,25,247,1,2,-1,1,2,1,2,1,0,0,0,0,0,0,0,1,0,0,1,0.14,0,0,0
Returned Reveler,16,113,65,14,23,231,1,1,0,1,2,1,2,1,0,0,0,0,0,0,0,1,0,0,1,0.14,0,0,0
Revealing Wind,14,126,85,12,7,244,1,1,0,1,0,1,3,1,0,0,0,1,0,0,0,0,0,0,1,0.15,0,0,0
Revered Dead,12,29,162,10,25,238,1,1,0,1,2,1,2,1,0,0,0,0,0,0,0,1,0,0,1,0.15,0,0,0
Reviving Dose,13,29,147,20,7,216,1,1,0,1,0,1,3,1,0,0,0,1,0,0,0,0,0,0,1,0.15,0,0,0
Revoke Existence,16,37,133,14,7,207,1,1,0,1,0,1,2,1,0,0,0,0,1,0,0,0,0,0,1,0.15,0,0,0
Revoke Existence,16,37,98,13,7,171,1,1,0,1,0,1,2,1,0,0,0,0,1,0,0,0,0,0,1,0.15,0,0,0
Revoke Privileges,17,74,74,11,18,194,1,1,0,1,1,1,3,1,0,0,0,0,0,1,0,0,0,0,1,0.1,0,0,0
Revolutionary Rebuff,20,64,118,11,7,220,1,1,0,1,0,1,2,1,0,0,0,1,0,0,0,0,0,0,1,0.14,0,0,0
Rhet-Crop Spearmaster,21,182,86,9,24,322,1,1,0,1,2,1,3,1,0,0,0,0,0,0,0,1,0,0,1,0.14,0,0,0
Rhonas's Stalwart,17,220,20,9,24,290,1,1,0,1,2,1,2,1,0,0,0,0,0,0,0,1,0,0,1,0.12,0,0,0
Rhox Bodyguard,14,161,52,13,29,269,2,2,0,1,3,1,5,1,0,0,0,0,0,0,0,1,0,0,2,0.15,0,0,0
Rhox Brute,10,0,177,16,24,227,2,2,0,1,2,1,4,1,0,0,0,0,0,0,0,1,0,0,2,0.15,0,0,0
Rhox Maulers,12,245,0,12,24,293,1,1,0,1,2,1,5,1,0,0,0,0,0,0,0,1,0,0,1,0.14,0,0,0
Rhox Meditant,13,89,65,15,21,203,1,1,0,1,2,1,4,1,0,0,0,0,0,0,0,1,0,0,1,0.15,0,0,0
Ribbons of the Reikai,21,40,190,17,16,284,1,1,0,1,1,1,5,1,0,0,0,0,1,0,0,0,0,0,1,0.15,0,0,0
Riddle of Lightning,19,335,0,11,7,372,1,1,0,1,0,1,5,1,0,0,0,1,0,0,0,0,0,0,2,0.15,0,0,0
Ridge Rannet,12,50,95,10,16,183,1,1,0,1,1,1,7,1,0,0,0,0,0,0,0,1,0,0,2,0.16,0,0,0
Ridged Kusite,13,97,128,7,29,274,1,1,0,1,2,1,1,1,0,0,0,0,0,0,0,1,0,0,1,0.14,0,0,0
Ridgeline Rager,15,50,88,6,16,175,1,1,0,1,1,1,3,1,0,0,0,0,0,0,0,1,0,0,1,0.15,0,0,0
Rift Bolt,9,289,0,14,7,319,1,1,0,1,0,1,3,1,0,0,0,0,1,0,0,0,0,0,1,1.5,1,0,0
Rift Elemental,14,130,83,10,20,257,1,1,0,1,1,1,1,1,0,0,0,0,0,0,0,1,0,0,1,0.16,0,0,0
Righteous Blow,14,71,92,13,7,197,1,1,0,1,0,1,1,1,0,0,0,1,0,0,0,0,0,0,1,0.14,0,0,0
Rile,4,111,52,13,7,187,1,1,0,1,0,1,1,1,0,0,0,0,1,0,0,0,0,0,1,0.13,0,0,0
Rimebound Dead,14,86,188,12,24,324,1,1,0,1,1,1,1,1,0,0,0,0,0,0,0,1,0,0,1,0.15,0,0,0
Rimewind Taskmage,17,120,112,10,23,282,1,1,0,1,2,1,2,1,0,0,0,0,0,0,0,1,0,0,1,0.15,0,0,0
Ringskipper,11,281,0,14,24,330,1,1,0,1,2,1,2,1,0,0,0,0,0,0,0,1,0,0,1,0.15,0,0,0
Ringwarden Owl,14,174,55,12,15,270,1,1,0,1,1,1,5,1,0,0,0,0,0,0,0,1,0,0,2,0.13,0,0,0
Riot Control,12,114,82,15,7,230,1,1,0,1,0,1,3,1,0,0,0,1,0,0,0,0,0,0,1,0.16,0,0,0
Riot Devils,11,0,144,15,16,186,1,1,0,1,1,1,3,1,0,0,0,0,0,0,0,1,0,0,1,0.14,0,0,0
Riot Gear,9,110,53,9,20,201,0,0,0,1,1,1,2,1,0,0,0,0,0,0,1,0,0,0,0,0.14,0,0,0
Riot Piker,10,52,140,19,27,248,1,1,0,1,2,1,2,1,0,0,0,0,0,0,0,1,0,0,1,0.14,0,0,0
Riot Ringleader,15,90,74,14,24,217,1,1,0,1,2,1,3,1,0,0,0,0,0,0,0,1,0,0,1,0.14,0,0,0
Riot Spikes,11,91,158,19,18,297,2,2,0,1,1,1,1,1,0,0,0,0,0,1,0,0,0,0,1,0.15,0,0,0
Riparian Tiger,14,186,0,13,14,227,1,1,0,1,1,1,5,1,0,0,0,0,0,0,0,1,0,0,2,0.12,0,0,0
Rip-Clan Crasher,16,5,76,12,24,133,2,2,0,1,2,1,2,1,0,0,0,0,0,0,0,1,0,0,2,0.16,0,0,0
Rise of Eagles,14,166,56,12,7,255,1,1,0,1,0,1,6,1,0,0,0,0,1,0,0,0,0,0,2,0.15,0,0,0
Rise to the Challenge,21,68,143,15,7,254,1,1,0,1,0,1,2,1,0,0,0,1,0,0,0,0,0,0,1,0.14,0,0,0
Rite of Consumption,19,214,0,11,7,251,1,1,0,1,0,1,2,1,0,0,0,0,1,0,0,0,0,0,1,0.7,0,0,0
Rite of Flame,13,113,87,11,7,231,1,1,0,1,0,1,1,1,0,0,0,0,1,0,0,0,0,0,1,1.09,1,0,0
Rite of the Serpent,19,109,80,12,7,227,1,1,0,1,0,1,6,1,0,0,0,0,1,0,0,0,0,0,2,0.14,0,0,0
Ritual of Rejuvenation,22,29,113,18,7,189,1,1,0,1,0,1,3,1,0,0,0,1,0,0,0,0,0,0,1,0.13,0,0,0
Ritual of Restoration,21,61,120,11,7,220,1,1,0,1,0,1,1,1,0,0,0,0,1,0,0,0,0,0,1,0.14,0,0,0
River Heralds' Boon,19,87,57,12,7,182,1,1,0,1,0,1,2,1,0,0,0,1,0,0,0,0,0,0,1,0.12,0,0,0
River Kaijin,12,0,219,12,17,260,1,1,0,1,1,1,3,1,0,0,0,0,0,0,0,1,0,0,1,0.15,0,0,0
River Serpent,13,132,72,19,18,254,1,1,0,1,1,1,6,1,0,0,0,0,0,0,0,1,0,0,1,0.14,0,0,0
Riverfall Mimic,15,150,92,15,23,295,2,2,0,1,1,1,2,1,0,0,0,0,0,0,0,1,0,0,1,0.15,0,0,0
Roar of Jukai,13,267,0,11,16,307,1,1,0,1,1,1,3,1,0,0,0,1,0,0,0,0,0,0,1,0.16,0,0,0
Roar of the Crowd,17,149,94,11,7,278,1,1,0,1,0,1,4,1,0,0,0,0,1,0,0,0,0,0,1,0.15,0,0,0
Robe of Mirrors,15,194,116,19,18,362,1,1,0,1,1,1,1,1,0,0,0,0,0,1,0,0,0,0,1,0.17,0,0,0
Rock Badger,11,94,160,14,23,302,1,1,0,1,2,1,5,1,0,0,0,0,0,0,0,1,0,0,1,0.16,0,0,0
Rogue Kavu,10,67,71,13,15,176,1,1,0,1,1,1,2,1,0,0,0,0,0,0,0,1,0,0,1,0.15,0,0,0
Roiling Terrain,15,142,109,14,7,287,1,1,0,1,0,1,4,1,0,0,0,0,1,0,0,0,0,0,2,0.17,0,0,0
Roilmage's Trick,16,157,81,12,7,273,1,1,0,1,0,1,4,1,0,0,0,1,0,0,0,0,0,0,1,0.12,0,0,0
Ronin Cavekeeper,16,94,90,13,24,237,1,1,0,1,2,1,6,1,0,0,0,0,0,0,0,1,0,0,1,0.15,0,0,0
Ronin Houndmaster,17,100,77,20,24,238,1,1,0,1,2,1,3,1,0,0,0,0,0,0,0,1,0,0,1,0.15,0,0,0
Ronom Hulk,10,192,0,29,16,247,1,1,0,1,1,1,5,1,0,0,0,0,0,0,0,1,0,0,1,0.15,0,0,0
Ronom Serpent,13,129,105,11,23,281,1,1,0,1,1,1,6,1,0,0,0,0,0,0,0,1,0,0,1,0.15,0,0,0
Ronom Unicorn,13,52,107,14,18,204,1,1,0,1,1,1,2,1,0,0,0,0,0,0,0,1,0,0,1,0.17,0,0,0
Roofstalker Wight,17,57,58,9,17,158,1,2,-1,1,1,1,2,1,0,0,0,0,0,0,0,1,0,0,1,0.15,0,0,0
Root Out,8,143,0,16,7,174,1,1,0,1,0,1,3,1,0,0,0,0,1,0,0,0,0,0,1,0.14,0,0,0
Rootborn Defenses,17,147,0,8,7,179,1,1,0,1,0,1,3,1,0,0,0,1,0,0,0,0,0,0,1,0.15,0,0,0
Rootgrapple,11,77,150,12,25,275,1,1,0,2,1,1,5,1,0,0,0,1,0,0,0,0,0,0,1,0.16,0,0,0
Rootwalla,9,90,99,11,17,226,1,1,0,1,1,1,3,1,0,0,0,0,0,0,0,1,0,0,1,0.15,0,0,0
Rootwalla,9,90,99,11,17,226,1,1,0,1,1,1,3,1,0,0,0,0,0,0,0,1,0,0,1,0.15,0,0,0
Rootwalla,9,90,68,11,17,195,1,1,0,1,1,1,3,1,0,0,0,0,0,0,0,1,0,0,1,0.15,0,0,0
Rootwater Commando,18,91,86,10,18,223,1,1,0,1,1,1,3,1,0,0,0,0,0,0,0,1,0,0,1,0.15,0,0,0
Rot Wolf,8,207,0,9,15,239,1,1,0,1,1,1,3,1,0,0,0,0,0,0,0,1,0,0,1,0.15,0,0,0
Rotcrown Ghoul,14,112,94,12,17,249,1,1,0,1,1,1,5,1,0,0,0,0,0,0,0,1,0,0,1,0.14,0,0,0
Rotfeaster Maggot,17,137,49,13,17,233,1,1,0,1,1,1,5,1,0,0,0,0,0,0,0,1,0,0,1,0.14,0,0,0
Rotted Hulk,11,0,216,16,20,263,1,1,0,1,1,1,4,1,0,0,0,0,0,0,0,1,0,0,1,0.15,0,0,0
Rotted Hystrix,14,0,96,11,16,137,1,1,0,1,1,1,5,1,0,0,0,0,0,0,0,1,0,0,1,0.13,0,0,0
Rottenheart Ghoul,17,59,98,12,17,203,1,1,0,1,1,1,4,1,0,0,0,0,0,0,0,1,0,0,1,0.14,0,0,0
Rotting Fensnake,16,0,85,16,23,140,1,1,0,1,2,1,4,1,0,0,0,0,0,0,0,1,0,0,1,0.13,0,0,0
Rotting Legion,14,45,32,14,17,122,1,1,0,1,1,1,5,1,0,0,0,0,0,0,0,1,0,0,1,0.14,0,0,0
Rotting Mastodon,16,0,217,9,26,268,1,1,0,1,2,1,5,1,0,0,0,0,0,0,0,1,0,0,1,0.14,0,0,0
Rotting Rats,12,280,0,11,21,324,1,1,0,1,2,1,2,1,0,0,0,0,0,0,0,1,0,0,1,0.25,0,0,0
Rouse the Mob,13,164,0,11,7,195,1,1,0,1,0,1,1,1,0,0,0,1,0,0,0,0,0,0,1,0.15,0,0,0
Rubbleback Rhino,16,91,122,12,16,257,1,1,0,1,1,1,5,1,0,0,0,0,0,0,0,1,0,0,1,0.14,0,0,0
Rubblebelt Maaka,16,98,123,13,14,264,1,1,0,1,1,1,4,1,0,0,0,0,0,0,0,1,0,0,1,0.14,0,0,0
Rugged Highlands,16,149,0,10,4,179,0,2,-2,1,0,1,0,1,0,0,0,0,0,0,0,0,1,0,0,0.14,0,0,0
Rugged Highlands,16,149,0,10,4,179,0,2,-2,1,0,1,0,1,0,0,0,0,0,0,0,0,1,0,0,0.16,0,0,0
Ruin Processor,14,134,103,15,28,294,0,0,0,1,2,1,7,1,0,0,0,0,0,0,0,1,0,0,0,0.13,0,0,0
Ruin Rat,8,78,58,13,14,171,1,1,0,1,1,1,2,1,0,0,0,0,0,0,0,1,0,0,1,0.14,0,0,0
Ruination Wurm,14,0,108,12,15,149,2,2,0,1,1,1,6,1,0,0,0,0,0,0,0,1,0,0,2,0.14,0,0,0
Ruinous Gremlin,15,59,125,14,18,231,1,1,0,1,1,1,1,1,0,0,0,0,0,0,0,1,0,0,1,0.1,0,0,0
Ruinous Minotaur,16,72,108,16,27,239,1,1,0,1,2,1,3,1,0,0,0,0,0,0,0,1,0,0,2,0.14,0,0,0
Rumbling Baloth,15,0,176,13,16,220,1,1,0,1,1,1,4,1,0,0,0,0,0,0,0,1,0,0,2,0.14,0,0,0
Rummaging Goblin,16,33,85,13,23,170,1,1,0,1,2,1,3,1,0,0,0,0,0,0,0,1,0,0,1,0.14,0,0,0
Rummaging Goblin,16,33,85,13,23,170,1,1,0,1,2,1,3,1,0,0,0,0,0,0,0,1,0,0,1,0.14,0,0,0
Rummaging Goblin,16,33,127,15,23,214,1,1,0,1,2,1,3,1,0,0,0,0,0,0,0,1,0,0,1,0.14,0,0,0
Run Aground,11,62,82,12,7,174,1,1,0,1,0,1,4,1,0,0,0,1,0,0,0,0,0,0,1,0.14,0,0,0
Rune Snag,9,123,104,11,7,254,1,1,0,1,0,1,2,1,0,0,0,1,0,0,0,0,0,0,1,0.67,0,0,0
Runeboggle,10,65,136,11,7,229,1,1,0,1,0,1,3,1,0,0,0,1,0,0,0,0,0,0,1,0.15,0,0,0
Rune-Cervin Rider,17,66,107,9,21,220,1,2,-1,1,2,1,4,1,0,0,0,0,0,0,0,1,0,0,1,0.15,0,0,0
Runeclaw Bear,13,0,160,13,15,201,1,1,0,1,1,1,2,1,0,0,0,0,0,0,0,1,0,0,1,0.14,0,0,0
Runeclaw Bear,13,0,188,13,15,229,1,1,0,1,1,1,2,1,0,0,0,0,0,0,0,1,0,0,1,0.14,0,0,0
Runeclaw Bear,13,0,92,13,15,133,1,1,0,1,1,1,2,1,0,0,0,0,0,0,0,1,0,0,1,0.15,0,0,0
Runeclaw Bear,13,0,71,13,15,112,1,1,0,1,1,1,2,1,0,0,0,0,0,0,0,1,0,0,1,0.15,0,0,0
Runed Stalactite,16,66,124,11,20,237,0,0,0,1,1,1,1,1,0,0,0,0,0,0,1,0,0,0,0,0.15,0,0,0
Runes of the Deus,17,218,0,11,18,264,2,2,0,1,1,1,5,1,0,0,0,0,0,1,0,0,0,0,1,0.21,0,0,0
Runewing,8,39,75,17,15,154,1,1,0,1,1,1,4,1,0,0,0,0,0,0,0,1,0,0,1,0.14,0,0,0
Runner's Bane,13,173,0,13,18,217,1,1,0,1,1,1,2,1,0,0,0,0,0,1,0,0,0,0,1,0.14,0,0,0
Rupture Spire,13,170,0,11,4,198,0,0,0,1,0,1,0,1,0,0,0,0,0,0,0,0,1,0,0,0.21,0,0,0
Rush of Adrenaline,18,63,62,12,7,162,1,1,0,1,0,1,1,1,0,0,0,1,0,0,0,0,0,0,1,0.16,0,0,0
Rush of Battle,14,199,60,9,7,289,1,1,0,1,0,1,4,1,0,0,0,0,1,0,0,0,0,0,1,0.14,0,0,0
Rush of Ice,11,259,0,20,7,297,1,1,0,1,0,1,1,1,0,0,0,0,1,0,0,0,0,0,1,0.13,0,0,0
Rush of Vitality,16,233,38,12,7,306,1,1,0,1,0,1,2,1,0,0,0,1,0,0,0,0,0,0,1,0.12,0,0,0
Rushwood Dryad,14,90,68,13,16,201,1,1,0,1,1,1,2,1,0,0,0,0,0,0,0,1,0,0,1,0.15,0,0,0
Rushwood Dryad,14,90,68,13,16,201,1,1,0,1,1,1,2,1,0,0,0,0,0,0,0,1,0,0,1,0.16,0,0,0
Russet Wolves,13,0,147,19,15,194,1,1,0,1,1,1,4,1,0,0,0,0,0,0,0,1,0,0,1,0.13,0,0,0
Rusted Slasher,14,49,96,12,26,197,0,0,0,2,1,1,4,1,0,0,0,0,0,0,1,1,0,0,0,0.12,0,0,0
Rustrazor Butcher,17,83,110,11,25,246,1,1,0,1,2,1,2,1,0,0,0,0,0,0,0,1,0,0,1,0.16,0,0,0
Ruthless Cullblade,18,73,58,7,26,182,1,1,0,1,2,1,2,1,0,0,0,0,0,0,0,1,0,0,1,0.15,0,0,0
Ruthless Invasion,17,91,100,15,7,230,1,1,0,1,0,1,4,1,0,0,0,0,1,0,0,0,0,0,1,0.14,0,0,0
Saberclaw Golem,15,58,111,11,25,220,0,1,-1,2,1,1,5,1,0,0,0,0,0,0,1,1,0,0,0,0.14,0,0,0
Sabertooth Alley Cat,20,128,47,14,14,223,1,1,0,1,1,1,3,1,0,0,0,0,0,0,0,1,0,0,2,0.15,0,0,0
Sabertooth Outrider,19,172,0,13,24,228,1,1,0,1,2,1,4,1,0,0,0,0,0,0,0,1,0,0,1,0.15,0,0,0
Sabretooth Tiger,16,12,34,19,14,95,1,1,0,1,1,1,3,1,0,0,0,0,0,0,0,1,0,0,1,0.15,0,0,0
Sacred Cat,10,175,0,11,14,210,1,1,0,1,1,1,1,1,0,0,0,0,0,0,0,1,0,0,1,0.21,0,0,0
Sacred Nectar,13,16,175,15,7,226,1,1,0,1,0,1,2,1,0,0,0,0,1,0,0,0,0,0,1,0.15,0,0,0
Sacred Nectar,13,16,175,15,7,226,1,1,0,1,0,1,2,1,0,0,0,0,1,0,0,0,0,0,1,0.15,0,0,0
Sacred Wolf,11,91,118,12,15,247,1,1,0,1,1,1,3,1,0,0,0,0,0,0,0,1,0,0,1,0.15,0,0,0
Sacred Wolf,11,91,118,12,15,247,1,1,0,1,1,1,3,1,0,0,0,0,0,0,0,1,0,0,1,0.15,0,0,0
Saddleback Lagac,16,123,132,10,17,298,1,1,0,1,1,1,4,1,0,0,0,0,0,0,0,1,0,0,1,0.14,0,0,0
Sadistic Augermage,18,104,32,13,23,190,1,1,0,1,2,1,3,1,0,0,0,0,0,0,0,1,0,0,1,0.15,0,0,0
Safe Passage,12,82,77,19,7,197,1,1,0,1,0,1,3,1,0,0,0,1,0,0,0,0,0,0,1,0.14,0,0,0
Safe Passage,12,82,65,19,7,185,1,1,0,1,0,1,3,1,0,0,0,1,0,0,0,0,0,0,1,0.15,0,0,0
Safe Passage,12,82,65,19,7,185,1,1,0,1,0,1,3,1,0,0,0,1,0,0,0,0,0,0,1,0.15,0,0,0
Safehold Duo,12,156,0,4,29,201,2,2,0,1,3,1,4,1,0,0,0,0,0,0,0,1,0,0,1,0.15,0,0,0
Safehold Elite,14,152,54,16,20,256,2,2,0,1,2,1,2,1,0,0,0,0,0,0,0,1,0,0,1,0.42,0,0,0
Safehold Sentry,15,85,197,16,22,335,1,1,0,1,2,1,2,1,0,0,0,0,0,0,0,1,0,0,1,0.15,0,0,0
Safewright Quest,16,113,116,9,7,261,2,2,0,1,0,1,1,1,0,0,0,0,1,0,0,0,0,0,1,0.19,0,0,0
Sage Aven,9,197,0,14,22,242,1,1,0,1,2,1,4,1,0,0,0,0,0,0,0,1,0,0,1,0.15,0,0,0
Sage of Epityr,14,120,148,14,23,319,1,1,0,1,2,1,1,1,0,0,0,0,0,0,0,1,0,0,1,0.35,0,0,0
Sage of Shaila's Claim,22,94,107,11,20,254,1,1,0,1,2,1,2,1,0,0,0,0,0,0,0,1,0,0,1,0.14,0,0,0
Sage Owl,8,121,0,10,15,154,1,1,0,1,1,1,2,1,0,0,0,0,0,0,0,1,0,0,1,0.14,0,0,0
Sage Owl,8,121,52,20,15,216,1,1,0,1,1,1,2,1,0,0,0,0,0,0,0,1,0,0,1,0.15,0,0,0
Sage Owl,8,121,0,10,15,154,1,1,0,1,1,1,2,1,0,0,0,0,0,0,0,1,0,0,1,0.16,0,0,0
Sage-Eye Harrier,16,126,73,11,23,249,1,1,0,1,2,1,5,1,0,0,0,0,0,0,0,1,0,0,1,0.14,0,0,0
Sage's Row Denizen,18,159,85,15,26,303,1,1,0,1,2,1,3,1,0,0,0,0,0,0,0,1,0,0,1,0.14,0,0,0
Sagu Archer,11,174,41,15,22,263,1,1,0,1,2,1,5,1,0,0,0,0,0,0,0,1,0,0,1,0.14,0,0,0
Sailor of Means,15,169,73,13,23,293,1,1,0,1,2,1,3,1,0,0,0,0,0,0,0,1,0,0,1,0.13,0,0,0
Sakura-Tribe Elder,18,142,148,14,23,345,1,1,0,1,2,1,2,1,0,0,0,0,0,0,0,1,0,0,1,0.66,0,0,0
Sakura-Tribe Scout,18,65,204,13,29,329,1,1,0,1,3,1,1,1,0,0,0,0,0,0,0,1,0,0,1,1.41,1,0,0
Sakura-Tribe Springcaller,25,147,0,12,23,207,1,1,0,1,2,1,4,1,0,0,0,0,0,0,0,1,0,0,1,0.17,0,0,0
Salivating Gremlins,19,131,71,19,18,258,1,1,0,1,1,1,3,1,0,0,0,0,0,0,0,1,0,0,1,0.12,0,0,0
Salt Road Patrol,16,94,75,12,22,219,1,1,0,1,2,1,4,1,0,0,0,0,0,0,0,1,0,0,1,0.14,0,0,0
Saltfield Recluse,17,50,141,13,29,250,1,1,0,1,3,1,3,1,0,0,0,0,0,0,0,1,0,0,1,0.15,0,0,0
Saltskitter,11,171,0,6,15,203,1,1,0,1,1,1,4,1,0,0,0,0,0,0,0,1,0,0,1,0.16,0,0,0
Salvage Drone,13,225,0,15,24,277,0,1,-1,1,2,1,1,1,0,0,0,0,0,0,0,1,0,0,1,0.13,0,0,0
Salvage Scout,13,91,115,13,22,254,1,1,0,1,2,1,1,1,0,0,0,0,0,0,0,1,0,0,1,0.14,0,0,0
Salvage Slasher,15,68,114,17,31,245,1,1,0,2,2,1,2,1,0,0,0,0,0,0,1,1,0,0,1,0.15,0,0,0
Samite Censer-Bearer,20,122,108,15,29,294,1,1,0,1,3,1,1,1,0,0,0,0,0,0,0,1,0,0,1,0.16,0,0,0
Samite Healer,13,90,166,14,23,306,1,1,0,1,2,1,2,1,0,0,0,0,0,0,0,1,0,0,1,0.15,0,0,0
Samite Healer,13,90,166,14,23,306,1,1,0,1,2,1,2,1,0,0,0,0,0,0,0,1,0,0,1,0.16,0,0,0
Samite Healer,13,90,166,14,23,306,1,1,0,1,2,1,2,1,0,0,0,0,0,0,0,1,0,0,1,0.16,0,0,0
Sanctified Charge,17,185,56,12,7,277,1,1,0,1,0,1,5,1,0,0,0,1,0,0,0,0,0,0,1,0.14,0,0,0
Sanctuary Cat,13,0,93,13,14,133,1,1,0,1,1,1,1,1,0,0,0,0,0,0,0,1,0,0,1,0.15,0,0,0
Sanctum Gargoyle,16,122,114,10,28,290,1,1,0,2,1,1,4,1,0,0,0,0,0,0,1,1,0,0,1,0.16,0,0,0
Sanctum Plowbeast,17,185,0,17,25,244,2,2,0,2,1,1,6,1,0,0,0,0,0,0,1,1,0,0,2,0.15,0,0,0
Sandblast,9,66,103,12,7,197,1,1,0,1,0,1,3,1,0,0,0,1,0,0,0,0,0,0,1,0.11,0,0,0
Sandblast,9,66,62,7,7,151,1,1,0,1,0,1,3,1,0,0,0,1,0,0,0,0,0,0,1,0.14,0,0,0
Sandcrafter Mage,16,160,88,13,23,300,1,1,0,1,2,1,3,1,0,0,0,0,0,0,0,1,0,0,1,0.14,0,0,0
Sandsteppe Outcast,18,161,0,11,24,214,1,1,0,1,2,1,3,1,0,0,0,0,0,0,0,1,0,0,1,0.14,0,0,0
Sandsteppe Scavenger,20,167,50,13,22,272,1,1,0,1,2,1,5,1,0,0,0,0,0,0,0,1,0,0,1,0.14,0,0,0
Sandstone Bridge,16,191,0,12,4,223,0,1,-1,1,0,1,0,1,0,0,0,0,0,0,0,0,1,0,0,0.14,0,0,0
Sandstone Warrior,17,140,0,15,32,204,1,1,0,1,3,1,4,1,0,0,0,0,0,0,0,1,0,0,2,0.15,0,0,0
Sandstorm Charger,17,157,61,12,16,263,1,1,0,1,1,1,5,1,0,0,0,0,0,0,0,1,0,0,1,0.14,0,0,0
Sandstorm Eidolon,17,179,0,11,17,224,1,1,0,1,1,1,4,1,0,0,0,0,0,0,0,1,0,0,1,0.15,0,0,0
Sangrite Backlash,17,47,130,20,18,232,3,3,0,1,1,1,2,1,0,0,0,0,0,1,0,0,0,0,2,0.15,0,0,0
Sangrophage,11,71,26,12,17,137,1,1,0,1,1,1,2,1,0,0,0,0,0,0,0,1,0,0,2,0.16,0,0,0
Sanguinary Mage,15,92,129,13,25,274,1,1,0,1,2,1,2,1,0,0,0,0,0,0,0,1,0,0,1,0.14,0,0,0
Sanitarium Skeleton,19,68,40,10,19,156,1,1,0,1,1,1,1,1,0,0,0,0,0,0,0,1,0,0,1,0.14,0,0,0
Sarcomite Myr,13,93,134,16,23,279,1,1,0,2,1,1,3,1,0,0,0,0,0,0,1,1,0,0,1,0.16,0,0,0
Sarkhan's Rage,14,124,112,10,7,267,1,1,0,1,0,1,5,1,0,0,0,1,0,0,0,0,0,0,1,0.14,0,0,0
Saruli Gatekeepers,18,98,93,10,22,241,1,1,0,1,2,1,4,1,0,0,0,0,0,0,0,1,0,0,1,0.14,0,0,0
Satyr Grovedancer,17,86,109,14,23,249,1,1,0,1,2,1,2,1,0,0,0,0,0,0,0,1,0,0,1,0.15,0,0,0
Satyr Hedonist,14,63,80,11,16,184,1,2,-1,1,1,1,2,1,0,0,0,0,0,0,0,1,0,0,1,0.14,0,0,0
Satyr Hoplite,13,100,70,8,24,215,1,1,0,1,2,1,1,1,0,0,0,0,0,0,0,1,0,0,1,0.16,0,0,0
Satyr Rambler,13,7,62,11,16,109,1,1,0,1,1,1,2,1,0,0,0,0,0,0,0,1,0,0,1,0.13,0,0,0
Satyr Wayfinder,15,177,79,14,16,301,1,1,0,1,1,1,2,1,0,0,0,0,0,0,0,1,0,0,1,0.14,0,0,0
Satyr Wayfinder,15,177,79,14,16,301,1,1,0,1,1,1,2,1,0,0,0,0,0,0,0,1,0,0,1,0.15,0,0,0
Savage Hunger,13,114,0,14,18,159,1,1,0,1,1,1,3,1,0,0,0,0,0,1,0,0,0,0,1,0.15,0,0,0
Savage Punch,12,203,0,11,7,233,1,1,0,1,0,1,2,1,0,0,0,0,1,0,0,0,0,0,1,0.15,0,0,0
Savage Silhouette,17,90,90,12,18,227,1,1,0,1,1,1,3,1,0,0,0,0,0,1,0,0,0,0,1,0.14,0,0,0
Savage Surge,12,66,59,14,7,158,1,1,0,1,0,1,2,1,0,0,0,1,0,0,0,0,0,0,1,0.14,0,0,0
Savage Thallid,14,214,0,12,17,257,1,1,0,1,1,1,5,1,0,0,0,0,0,0,0,1,0,0,2,0.17,0,0,0
Saving Grasp,12,142,44,12,7,217,1,2,-1,1,0,1,1,1,0,0,0,1,0,0,0,0,0,0,1,0.14,0,0,0
Sawtooth Thresher,17,204,0,12,29,262,0,0,0,2,1,1,6,1,0,0,0,0,0,0,1,1,0,0,0,0.14,0,0,0
Scab-Clan Charger,17,102,68,9,26,222,1,1,0,1,2,1,4,1,0,0,0,0,0,0,0,1,0,0,1,0.14,0,0,0
Scab-Clan Mauler,16,134,67,10,26,253,2,2,0,1,2,1,2,1,0,0,0,0,0,0,0,1,0,0,2,0.16,0,0,0
Scalding Devil,14,55,30,10,16,125,1,1,0,1,1,1,2,1,0,0,0,0,0,0,0,1,0,0,1,0.14,0,0,0
Scaldkin,8,88,103,12,20,231,1,2,-1,1,1,1,4,1,0,0,0,0,0,0,0,1,0,0,1,0.14,0,0,0
Scale of Chiss-Goria,20,146,0,12,8,186,0,0,0,1,0,1,3,1,0,0,0,0,0,0,1,0,0,0,0,0.15,0,0,0
Scaled Hulk,11,85,63,12,17,188,1,1,0,1,1,1,6,1,0,0,0,0,0,0,0,1,0,0,1,0.15,0,0,0
Scaled Wurm,11,0,83,13,15,122,1,1,0,1,1,1,8,1,0,0,0,0,0,0,0,1,0,0,1,0.15,0,0,0
Scar,4,39,171,12,7,233,2,2,0,1,0,1,1,1,0,0,0,1,0,0,0,0,0,0,1,0.18,0,0,0
Scarab Feast,12,106,104,9,7,238,1,1,0,1,0,1,1,1,0,0,0,1,0,0,0,0,0,0,1,0.15,0,0,0
Scarred Vinebreeder,19,96,71,22,21,229,1,1,0,1,2,1,2,1,0,0,0,0,0,0,0,1,0,0,1,0.15,0,0,0
Scarscale Ritual,16,110,72,16,7,221,2,2,0,1,0,1,2,1,0,0,0,0,1,0,0,0,0,0,1,0.17,0,0,0
Scarwood Treefolk,17,48,165,14,19,263,1,1,0,1,1,1,4,1,0,0,0,0,0,0,0,1,0,0,1,0.15,0,0,0
Scathe Zombies,14,0,211,10,17,252,1,1,0,1,1,1,3,1,0,0,0,0,0,0,0,1,0,0,1,0.15,0,0,0
Scathe Zombies,14,0,211,10,17,252,1,1,0,1,1,1,3,1,0,0,0,0,0,0,0,1,0,0,1,0.15,0,0,0
Scathe Zombies,14,0,211,10,17,252,1,1,0,1,1,1,3,1,0,0,0,0,0,0,0,1,0,0,1,0.15,0,0,0
Scatter Arc,11,46,130,16,7,210,1,1,0,1,0,1,4,1,0,0,0,1,0,0,0,0,0,0,1,0.14,0,0,0
Scatter the Seeds,17,198,44,13,7,279,1,1,0,1,0,1,5,1,0,0,0,1,0,0,0,0,0,0,2,0.18,0,0,0
Scattershot Archer,18,68,180,12,21,299,1,1,0,1,2,1,1,1,0,0,0,0,0,0,0,1,0,0,1,1.04,1,0,0
Scavenging Scarab,17,30,128,11,17,203,1,1,0,1,1,1,4,1,0,0,0,0,0,0,0,1,0,0,1,0.14,0,0,0
Scholar of Athreos,18,82,115,16,23,254,1,2,-1,1,2,1,3,1,0,0,0,0,0,0,0,1,0,0,1,0.14,0,0,0
Scion Summoner,14,223,0,12,24,273,0,1,-1,1,2,1,3,1,0,0,0,0,0,0,0,1,0,0,1,0.14,0,0,0
Scorch the Fields,17,77,115,11,7,227,1,1,0,1,0,1,5,1,0,0,0,0,1,0,0,0,0,0,1,0.13,0,0,0
Scorchwalker,12,100,133,15,20,280,1,1,0,1,1,1,4,1,0,0,0,0,0,0,0,1,0,0,1,0.14,0,0,0
Scoria Elemental,16,0,167,13,20,216,1,1,0,1,1,1,5,1,0,0,0,0,0,0,0,1,0,0,1,0.14,0,0,0
Scorned Villager,16,126,48,16,25,231,1,1,0,1,2,1,2,1,0,0,0,0,0,0,0,1,0,0,1,0.15,0,0,0
Scour from Existence,20,23,174,13,7,237,0,0,0,1,0,1,7,1,0,0,0,1,0,0,0,0,0,0,0,0.15,0,0,0
Scoured Barrens,15,147,0,10,4,176,0,2,-2,1,0,1,0,1,0,0,0,0,0,0,0,0,1,0,0,0.16,0,0,0
Scoured Barrens,15,147,0,10,4,176,0,2,-2,1,0,1,0,1,0,0,0,0,0,0,0,0,1,0,0,0.17,0,0,0
Scourge of the Nobilis,22,283,0,9,18,332,2,2,0,1,1,1,3,1,0,0,0,0,0,1,0,0,0,0,1,0.18,0,0,0
Scourge Servant,15,125,100,7,17,264,1,1,0,1,1,1,5,1,0,0,0,0,0,0,0,1,0,0,1,0.13,0,0,0
Scourgemark,11,101,106,15,18,251,1,1,0,1,1,1,2,1,0,0,0,0,0,1,0,0,0,0,1,0.14,0,0,0
Scouring Sands,14,171,69,11,7,272,1,1,0,1,0,1,2,1,0,0,0,0,1,0,0,0,0,0,1,0.15,0,0,0
Scout the Borders,17,144,67,11,7,246,1,1,0,1,0,1,3,1,0,0,0,0,1,0,0,0,0,0,1,0.14,0,0,0
Scrapbasket,11,54,133,14,29,241,0,0,0,2,1,1,4,1,0,0,0,0,0,0,1,1,0,0,0,0.16,0,0,0
Scrapdiver Serpent,18,85,43,12,18,176,1,1,0,1,1,1,7,1,0,0,0,0,0,0,0,1,0,0,2,0.12,0,0,0
Scrapskin Drake,15,135,111,10,23,294,1,1,0,1,2,1,3,1,0,0,0,0,0,0,0,1,0,0,1,0.14,0,0,0
Scrapskin Drake,15,135,110,10,23,293,1,1,0,1,2,1,3,1,0,0,0,0,0,0,0,1,0,0,1,0.14,0,0,0
Scrapyard Mongrel,17,232,31,15,16,311,1,1,0,1,1,1,4,1,0,0,0,0,0,0,0,1,0,0,1,0.14,0,0,0
Scrapyard Salvo,15,102,116,10,7,250,1,1,0,1,0,1,3,1,0,0,0,0,1,0,0,0,0,0,2,0.14,0,0,0
Screaming Fury,14,61,25,20,7,127,1,1,0,1,0,1,3,1,0,0,0,0,1,0,0,0,0,0,1,0.15,0,0,0
Screamreach Brawler,19,181,55,15,24,294,1,1,0,1,2,1,3,1,0,0,0,0,0,0,0,1,0,0,1,0.14,0,0,0
Screeching Griffin,18,69,140,15,18,260,1,2,-1,1,1,1,4,1,0,0,0,0,0,0,0,1,0,0,1,0.15,0,0,0
Screeching Silcaw,17,204,38,11,15,285,1,1,0,1,1,1,2,1,0,0,0,0,0,0,0,1,0,0,1,0.14,0,0,0
Screeching Skaab,16,104,52,13,17,202,1,1,0,1,1,1,2,1,0,0,0,0,0,0,0,1,0,0,1,0.14,0,0,0
Screeching Skaab,16,104,52,13,17,202,1,1,0,1,1,1,2,1,0,0,0,0,0,0,0,1,0,0,1,0.15,0,0,0
Screeching Sliver,17,104,137,14,17,289,1,1,0,1,1,1,1,1,0,0,0,0,0,0,0,1,0,0,1,0.2,0,0,0
Scribe of the Mindful,21,114,72,18,23,248,1,1,0,1,2,1,3,1,0,0,0,0,0,0,0,1,0,0,1,0.12,0,0,0
Scroll of Avacyn,16,87,85,12,8,208,0,0,0,1,0,1,1,1,0,0,0,0,0,0,1,0,0,0,0,0.15,0,0,0
Scroll of Griselbrand,21,120,70,12,8,231,0,0,0,1,0,1,1,1,0,0,0,0,0,0,1,0,0,0,0,0.14,0,0,0
Scroll Thief,12,67,113,22,24,238,1,1,0,1,2,1,3,1,0,0,0,0,0,0,0,1,0,0,1,0.14,0,0,0
Scroll Thief,12,67,117,22,24,242,1,1,0,1,2,1,3,1,0,0,0,0,0,0,0,1,0,0,1,0.14,0,0,0
Scroll Thief,12,67,132,22,24,257,1,1,0,1,2,1,3,1,0,0,0,0,0,0,0,1,0,0,1,0.15,0,0,0
Scrounger of Souls,18,80,35,11,17,161,1,1,0,1,1,1,5,1,0,0,0,0,0,0,0,1,0,0,1,0.12,0,0,0
Scrounging Bandar,17,199,38,13,21,288,1,1,0,1,2,1,2,1,0,0,0,0,0,0,0,1,0,0,1,0.14,0,0,0
Scuttlemutt,11,132,87,13,29,272,0,0,0,2,1,1,3,1,0,0,0,0,0,0,1,1,0,0,0,0.25,0,0,0
Scuttling Death,15,214,0,14,17,260,1,1,0,1,1,1,5,1,0,0,0,0,0,0,0,1,0,0,1,0.16,0,0,0
Scuzzback Marauders,19,160,0,12,25,216,2,2,0,1,2,1,5,1,0,0,0,0,0,0,0,1,0,0,1,0.17,0,0,0
Scuzzback Scrapper,18,70,129,13,25,255,2,2,0,1,2,1,1,1,0,0,0,0,0,0,0,1,0,0,1,0.16,0,0,0
Scythe Tiger,12,150,76,15,14,267,1,1,0,1,1,1,1,1,0,0,0,0,0,0,0,1,0,0,1,0.15,0,0,0
Sea Eagle,9,6,40,17,15,87,1,1,0,1,1,1,2,1,0,0,0,0,0,0,0,1,0,0,1,0.2,0,0,0
Sea Gate Oracle,15,163,37,16,23,254,1,1,0,1,2,1,3,1,0,0,0,0,0,0,0,1,0,0,1,0.18,0,0,0
Sea Monster,11,68,123,12,18,232,1,1,0,1,1,1,6,1,0,0,0,0,0,0,0,1,0,0,2,0.15,0,0,0
Sea Monster,11,68,123,12,18,232,1,1,0,1,1,1,6,1,0,0,0,0,0,0,0,1,0,0,2,0.15,0,0,0
Sea Monster,11,68,123,13,18,233,1,1,0,1,1,1,6,1,0,0,0,0,0,0,0,1,0,0,2,0.15,0,0,0
Seacoast Drake,14,6,131,10,16,177,1,1,0,1,1,1,2,1,0,0,0,0,0,0,0,1,0,0,1,0.14,0,0,0
Seagraf Skaab,13,0,208,13,17,251,1,1,0,1,1,1,2,1,0,0,0,0,0,0,0,1,0,0,1,0.14,0,0,0
Seal of Doom,12,82,153,13,11,271,1,1,0,1,0,1,3,1,0,0,0,0,0,1,0,0,0,0,1,0.15,0,0,0
Seal of Fire,12,81,58,13,11,175,1,1,0,1,0,1,1,1,0,0,0,0,0,1,0,0,0,0,1,0.17,0,0,0
Seal of Primordium,18,69,83,19,11,200,1,1,0,1,0,1,2,1,0,0,0,0,0,1,0,0,0,0,1,0.26,0,0,0
Search for Tomorrow,19,339,0,14,7,379,1,1,0,1,0,1,3,1,0,0,0,0,1,0,0,0,0,0,1,0.48,0,0,0
Search Warrant,14,104,89,15,7,229,2,2,0,1,0,1,2,1,0,0,0,0,1,0,0,0,0,0,2,0.14,0,0,0
Searchlight Geist,17,139,64,15,17,252,1,1,0,1,1,1,3,1,0,0,0,0,0,0,0,1,0,0,1,0.14,0,0,0
Searing Blaze,13,263,0,11,7,294,1,1,0,1,0,1,2,1,0,0,0,1,0,0,0,0,0,0,2,1.39,1,0,0
Searing Light,13,67,89,11,7,187,1,1,0,1,0,1,1,1,0,0,0,1,0,0,0,0,0,0,1,0.11,0,0,0
Searing Spear,13,58,100,10,7,188,1,1,0,1,0,1,2,1,0,0,0,1,0,0,0,0,0,0,1,0.18,0,0,0
Sea's Claim,11,131,58,13,18,231,1,1,0,1,1,1,1,1,0,0,0,0,0,1,0,0,0,0,1,0.4,0,0,0
Seat of the Synod,17,66,65,9,13,170,0,1,-1,2,0,1,0,1,0,0,0,0,0,0,1,0,1,0,0,1.25,1,0,0
Sedge Scorpion,14,83,115,11,19,242,1,1,0,1,1,1,1,1,0,0,0,0,0,0,0,1,0,0,1,0.15,0,0,0
Sedraxis Alchemist,18,133,89,13,24,277,1,1,0,1,2,1,3,1,0,0,0,0,0,0,0,1,0,0,1,0.16,0,0,0
See Beyond,10,69,96,15,7,197,1,1,0,1,0,1,2,1,0,0,0,0,1,0,0,0,0,0,1,0.16,0,0,0
Seeds of Strength,17,137,64,13,7,238,2,2,0,1,0,1,2,1,0,0,0,1,0,0,0,0,0,0,2,0.15,0,0,0
Seek the Wilds,14,182,94,15,7,312,1,1,0,1,0,1,2,1,0,0,0,0,1,0,0,0,0,0,1,0.14,0,0,0
Seeker of Insight,17,111,70,17,23,238,1,1,0,1,2,1,2,1,0,0,0,0,0,0,0,1,0,0,1,0.12,0,0,0
Seer of the Last Tomorrow,25,113,80,12,22,252,1,1,0,1,2,1,3,1,0,0,0,0,0,0,0,1,0,0,1,0.12,0,0,0
Seer's Lantern,14,175,36,9,8,242,0,0,0,1,0,1,3,1,0,0,0,0,0,0,1,0,0,0,0,0.15,0,0,0
Seething Pathblazer,19,96,134,14,28,291,1,1,0,1,2,1,3,1,0,0,0,0,0,0,0,1,0,0,1,0.15,0,0,0
Seething Song,13,38,117,17,7,192,1,1,0,1,0,1,3,1,0,0,0,1,0,0,0,0,0,0,1,0.59,0,0,0
Seething Song,13,38,137,17,7,212,1,1,0,1,0,1,3,1,0,0,0,1,0,0,0,0,0,0,1,0.74,0,0,0
Segmented Krotiq,16,157,65,19,17,274,1,1,0,1,1,1,6,1,0,0,0,0,0,0,0,1,0,0,1,0.15,0,0,0
Seismic Shudder,15,63,68,13,7,166,1,1,0,1,0,1,2,1,0,0,0,1,0,0,0,0,0,0,1,0.14,0,0,0
Seismic Spike,13,50,128,9,7,207,1,1,0,1,0,1,4,1,0,0,0,0,1,0,0,0,0,0,2,0.16,0,0,0
Seismic Stomp,13,47,52,11,7,130,1,1,0,1,0,1,2,1,0,0,0,0,1,0,0,0,0,0,1,0.14,0,0,0
Seismic Strike,14,92,148,19,7,280,1,1,0,1,0,1,3,1,0,0,0,1,0,0,0,0,0,0,1,0.15,0,0,0
Seismic Strike,14,92,148,19,7,280,1,1,0,1,0,1,3,1,0,0,0,1,0,0,0,0,0,0,1,0.19,0,0,0
Seize the Initiative,20,68,110,12,7,217,1,1,0,1,0,1,1,1,0,0,0,1,0,0,0,0,0,0,1,0.12,0,0,0
Sejiri Steppe,13,213,0,17,4,247,0,1,-1,1,0,1,0,1,0,0,0,0,0,0,0,0,1,0,0,0.16,0,0,0
Select for Inspection,21,151,0,11,7,190,1,1,0,1,0,1,1,1,0,0,0,1,0,0,0,0,0,0,1,0.11,0,0,0
Selesnya Cluestone,18,94,116,12,8,248,0,2,-2,1,0,1,3,1,0,0,0,0,0,0,1,0,0,0,0,0.14,0,0,0
Selesnya Evangel,16,92,149,13,21,291,2,2,0,1,2,1,2,1,0,0,0,0,0,0,0,1,0,0,2,0.17,0,0,0
Selesnya Guildgate,18,88,141,11,11,269,0,2,-2,1,1,1,0,1,0,0,0,0,0,0,0,0,1,0,0,0.15,0,0,0
Selesnya Guildgate,18,88,67,11,11,195,0,2,-2,1,1,1,0,1,0,0,0,0,0,0,0,0,1,0,0,0.16,0,0,0
Selesnya Sanctuary,18,179,0,9,4,210,0,2,-2,1,0,1,0,1,0,0,0,0,0,0,0,0,1,0,0,0.25,0,0,0
Selesnya Sentry,15,35,125,11,27,213,1,2,-1,1,2,1,3,1,0,0,0,0,0,0,0,1,0,0,1,0.15,0,0,0
Selesnya Signet,15,39,90,16,8,168,0,2,-2,1,0,1,2,1,0,0,0,0,0,0,1,0,0,0,0,0.21,0,0,0
Self-Assembler,14,170,39,12,35,270,0,0,0,2,1,1,5,1,0,0,0,0,0,0,1,1,0,0,0,0.1,0,0,0
Selfless Cathar,15,85,82,15,23,220,1,1,0,1,2,1,1,1,0,0,0,0,0,0,0,1,0,0,1,0.14,0,0,0
Selfless Cathar,15,85,82,15,23,220,1,1,0,1,2,1,1,1,0,0,0,0,0,0,0,1,0,0,1,0.14,0,0,0
Selhoff Occultist,17,133,71,13,22,256,1,1,0,1,2,1,3,1,0,0,0,0,0,0,0,1,0,0,1,0.14,0,0,0
Seller of Songbirds,19,100,98,19,16,252,1,1,0,1,1,1,3,1,0,0,0,0,0,0,0,1,0,0,1,0.15,0,0,0
Sell-Sword Brute,16,53,93,13,26,201,1,1,0,1,2,1,2,1,0,0,0,0,0,0,0,1,0,0,1,0.15,0,0,0
Send to Sleep,13,192,0,16,7,228,1,1,0,1,0,1,2,1,0,0,0,1,0,0,0,0,0,0,1,0.15,0,0,0
Senseless Rage,14,186,0,16,18,234,1,1,0,1,1,1,2,1,0,0,0,0,0,1,0,0,0,0,1,0.14,0,0,0
Sensor Splicer,14,141,0,4,20,179,1,1,0,1,1,1,5,1,0,0,0,0,0,0,0,1,0,0,1,0.14,0,0,0
Sensory Deprivation,19,47,113,15,18,212,1,1,0,1,1,1,1,1,0,0,0,0,0,1,0,0,0,0,1,0.13,0,0,0
Sensory Deprivation,19,47,113,15,18,212,1,1,0,1,1,1,1,1,0,0,0,0,0,1,0,0,0,0,1,0.15,0,0,0
Sentinel Sliver,15,83,47,14,17,176,1,1,0,1,1,1,2,1,0,0,0,0,0,0,0,1,0,0,1,0.24,0,0,0
Sentinel Spider,15,112,125,13,17,282,1,1,0,1,1,1,5,1,0,0,0,0,0,0,0,1,0,0,2,0.14,0,0,0
Sentinels of Glen Elendra,25,12,170,11,25,243,1,1,0,1,2,1,4,1,0,0,0,0,0,0,0,1,0,0,1,0.15,0,0,0
Separatist Voidmage,19,100,98,15,23,255,1,1,0,1,2,1,4,1,0,0,0,0,0,0,0,1,0,0,1,0.15,0,0,0
Seraph of Dawn,14,87,85,13,16,215,1,1,0,1,1,1,4,1,0,0,0,0,0,0,0,1,0,0,2,0.15,0,0,0
Seraph Sanctuary,16,172,0,13,4,205,0,0,0,1,0,1,0,1,0,0,0,0,0,0,0,0,1,0,0,0.15,0,0,0
Serpent of the Endless Sea,26,185,0,13,18,242,1,1,0,1,1,1,5,1,0,0,0,0,0,0,0,1,0,0,1,0.15,0,0,0
Serpent Skin,12,89,0,13,18,132,1,1,0,1,1,1,3,1,0,0,0,0,0,1,0,0,0,0,1,0.15,0,0,0
Serpent Warrior,15,61,20,11,24,131,1,1,0,1,2,1,3,1,0,0,0,0,0,0,0,1,0,0,1,0.15,0,0,0
Serpent Warrior,15,61,115,11,24,226,1,1,0,1,2,1,3,1,0,0,0,0,0,0,0,1,0,0,1,0.15,0,0,0
Serpent's Gift,14,122,74,12,7,229,1,1,0,1,0,1,3,1,0,0,0,1,0,0,0,0,0,0,1,0.13,0,0,0
Serum Raker,11,58,78,10,16,173,1,1,0,1,1,1,4,1,0,0,0,0,0,0,0,1,0,0,2,0.11,0,0,0
Serum Visions,13,20,0,12,7,52,1,1,0,1,0,1,1,1,0,0,0,0,1,0,0,0,0,0,1,2.58,1,0,0
Servant of Nefarox,18,100,77,13,23,231,1,1,0,1,2,1,3,1,0,0,0,0,0,0,0,1,0,0,1,0.14,0,0,0
Servant of the Scale,20,221,0,13,24,278,1,1,0,1,2,1,1,1,0,0,0,0,0,0,0,1,0,0,1,0.17,0,0,0
Servant of Tymaret,18,170,56,13,17,274,1,1,0,1,1,1,3,1,0,0,0,0,0,0,0,1,0,0,1,0.13,0,0,0
Setessan Battle Priest,22,88,117,11,23,261,1,1,0,1,2,1,2,1,0,0,0,0,0,0,0,1,0,0,1,0.14,0,0,0
Setessan Griffin,16,107,111,12,18,264,1,2,-1,1,1,1,5,1,0,0,0,0,0,0,0,1,0,0,1,0.14,0,0,0
Setessan Oathsworn,18,113,140,12,24,307,1,1,0,1,2,1,3,1,0,0,0,0,0,0,0,1,0,0,2,0.15,0,0,0
Setessan Starbreaker,20,78,38,11,24,171,1,1,0,1,2,1,4,1,0,0,0,0,0,0,0,1,0,0,1,0.15,0,0,0
Severed Legion,14,90,60,11,17,192,1,1,0,1,1,1,3,1,0,0,0,0,0,0,0,1,0,0,2,0.14,0,0,0
Severed Legion,14,90,60,11,17,192,1,1,0,1,1,1,3,1,0,0,0,0,0,0,0,1,0,0,2,0.16,0,0,0
Sewer Shambler,14,257,0,9,17,297,1,1,0,1,1,1,3,1,0,0,0,0,0,0,0,1,0,0,1,0.14,0,0,0
Sewerdreg,9,145,98,11,17,280,1,1,0,1,1,1,5,1,0,0,0,0,0,0,0,1,0,0,2,0.15,0,0,0
Sewn-Eye Drake,14,13,82,17,23,149,3,3,0,1,2,1,4,1,0,0,0,0,0,0,0,1,0,0,2,0.15,0,0,0
Shade of Trokair,16,305,0,16,16,353,1,1,0,1,1,1,4,1,0,0,0,0,0,0,0,1,0,0,1,0.15,0,0,0
Shadow Alley Denizen,20,222,0,16,24,282,1,1,0,1,2,1,1,1,0,0,0,0,0,0,0,1,0,0,1,0.15,0,0,0
Shadow Glider,13,6,149,14,22,204,1,1,0,1,2,1,3,1,0,0,0,0,0,0,0,1,0,0,1,0.12,0,0,0
Shadow Slice,12,245,0,16,7,280,1,1,0,1,0,1,5,1,0,0,0,0,1,0,0,0,0,0,1,0.15,0,0,0
Shadow Sliver,13,95,133,11,17,269,1,1,0,1,1,1,3,1,0,0,0,0,0,0,0,1,0,0,1,0.22,0,0,0
Shadowborn Apostle,18,222,0,14,23,277,1,1,0,1,2,1,1,1,0,0,0,0,0,0,0,1,0,0,1,1.85,1,0,0
Shadowcloak Vampire,19,127,55,16,18,235,1,1,0,1,1,1,5,1,0,0,0,0,0,0,0,1,0,0,1,0.15,0,0,0
Shadowfeed,10,52,149,12,7,230,1,1,0,1,0,1,1,1,0,0,0,1,0,0,0,0,0,0,1,0.15,0,0,0
Shaman of Spring,16,58,93,13,21,201,1,1,0,1,2,1,4,1,0,0,0,0,0,0,0,1,0,0,1,0.14,0,0,0
Shamble Back,12,103,37,4,7,163,1,1,0,1,0,1,1,1,0,0,0,0,1,0,0,0,0,0,1,0.14,0,0,0
Shambleshark,12,245,0,11,20,288,2,2,0,1,2,1,2,1,0,0,0,0,0,0,0,1,0,0,2,0.15,0,0,0
Shambling Attendants,20,170,80,7,17,294,1,1,0,1,1,1,8,1,0,0,0,0,0,0,0,1,0,0,1,0.14,0,0,0
Shambling Ghoul,15,46,54,13,17,145,1,1,0,1,1,1,2,1,0,0,0,0,0,0,0,1,0,0,1,0.15,0,0,0
Shambling Goblin,16,94,152,13,24,299,1,1,0,1,2,1,1,1,0,0,0,0,0,0,0,1,0,0,1,0.15,0,0,0
Shambling Shell,15,279,0,11,23,328,2,2,0,1,2,1,3,1,0,0,0,0,0,0,0,1,0,0,2,0.21,0,0,0
Shape the Sands,15,99,66,8,7,195,1,1,0,1,0,1,1,1,0,0,0,1,0,0,0,0,0,0,1,0.14,0,0,0
Shaper Apprentice,17,68,94,12,25,216,1,1,0,1,2,1,2,1,0,0,0,0,0,0,0,1,0,0,1,0.14,0,0,0
Shaper Parasite,15,214,0,7,19,255,1,1,0,1,1,1,3,1,0,0,0,0,0,0,0,1,0,0,2,0.15,0,0,0
Shard of Broken Glass,21,213,0,15,20,269,0,0,0,1,1,1,1,1,0,0,0,0,0,0,1,0,0,0,0,0.14,0,0,0
Shard Volley,12,119,49,15,7,202,1,1,0,1,0,1,1,1,0,0,0,1,0,0,0,0,0,0,1,0.97,0,0,0
Shared Discovery,16,106,54,13,7,196,1,1,0,1,0,1,1,1,0,0,0,0,1,0,0,0,0,0,1,0.14,0,0,0
Shatter,7,24,79,15,7,132,1,1,0,1,0,1,2,1,0,0,0,1,0,0,0,0,0,0,1,0.14,0,0,0
Shatter,7,24,113,2,7,153,1,1,0,1,0,1,2,1,0,0,0,1,0,0,0,0,0,0,1,0.14,0,0,0
Shatter,7,24,77,12,7,127,1,1,0,1,0,1,2,1,0,0,0,1,0,0,0,0,0,0,1,0.14,0,0,0
Shatter,7,24,0,22,7,60,1,1,0,1,0,1,2,1,0,0,0,1,0,0,0,0,0,0,1,0.15,0,0,0
Shatter,7,24,79,15,7,132,1,1,0,1,0,1,2,1,0,0,0,1,0,0,0,0,0,0,1,0.15,0,0,0
Shatter,7,24,0,22,7,60,1,1,0,1,0,1,2,1,0,0,0,1,0,0,0,0,0,0,1,0.16,0,0,0
Shattering Blow,15,22,101,14,7,159,2,2,0,1,0,1,2,1,0,0,0,1,0,0,0,0,0,0,1,0.14,0,0,0
Shatterskull Giant,18,0,179,12,24,233,1,1,0,1,2,1,4,1,0,0,0,0,0,0,0,1,0,0,2,0.14,0,0,0
Shatterskull Recruit,20,72,101,13,29,235,1,1,0,1,3,1,5,1,0,0,0,0,0,0,0,1,0,0,2,0.11,0,0,0
Shed Weakness,13,85,119,14,7,238,1,1,0,1,0,1,1,1,0,0,0,1,0,0,0,0,0,0,1,0.14,0,0,0
Sheer Drop,10,212,0,13,7,242,1,1,0,1,0,1,3,1,0,0,0,0,1,0,0,0,0,0,1,0.14,0,0,0
Shell Skulkin,13,106,57,13,29,218,0,0,0,2,1,1,4,1,0,0,0,0,0,0,1,1,0,0,0,0.15,0,0,0
Sheltered Aerie,15,87,100,12,18,232,1,1,0,1,1,1,3,1,0,0,0,0,0,1,0,0,0,0,1,0.15,0,0,0
Sheltering Word,15,205,0,13,7,240,1,1,0,1,0,1,2,1,0,0,0,1,0,0,0,0,0,0,1,0.14,0,0,0
Shield of the Oversoul,22,296,0,15,18,351,2,2,0,1,1,1,3,1,0,0,0,0,0,1,0,0,0,0,1,1.35,1,0,0
Shielded Passage,16,68,83,16,7,190,1,1,0,1,0,1,1,1,0,0,0,1,0,0,0,0,0,0,1,0.14,0,0,0
Shielding Plax,14,203,0,11,18,246,2,2,0,1,1,1,3,1,0,0,0,0,0,1,0,0,0,0,1,0.17,0,0,0
Shieldmate's Blessing,21,85,82,11,7,206,1,1,0,1,0,1,1,1,0,0,0,1,0,0,0,0,0,0,1,0.14,0,0,0
Shields of Velis Vel,20,136,77,13,29,275,1,1,0,2,1,1,1,1,0,0,0,1,0,0,0,0,0,0,1,0.15,0,0,0
Shimmering Glasskite,20,138,89,9,17,273,1,1,0,1,1,1,4,1,0,0,0,0,0,0,0,1,0,0,1,0.16,0,0,0
Shimmering Grotto,17,86,147,12,4,266,0,0,0,1,0,1,0,1,0,0,0,0,0,0,0,0,1,0,0,0.15,0,0,0
Shimmering Grotto,17,86,161,12,4,280,0,0,0,1,0,1,0,1,0,0,0,0,0,0,0,0,1,0,0,0.15,0,0,0
Shimmering Wings,16,259,108,14,18,415,1,1,0,1,1,1,1,1,0,0,0,0,0,1,0,0,0,0,1,0.16,0,0,0
Shimmerscale Drake,18,57,87,9,16,187,1,1,0,1,1,1,5,1,0,0,0,0,0,0,0,1,0,0,1,0.13,0,0,0
Shinen of Fear's Chill,22,124,0,13,17,176,1,1,0,1,1,1,5,1,0,0,0,0,0,0,0,1,0,0,1,0.15,0,0,0
Shinen of Flight's Wings,24,103,0,16,17,160,1,1,0,1,1,1,5,1,0,0,0,0,0,0,0,1,0,0,1,0.16,0,0,0
Shinen of Fury's Fire,21,98,0,11,17,147,1,1,0,1,1,1,3,1,0,0,0,0,0,0,0,1,0,0,1,0.15,0,0,0
Shinen of Life's Roar,21,169,0,12,17,219,1,1,0,1,1,1,2,1,0,0,0,0,0,0,0,1,0,0,1,0.15,0,0,0
Shinen of Stars' Light,22,116,0,13,17,168,1,1,0,1,1,1,3,1,0,0,0,0,0,0,0,1,0,0,1,0.16,0,0,0
Shinewend,9,142,0,14,20,185,1,1,0,1,1,1,2,1,0,0,0,0,0,0,0,1,0,0,1,0.15,0,0,0
Shining Aerosaur,16,6,127,9,19,177,1,1,0,1,1,1,5,1,0,0,0,0,0,0,0,1,0,0,1,0.13,0,0,0
Shinka Gatekeeper,17,77,115,12,23,244,1,1,0,1,2,1,3,1,0,0,0,0,0,0,0,1,0,0,1,0.15,0,0,0
Shipwreck Looter,16,143,39,14,23,235,1,1,0,1,2,1,2,1,0,0,0,0,0,0,0,1,0,0,1,0.14,0,0,0
Shipwreck Moray,15,144,77,11,15,262,1,1,0,1,1,1,4,1,0,0,0,0,0,0,0,1,0,0,1,0.1,0,0,0
Shoal Serpent,13,126,71,14,18,242,1,1,0,1,1,1,6,1,0,0,0,0,0,0,0,1,0,0,1,0.14,0,0,0
Shock,5,50,72,10,7,144,1,1,0,1,0,1,1,1,0,0,0,1,0,0,0,0,0,0,1,0.15,0,0,0
Shock,5,50,0,10,7,72,1,1,0,1,0,1,1,1,0,0,0,1,0,0,0,0,0,0,1,0.15,0,0,0
Shock,5,50,102,14,7,178,1,1,0,1,0,1,1,1,0,0,0,1,0,0,0,0,0,0,1,0.18,0,0,0
Shock,5,50,0,10,7,72,1,1,0,1,0,1,1,1,0,0,0,1,0,0,0,0,0,0,1,0.18,0,0,0
Shock,5,50,56,15,7,133,1,1,0,1,0,1,1,1,0,0,0,1,0,0,0,0,0,0,1,0.18,0,0,0
Shock,5,50,84,14,7,160,1,1,0,1,0,1,1,1,0,0,0,1,0,0,0,0,0,0,1,0.19,0,0,0
Shock Troops,12,81,67,13,24,197,1,1,0,1,2,1,4,1,0,0,0,0,0,0,0,1,0,0,1,0.15,0,0,0
Shore Keeper,12,54,96,7,20,189,1,1,0,1,1,1,1,1,0,0,0,0,0,0,0,1,0,0,1,0.14,0,0,0
Shore Snapper,13,124,108,12,16,273,1,2,-1,1,1,1,3,1,0,0,0,0,0,0,0,1,0,0,1,0.15,0,0,0
Shorecrasher Mimic,18,160,91,15,23,307,2,2,0,1,1,1,2,1,0,0,0,0,0,0,0,1,0,0,1,0.15,0,0,0
Shoulder to Shoulder,20,84,76,12,7,199,1,1,0,1,0,1,3,1,0,0,0,0,1,0,0,0,0,0,1,0.13,0,0,0
Show of Valor,13,45,136,15,7,216,1,1,0,1,0,1,2,1,0,0,0,1,0,0,0,0,0,0,1,0.14,0,0,0
Show of Valor,13,45,26,15,7,106,1,1,0,1,0,1,2,1,0,0,0,1,0,0,0,0,0,0,1,0.14,0,0,0
Shred Memory,12,279,0,16,7,314,1,1,0,1,0,1,2,1,0,0,0,1,0,0,0,0,0,0,1,0.41,0,0,0
Shredding Winds,15,62,131,19,7,234,1,1,0,1,0,1,3,1,0,0,0,1,0,0,0,0,0,0,1,0.13,0,0,0
Shriek Raptor,13,132,91,14,15,265,1,1,0,1,1,1,5,1,0,0,0,0,0,0,0,1,0,0,2,0.15,0,0,0
Shriekgeist,11,144,77,16,17,265,1,1,0,1,1,1,2,1,0,0,0,0,0,0,0,1,0,0,1,0.14,0,0,0
Shriekhorn,10,199,0,10,8,227,0,0,0,1,0,1,1,1,0,0,0,0,0,0,1,0,0,0,0,0.15,0,0,0
Shrieking Grotesque,19,115,124,11,19,288,1,2,-1,1,1,1,3,1,0,0,0,0,0,0,0,1,0,0,1,0.15,0,0,0
Shrivel,7,42,140,9,7,205,1,1,0,1,0,1,2,1,0,0,0,0,1,0,0,0,0,0,1,0.15,0,0,0
Shrivel,7,42,94,9,7,159,1,1,0,1,0,1,2,1,0,0,0,0,1,0,0,0,0,0,1,0.15,0,0,0
Sibsig Host,11,126,106,14,17,274,1,1,0,1,1,1,5,1,0,0,0,0,0,0,0,1,0,0,1,0.15,0,0,0
Sibsig Icebreakers,18,76,74,12,17,197,1,1,0,1,1,1,3,1,0,0,0,0,0,0,0,1,0,0,1,0.15,0,0,0
Sickle Ripper,13,70,67,9,28,187,1,1,0,1,2,1,2,1,0,0,0,0,0,0,0,1,0,0,1,0.15,0,0,0
Sidewinder Naga,15,120,101,20,23,279,1,1,0,1,2,1,3,1,0,0,0,0,0,0,0,1,0,0,1,0.12,0,0,0
Sidewinder Sliver,17,143,116,11,17,304,1,1,0,1,1,1,1,1,0,0,0,0,0,0,0,1,0,0,1,0.7,0,0,0
Sidisi's Faithful,17,170,40,13,22,262,1,1,0,1,2,1,1,1,0,0,0,0,0,0,0,1,0,0,1,0.16,0,0,0
Sidisi's Pet,12,200,74,12,21,319,1,1,0,1,2,1,4,1,0,0,0,0,0,0,0,1,0,0,1,0.13,0,0,0
Siege Mastodon,14,0,107,12,19,152,1,1,0,1,1,1,5,1,0,0,0,0,0,0,0,1,0,0,1,0.14,0,0,0
Siege Mastodon,14,0,142,12,19,187,1,1,0,1,1,1,5,1,0,0,0,0,0,0,0,1,0,0,1,0.15,0,0,0
Siege Mastodon,14,0,107,12,19,152,1,1,0,1,1,1,5,1,0,0,0,0,0,0,0,1,0,0,1,0.15,0,0,0
Siege Mastodon,14,0,107,12,19,152,1,1,0,1,1,1,5,1,0,0,0,0,0,0,0,1,0,0,1,0.15,0,0,0
Siege Wurm,10,255,0,14,15,294,1,1,0,1,1,1,7,1,0,0,0,0,0,0,0,1,0,0,2,0.14,0,0,0
Siege Wurm,10,255,120,14,15,414,1,1,0,1,1,1,7,1,0,0,0,0,0,0,0,1,0,0,2,0.15,0,0,0
Siegecraft,10,47,132,12,18,219,1,1,0,1,1,1,4,1,0,0,0,0,0,1,0,0,0,0,1,0.14,0,0,0
Sift,4,38,51,13,7,113,1,1,0,1,0,1,4,1,0,0,0,0,1,0,0,0,0,0,1,0.15,0,0,0
Sift,4,38,51,13,7,113,1,1,0,1,0,1,4,1,0,0,0,0,1,0,0,0,0,0,1,0.15,0,0,0
Sift Through Sands,18,252,0,17,16,303,1,1,0,1,1,1,3,1,0,0,0,1,0,0,0,0,0,0,2,0.16,0,0,0
Sigardian Priest,16,40,96,14,23,189,1,1,0,1,2,1,2,1,0,0,0,0,0,0,0,1,0,0,1,0.14,0,0,0
Sighted-Caste Sorcerer,22,209,0,10,23,264,1,2,-1,1,2,1,2,1,0,0,0,0,0,0,0,1,0,0,1,0.15,0,0,0
Sightless Ghoul,15,181,75,15,25,311,1,1,0,1,2,1,4,1,0,0,0,0,0,0,0,1,0,0,1,0.14,0,0,0
Sigil Blessing,14,100,142,12,7,275,2,2,0,1,0,1,2,1,0,0,0,1,0,0,0,0,0,0,2,0.19,0,0,0
Sigil of the Nayan Gods,23,132,82,11,18,266,2,2,0,1,1,1,3,1,0,0,0,0,0,1,0,0,0,0,2,0.17,0,0,0
Sigiled Behemoth,16,100,76,15,16,223,2,2,0,1,1,1,6,1,0,0,0,0,0,0,0,1,0,0,2,0.15,0,0,0
Sigiled Skink,13,132,86,13,17,261,1,1,0,1,1,1,2,1,0,0,0,0,0,0,0,1,0,0,1,0.15,0,0,0
Sigiled Starfish,16,105,127,9,19,276,1,1,0,1,1,1,2,1,0,0,0,0,0,0,0,1,0,0,1,0.14,0,0,0
Sign in Blood,13,47,45,11,7,123,1,1,0,1,0,1,2,1,0,0,0,0,1,0,0,0,0,0,2,0.15,0,0,0
Sign in Blood,13,47,45,11,7,123,1,1,0,1,0,1,2,1,0,0,0,0,1,0,0,0,0,0,2,0.15,0,0,0
Sign in Blood,13,47,45,11,7,123,1,1,0,1,0,1,2,1,0,0,0,0,1,0,0,0,0,0,2,0.17,0,0,0
Sign in Blood,13,47,115,11,7,193,1,1,0,1,0,1,2,1,0,0,0,0,1,0,0,0,0,0,2,0.18,0,0,0
Silburlind Snapper,18,81,119,16,17,251,1,1,0,1,1,1,6,1,0,0,0,0,0,0,0,1,0,0,1,0.14,0,0,0
Silent Artisan,14,0,219,15,16,264,1,1,0,1,1,1,5,1,0,0,0,0,0,0,0,1,0,0,2,0.14,0,0,0
Silent Departure,16,144,80,9,7,256,1,1,0,1,0,1,1,1,0,0,0,0,1,0,0,0,0,0,1,0.15,0,0,0
Silent Observer,15,6,46,12,17,96,1,1,0,1,1,1,4,1,0,0,0,0,0,0,0,1,0,0,1,0.14,0,0,0
Silent Skimmer,14,103,111,17,24,269,0,1,-1,1,2,1,4,1,0,0,0,0,0,0,0,1,0,0,1,0.13,0,0,0
Silent-Chant Zubera,19,83,102,12,24,240,1,1,0,1,2,1,2,1,0,0,0,0,0,0,0,1,0,0,1,0.17,0,0,0
Silhana Ledgewalker,19,161,123,10,20,333,1,1,0,1,2,1,2,1,0,0,0,0,0,0,0,1,0,0,1,0.7,0,0,0
Silhana Starfletcher,20,175,39,22,27,283,1,1,0,1,3,1,3,1,0,0,0,0,0,0,0,1,0,0,1,0.15,0,0,0
Silkbind Faerie,15,69,81,12,23,200,2,2,0,1,2,1,3,1,0,0,0,0,0,0,0,1,0,0,1,0.16,0,0,0
Silkweaver Elite,16,184,85,17,21,323,1,1,0,1,2,1,3,1,0,0,0,0,0,0,0,1,0,0,1,0.1,0,0,0
Silkwing Scout,14,153,0,12,23,202,1,2,-1,1,2,1,3,1,0,0,0,0,0,0,0,1,0,0,1,0.15,0,0,0
Silumgar Butcher,16,171,52,12,23,274,1,1,0,1,2,1,5,1,0,0,0,0,0,0,0,1,0,0,1,0.14,0,0,0
Silver Myr,10,31,94,10,23,168,0,1,-1,2,1,1,2,1,0,0,0,0,0,0,1,1,0,0,0,0.16,0,0,0
Silver Myr,10,31,74,12,23,150,0,1,-1,2,1,1,2,1,0,0,0,0,0,0,1,1,0,0,0,0.16,0,0,0
Silverchase Fox,15,60,146,11,14,246,1,1,0,1,1,1,2,1,0,0,0,0,0,0,0,1,0,0,1,0.14,0,0,0
Silverclaw Griffin,18,20,97,16,18,169,1,1,0,1,1,1,5,1,0,0,0,0,0,0,0,1,0,0,2,0.14,0,0,0
Silvercoat Lion,15,0,150,14,14,193,1,1,0,1,1,1,2,1,0,0,0,0,0,0,0,1,0,0,1,0.14,0,0,0
Silvercoat Lion,15,0,150,14,14,193,1,1,0,1,1,1,2,1,0,0,0,0,0,0,0,1,0,0,1,0.14,0,0,0
Silvercoat Lion,15,0,119,14,14,162,1,1,0,1,1,1,2,1,0,0,0,0,0,0,0,1,0,0,1,0.15,0,0,0
Silvergill Douser,17,111,111,11,25,275,1,1,0,1,2,1,2,1,0,0,0,0,0,0,0,1,0,0,1,0.16,0,0,0
Silverstorm Samurai,19,100,0,14,22,155,1,1,0,1,2,1,6,1,0,0,0,0,0,0,0,1,0,0,2,0.15,0,0,0
Simian Brawler,14,65,124,11,22,236,1,1,0,1,2,1,4,1,0,0,0,0,0,0,0,1,0,0,1,0.15,0,0,0
Simian Spirit Guide,19,68,70,12,21,190,1,1,0,1,2,1,3,1,0,0,0,0,0,0,0,1,0,0,1,5.46,1,1,0
Simic Cluestone,15,91,136,12,8,262,0,2,-2,1,0,1,3,1,0,0,0,0,0,0,1,0,0,0,0,0.14,0,0,0
Simic Growth Chamber,20,183,0,9,4,216,0,2,-2,1,0,1,0,1,0,0,0,0,0,0,0,0,1,0,0,0.4,0,0,0
Simic Guildgate,15,85,57,15,11,183,0,2,-2,1,1,1,0,1,0,0,0,0,0,0,0,0,1,0,0,0.15,0,0,0
Simic Guildgate,15,85,128,15,11,254,0,2,-2,1,1,1,0,1,0,0,0,0,0,0,0,0,1,0,0,0.17,0,0,0
Simic Initiate,14,181,103,11,23,332,1,1,0,1,2,1,1,1,0,0,0,0,0,0,0,1,0,0,1,0.15,0,0,0
Simic Ragworm,13,25,175,13,15,241,1,2,-1,1,1,1,4,1,0,0,0,0,0,0,0,1,0,0,1,0.15,0,0,0
Simic Signet,12,39,204,16,8,279,0,2,-2,1,0,1,2,1,0,0,0,0,0,0,1,0,0,0,0,0.17,0,0,0
Sinew Sliver,12,31,198,15,17,273,1,1,0,1,1,1,2,1,0,0,0,0,0,0,0,1,0,0,1,2.63,1,0,0
Singe-Mind Ogre,15,163,91,7,22,298,2,2,0,1,2,1,4,1,0,0,0,0,0,0,0,1,0,0,2,0.15,0,0,0
Singing Bell Strike,19,209,0,11,18,257,1,1,0,1,1,1,2,1,0,0,0,0,0,1,0,0,0,0,1,0.14,0,0,0
Sinister Possession,19,92,110,15,18,254,1,1,0,1,1,1,1,1,0,0,0,0,0,1,0,0,0,0,1,0.14,0,0,0
Sink into Takenuma,18,134,0,7,16,175,1,1,0,1,1,1,4,1,0,0,0,0,1,0,0,0,0,0,1,0.16,0,0,0
Sinking Feeling,15,174,0,9,18,216,1,1,0,1,1,1,3,1,0,0,0,0,0,1,0,0,0,0,1,0.15,0,0,0
Sip of Hemlock,14,53,97,9,7,180,1,1,0,1,0,1,6,1,0,0,0,0,1,0,0,0,0,0,2,0.14,0,0,0
Siren Lookout,13,249,0,12,23,297,1,1,0,1,2,1,3,1,0,0,0,0,0,0,0,1,0,0,1,0.13,0,0,0
Siren's Ruse,12,148,65,9,7,241,1,1,0,1,0,1,2,1,0,0,0,1,0,0,0,0,0,0,1,0.14,0,0,0
Sizzle,6,39,108,19,7,179,1,1,0,1,0,1,3,1,0,0,0,0,1,0,0,0,0,0,1,0.18,0,0,0
Skarrgan Pit-Skulk,18,197,0,10,24,249,1,1,0,1,2,1,1,1,0,0,0,0,0,0,0,1,0,0,1,0.18,0,0,0
Skeletal Changeling,19,86,94,12,23,234,1,1,0,1,1,1,2,1,0,0,0,0,0,0,0,1,0,0,1,0.15,0,0,0
Skeletal Grimace,16,87,142,14,18,277,1,1,0,1,1,1,2,1,0,0,0,0,0,1,0,0,0,0,1,0.14,0,0,0
Skeletal Kathari,16,62,100,14,24,216,1,1,0,1,2,1,5,1,0,0,0,0,0,0,0,1,0,0,1,0.15,0,0,0
Skillful Lunge,14,68,90,11,7,190,1,1,0,1,0,1,2,1,0,0,0,1,0,0,0,0,0,0,1,0.14,0,0,0
Skinbrand Goblin,16,98,139,11,25,289,1,1,0,1,2,1,2,1,0,0,0,0,0,0,0,1,0,0,1,0.14,0,0,0
Skirk Shaman,12,80,96,6,24,218,1,1,0,1,2,1,3,1,0,0,0,0,0,0,0,1,0,0,2,0.15,0,0,0
Skirsdag Supplicant,19,51,156,22,23,271,1,1,0,1,2,1,3,1,0,0,0,0,0,0,0,1,0,0,1,0.13,0,0,0
Skitter of Lizards,18,201,0,11,17,247,1,1,0,1,1,1,1,1,0,0,0,0,0,0,0,1,0,0,1,0.15,0,0,0
Skittering Heartstopper,23,64,77,12,17,193,1,1,0,1,1,1,1,1,0,0,0,0,0,0,0,1,0,0,1,0.14,0,0,0
Skred,5,89,89,19,7,209,1,1,0,1,0,1,1,1,0,0,0,1,0,0,0,0,0,0,1,0.75,0,0,0
Skulduggery,11,110,87,20,7,235,1,1,0,1,0,1,1,1,0,0,0,1,0,0,0,0,0,0,1,0.14,0,0,0
Skulking Knight,15,198,0,7,24,244,1,1,0,1,2,1,3,1,0,0,0,0,0,0,0,1,0,0,1,0.15,0,0,0
Skull Rend,10,91,106,12,7,226,2,2,0,1,0,1,5,1,0,0,0,0,1,0,0,0,0,0,2,0.15,0,0,0
Skullmane Baku,14,185,0,15,17,231,1,1,0,1,1,1,5,1,0,0,0,0,0,0,0,1,0,0,2,0.15,0,0,0
Skullsnatcher,13,256,0,12,20,301,1,1,0,1,2,1,2,1,0,0,0,0,0,0,0,1,0,0,1,0.16,0,0,0
Sky Ruin Drake,14,6,81,4,16,121,1,1,0,1,1,1,5,1,0,0,0,0,0,0,0,1,0,0,1,0.14,0,0,0
Sky Scourer,11,118,56,13,24,222,0,1,-1,1,2,1,2,1,0,0,0,0,0,0,0,1,0,0,1,0.13,0,0,0
Sky Skiff,9,144,0,14,18,185,0,0,0,1,1,1,2,1,0,0,0,0,0,0,1,0,0,0,0,0.12,0,0,0
Skyblade of the Legion,22,6,88,7,26,149,1,1,0,1,2,1,2,1,0,0,0,0,0,0,0,1,0,0,1,0.13,0,0,0
Skyblinder Staff,16,156,111,12,20,315,0,0,0,1,1,1,1,1,0,0,0,0,0,0,1,0,0,0,0,0.14,0,0,0
Sky-Eel School,14,84,70,16,15,199,1,1,0,1,1,1,5,1,0,0,0,0,0,0,0,1,0,0,2,0.13,0,0,0
Skygames,8,148,82,10,18,266,1,1,0,1,1,1,2,1,0,0,0,0,0,1,0,0,0,0,1,0.14,0,0,0
Skyhunter Cub,13,67,83,12,21,196,1,1,0,1,2,1,3,1,0,0,0,0,0,0,0,1,0,0,1,0.15,0,0,0
Skyhunter Patrol,16,161,151,12,21,361,1,1,0,1,2,1,4,1,0,0,0,0,0,0,0,1,0,0,2,0.15,0,0,0
Skyhunter Patrol,16,161,83,12,21,293,1,1,0,1,2,1,4,1,0,0,0,0,0,0,0,1,0,0,2,0.15,0,0,0
Skyhunter Prowler,17,142,101,12,21,293,1,1,0,1,2,1,3,1,0,0,0,0,0,0,0,1,0,0,1,0.15,0,0,0
Skyhunter Prowler,17,142,0,12,21,192,1,1,0,1,2,1,3,1,0,0,0,0,0,0,0,1,0,0,1,0.15,0,0,0
Skyhunter Prowler,17,142,66,12,21,258,1,1,0,1,2,1,3,1,0,0,0,0,0,0,0,1,0,0,1,0.15,0,0,0
Skyknight Legionnaire,21,13,118,15,23,190,2,2,0,1,2,1,3,1,0,0,0,0,0,0,0,1,0,0,2,0.15,0,0,0
Skyknight Legionnaire,21,13,185,10,23,252,2,2,0,1,2,1,3,1,0,0,0,0,0,0,0,1,0,0,2,0.16,0,0,0
Skyline Cascade,15,215,0,13,4,247,0,1,-1,1,0,1,0,1,0,0,0,0,0,0,0,0,1,0,0,0.15,0,0,0
Skymarch Bloodletter,20,106,121,16,26,289,1,1,0,1,2,1,3,1,0,0,0,0,0,0,0,1,0,0,1,0.13,0,0,0
Skyreach Manta,14,113,36,19,24,206,0,0,0,2,1,1,5,1,0,0,0,0,0,0,1,1,0,0,0,0.14,0,0,0
Skyrider Trainee,16,54,150,8,24,252,1,1,0,1,2,1,5,1,0,0,0,0,0,0,0,1,0,0,1,0.15,0,0,0
Skyshroud Ranger,16,127,119,10,14,286,1,1,0,1,1,1,1,1,0,0,0,0,0,0,0,1,0,0,1,0.22,0,0,0
Skyswirl Harrier,16,6,110,21,15,168,1,1,0,1,1,1,5,1,0,0,0,0,0,0,0,1,0,0,1,0.11,0,0,0
Skywatcher Adept,16,117,0,16,25,174,1,1,0,1,2,1,1,1,0,0,0,0,0,0,0,1,0,0,1,0.15,0,0,0
Skywinder Drake,15,60,70,9,16,170,1,1,0,1,1,1,3,1,0,0,0,0,0,0,0,1,0,0,1,0.14,0,0,0
Slagwurm Armor,14,207,0,12,20,253,0,0,0,1,1,1,1,1,0,0,0,0,0,0,1,0,0,0,0,0.2,0,0,0
Slash of Talons,15,72,141,17,7,252,1,1,0,1,0,1,1,1,0,0,0,1,0,0,0,0,0,0,1,0.14,0,0,0
Slash Panther,13,52,98,12,23,198,1,1,0,2,1,1,5,1,0,0,0,0,0,0,1,1,0,0,1,0.14,0,0,0
Slate Street Ruffian,20,80,87,10,24,221,1,1,0,1,2,1,3,1,0,0,0,0,0,0,0,1,0,0,1,0.14,0,0,0
Slaughter Cry,13,132,77,12,7,241,1,1,0,1,0,1,3,1,0,0,0,1,0,0,0,0,0,0,1,0.14,0,0,0
Slaughter Cry,13,132,74,12,7,238,1,1,0,1,0,1,3,1,0,0,0,1,0,0,0,0,0,0,1,0.14,0,0,0
Slaughter Drone,15,191,52,9,24,291,0,1,-1,1,2,1,2,1,0,0,0,0,0,0,0,1,0,0,1,0.12,0,0,0
Slaughterhorn,13,95,109,14,16,247,1,1,0,1,1,1,3,1,0,0,0,0,0,0,0,1,0,0,1,0.14,0,0,0
Slaughterhouse Bouncer,22,120,58,12,23,235,1,1,0,1,2,1,5,1,0,0,0,0,0,0,0,1,0,0,1,0.15,0,0,0
Sleep Paralysis,15,154,31,12,18,230,1,1,0,1,1,1,4,1,0,0,0,0,0,1,0,0,0,0,1,0.14,0,0,0
Sleight of Hand,15,118,54,10,7,204,1,1,0,1,0,1,1,1,0,0,0,0,1,0,0,0,0,0,1,4.95,1,0,0
Slip Through Space,18,89,98,16,7,228,0,1,-1,1,0,1,1,1,0,0,0,0,1,0,0,0,0,0,1,0.15,0,0,0
Slippery Bogle,14,91,99,11,16,231,2,2,0,1,1,1,1,1,0,0,0,0,0,0,0,1,0,0,1,1.62,1,0,0
Slipstream Serpent,18,254,0,13,18,303,1,1,0,1,1,1,8,1,0,0,0,0,0,0,0,1,0,0,1,0.15,0,0,0
Slither Blade,13,31,75,11,21,151,1,1,0,1,2,1,1,1,0,0,0,0,0,0,0,1,0,0,1,0.15,0,0,0
Sliver Construct,16,0,182,15,36,249,0,0,0,2,2,1,3,1,0,0,0,0,0,0,1,1,0,0,0,0.15,0,0,0
Sludge Crawler,14,202,0,12,24,252,0,1,-1,1,2,1,1,1,0,0,0,0,0,0,0,1,0,0,1,0.15,0,0,0
Sluiceway Scorpion,18,258,0,15,19,310,2,2,0,1,1,1,4,1,0,0,0,0,0,0,0,1,0,0,2,0.14,0,0,0
Smash,5,37,157,13,7,219,1,1,0,1,0,1,3,1,0,0,0,1,0,0,0,0,0,0,1,0.15,0,0,0
Smash,5,37,157,13,7,219,1,1,0,1,0,1,3,1,0,0,0,1,0,0,0,0,0,0,1,0.16,0,0,0
Smash to Smithereens,20,91,156,12,7,286,1,1,0,1,0,1,2,1,0,0,0,1,0,0,0,0,0,0,1,0.17,0,0,0
Smash to Smithereens,20,91,156,12,7,286,1,1,0,1,0,1,2,1,0,0,0,1,0,0,0,0,0,0,1,0.35,0,0,0
Smelt,5,24,65,12,7,113,1,1,0,1,0,1,1,1,0,0,0,1,0,0,0,0,0,0,1,0.14,0,0,0
Smelt,5,24,65,12,7,113,1,1,0,1,0,1,1,1,0,0,0,1,0,0,0,0,0,0,1,0.14,0,0,0
Smelt-Ward Gatekeepers,22,212,0,7,24,265,1,1,0,1,2,1,4,1,0,0,0,0,0,0,0,1,0,0,1,0.14,0,0,0
Smite,5,32,108,20,7,172,1,1,0,1,0,1,1,1,0,0,0,1,0,0,0,0,0,0,1,0.15,0,0,0
Smite,5,32,83,12,7,139,1,1,0,1,0,1,1,1,0,0,0,1,0,0,0,0,0,0,1,0.15,0,0,0
Smite the Monstrous,19,48,111,12,7,197,1,1,0,1,0,1,4,1,0,0,0,1,0,0,0,0,0,0,1,0.12,0,0,0
Smite the Monstrous,19,48,118,12,7,204,1,1,0,1,0,1,4,1,0,0,0,1,0,0,0,0,0,0,1,0.13,0,0,0
Smite the Monstrous,19,48,106,11,7,191,1,1,0,1,0,1,4,1,0,0,0,1,0,0,0,0,0,0,1,0.14,0,0,0
Smoke Teller,12,42,90,7,23,174,1,2,-1,1,2,1,2,1,0,0,0,0,0,0,0,1,0,0,1,0.14,0,0,0
Smokebraider,12,148,84,17,27,288,1,1,0,1,2,1,2,1,0,0,0,0,0,0,0,1,0,0,1,0.18,0,0,0
Smolder Initiate,16,94,46,6,27,189,1,1,0,1,2,1,1,1,0,0,0,0,0,0,0,1,0,0,1,0.15,0,0,0
Smoldering Butcher,18,70,58,29,28,203,1,1,0,1,2,1,4,1,0,0,0,0,0,0,0,1,0,0,1,0.15,0,0,0
Smoldering Efreet,17,54,175,11,22,279,1,1,0,1,2,1,2,1,0,0,0,0,0,0,0,1,0,0,1,0.14,0,0,0
Smoldering Spires,17,166,0,13,4,200,0,1,-1,1,0,1,0,1,0,0,0,0,0,0,0,0,1,0,0,0.15,0,0,0
Snake of the Golden Grove,25,211,37,15,16,304,1,1,0,1,1,1,5,1,0,0,0,0,0,0,0,1,0,0,1,0.14,0,0,0
Snake Umbra,11,242,0,19,18,290,1,1,0,1,1,1,3,1,0,0,0,0,0,1,0,0,0,0,1,0.21,0,0,0
Snakeform,9,128,86,10,7,240,2,2,0,1,0,1,3,1,0,0,0,1,0,0,0,0,0,0,1,0.17,0,0,0
Snapback,8,122,117,12,7,266,1,1,0,1,0,1,2,1,0,0,0,1,0,0,0,0,0,0,1,0.16,0,0,0
Snapping Creeper,16,121,70,20,16,243,1,1,0,1,1,1,3,1,0,0,0,0,0,0,0,1,0,0,1,0.15,0,0,0
Snapping Drake,14,6,115,11,16,162,1,1,0,1,1,1,4,1,0,0,0,0,0,0,0,1,0,0,1,0.15,0,0,0
Snapping Drake,14,6,115,11,16,162,1,1,0,1,1,1,4,1,0,0,0,0,0,0,0,1,0,0,1,0.15,0,0,0
Snapping Drake,14,6,101,13,16,150,1,1,0,1,1,1,4,1,0,0,0,0,0,0,0,1,0,0,1,0.15,0,0,0
Snapping Gnarlid,16,116,73,10,16,231,1,1,0,1,1,1,2,1,0,0,0,0,0,0,0,1,0,0,1,0.13,0,0,0
Snapsail Glider,15,87,133,14,29,278,0,0,0,2,1,1,3,1,0,0,0,0,0,0,1,1,0,0,0,0.14,0,0,0
Snare the Skies,15,99,72,8,7,201,1,1,0,1,0,1,1,1,0,0,0,1,0,0,0,0,0,0,1,0.14,0,0,0
Sneaky Homunculus,17,81,63,16,30,207,1,1,0,1,2,1,2,1,0,0,0,0,0,0,0,1,0,0,1,0.15,0,0,0
Snowhorn Rider,14,133,63,16,24,250,3,3,0,1,2,1,6,1,0,0,0,0,0,0,0,1,0,0,3,0.14,0,0,0
Soaring Hope,12,159,0,17,18,206,1,1,0,1,1,1,5,1,0,0,0,0,0,1,0,0,0,0,1,0.15,0,0,0
Soaring Seacliff,16,173,0,4,4,197,0,1,-1,1,0,1,0,1,0,0,0,0,0,0,0,0,1,0,0,0.15,0,0,0
Sokenzan Bruiser,16,94,234,13,23,380,1,1,0,1,2,1,5,1,0,0,0,0,0,0,0,1,0,0,1,0.15,0,0,0
Sokenzan Spellblade,19,197,0,14,30,260,1,1,0,1,3,1,5,1,0,0,0,0,0,0,0,1,0,0,1,0.15,0,0,0
Soldier Replica,15,107,29,14,27,192,0,1,-1,2,1,1,3,1,0,0,0,0,0,0,1,1,0,0,0,0.14,0,0,0
Solemn Offering,15,56,77,8,7,163,1,1,0,1,0,1,3,1,0,0,0,0,1,0,0,0,0,0,1,0.14,0,0,0
Solemn Offering,15,56,90,8,7,176,1,1,0,1,0,1,3,1,0,0,0,0,1,0,0,0,0,0,1,0.14,0,0,0
Solemn Offering,15,56,91,8,7,177,1,1,0,1,0,1,3,1,0,0,0,0,1,0,0,0,0,0,1,0.14,0,0,0
Solemn Offering,15,56,77,8,7,163,1,1,0,1,0,1,3,1,0,0,0,0,1,0,0,0,0,0,1,0.15,0,0,0
Solidarity,10,50,90,13,7,170,1,1,0,1,0,1,4,1,0,0,0,1,0,0,0,0,0,0,1,0.15,0,0,0
Solitary Camel,14,176,44,12,16,262,1,1,0,1,1,1,3,1,0,0,0,0,0,0,0,1,0,0,1,0.14,0,0,0
Solitary Hunter,15,93,79,16,33,236,1,1,0,1,3,1,4,1,0,0,0,0,0,0,0,1,0,0,1,0.15,0,0,0
Soliton,7,19,133,11,29,199,0,1,-1,2,1,1,5,1,0,0,0,0,0,0,1,1,0,0,0,0.14,0,0,0
Somber Hoverguard,17,96,79,8,16,216,1,1,0,1,1,1,6,1,0,0,0,0,0,0,0,1,0,0,1,0.15,0,0,0
Somberwald Dryad,16,90,91,11,16,224,1,1,0,1,1,1,2,1,0,0,0,0,0,0,0,1,0,0,1,0.13,0,0,0
Somberwald Spider,17,164,79,11,17,288,1,1,0,1,1,1,5,1,0,0,0,0,0,0,0,1,0,0,1,0.14,0,0,0
Somberwald Vigilante,20,114,39,11,24,208,1,1,0,1,2,1,1,1,0,0,0,0,0,0,0,1,0,0,1,0.13,0,0,0
Somnomancer,11,69,32,15,25,152,2,2,0,1,2,1,2,1,0,0,0,0,0,0,0,1,0,0,1,0.15,0,0,0
Sootstoke Kindler,17,70,64,8,27,186,2,2,0,1,2,1,2,1,0,0,0,0,0,0,0,1,0,0,1,0.16,0,0,0
Sootwalkers,11,48,149,9,26,243,2,2,0,1,2,1,4,1,0,0,0,0,0,0,0,1,0,0,2,0.15,0,0,0
Soratami Cloudskater,20,92,80,14,25,231,1,1,0,1,2,1,2,1,0,0,0,0,0,0,0,1,0,0,1,0.15,0,0,0
Soratami Mirror-Guard,21,123,0,13,26,183,1,1,0,1,2,1,4,1,0,0,0,0,0,0,0,1,0,0,1,0.15,0,0,0
Soratami Rainshaper,19,167,0,6,26,218,1,1,0,1,2,1,3,1,0,0,0,0,0,0,0,1,0,0,1,0.15,0,0,0
Sorin's Thirst,14,69,56,13,7,159,1,1,0,1,0,1,2,1,0,0,0,1,0,0,0,0,0,0,2,0.15,0,0,0
Soul Bleed,10,109,62,29,18,228,1,1,0,1,1,1,3,1,0,0,0,0,0,1,0,0,0,0,1,0.14,0,0,0
Soul Manipulation,17,117,51,14,7,206,2,2,0,1,0,1,3,1,0,0,0,1,0,0,0,0,0,0,2,0.21,0,0,0
Soul of Magma,13,92,192,13,17,327,1,1,0,1,1,1,5,1,0,0,0,0,0,0,0,1,0,0,2,0.15,0,0,0
Soul Parry,10,68,91,13,7,189,1,1,0,1,0,1,2,1,0,0,0,1,0,0,0,0,0,0,1,0.14,0,0,0
Soul Reap,9,107,97,4,7,224,1,1,0,1,0,1,2,1,0,0,0,0,1,0,0,0,0,0,1,0.15,0,0,0
Soul Stair Expedition,21,269,0,17,11,318,1,1,0,1,0,1,1,1,0,0,0,0,0,1,0,0,0,0,1,0.15,0,0,0
Soul Summons,12,165,75,12,7,271,1,1,0,1,0,1,2,1,0,0,0,0,1,0,0,0,0,0,1,0.14,0,0,0
Soul Warden,11,66,146,14,23,260,1,1,0,1,2,1,1,1,0,0,0,0,0,0,0,1,0,0,1,0.62,0,0,0
Soulbright Flamekin,19,172,79,10,27,307,1,1,0,1,2,1,2,1,0,0,0,0,0,0,0,1,0,0,1,0.17,0,0,0
Soulcage Fiend,14,51,123,14,16,218,1,1,0,1,1,1,3,1,0,0,0,0,0,0,0,1,0,0,2,0.15,0,0,0
Soulless Revival,16,233,0,11,16,276,1,1,0,1,1,1,2,1,0,0,0,1,0,0,0,0,0,0,1,0.16,0,0,0
Soulmender,10,21,76,11,23,141,1,1,0,1,2,1,1,1,0,0,0,0,0,0,0,1,0,0,1,0.15,0,0,0
Soulmender,10,21,76,11,23,141,1,1,0,1,2,1,1,1,0,0,0,0,0,0,0,1,0,0,1,0.15,0,0,0
Soul's Attendant,16,70,153,14,23,276,1,1,0,1,2,1,1,1,0,0,0,0,0,0,0,1,0,0,1,1.78,1,0,0
Soul's Fire,11,108,40,14,7,180,1,1,0,1,0,1,3,1,0,0,0,1,0,0,0,0,0,0,1,0.2,0,0,0
Soul's Grace,12,47,45,19,7,130,1,1,0,1,0,1,2,1,0,0,0,1,0,0,0,0,0,0,1,0.15,0,0,0
Soul's Might,12,74,43,10,7,146,1,1,0,1,0,1,5,1,0,0,0,0,1,0,0,0,0,0,1,0.16,0,0,0
Soulstinger,11,204,0,10,25,250,1,1,0,1,2,1,4,1,0,0,0,0,0,0,0,1,0,0,1,0.13,0,0,0
Soulsworn Jury,14,103,94,29,17,257,1,2,-1,1,1,1,3,1,0,0,0,0,0,0,0,1,0,0,1,0.15,0,0,0
Sound the Call,14,127,122,10,7,280,1,1,0,1,0,1,3,1,0,0,0,0,1,0,0,0,0,0,1,0.15,0,0,0
Spare from Evil,15,81,108,11,7,222,1,1,0,1,0,1,2,1,0,0,0,1,0,0,0,0,0,0,1,0.14,0,0,0
Spark Elemental,15,310,112,9,20,466,1,1,0,1,1,1,1,1,0,0,0,0,0,0,0,1,0,0,1,0.49,0,0,0
Spark Jolt,10,156,75,11,7,259,1,1,0,1,0,1,1,1,0,0,0,1,0,0,0,0,0,0,1,0.14,0,0,0
Sparkmage Apprentice,20,97,80,11,23,231,1,1,0,1,2,1,2,1,0,0,0,0,0,0,0,1,0,0,1,0.14,0,0,0
Sparkmage Apprentice,20,97,102,10,23,252,1,1,0,1,2,1,2,1,0,0,0,0,0,0,0,1,0,0,1,0.15,0,0,0
Sparkmage's Gambit,18,111,76,15,7,227,1,1,0,1,0,1,2,1,0,0,0,0,1,0,0,0,0,0,1,0.13,0,0,0
Sparring Collar,15,179,0,19,20,233,0,1,-1,1,1,1,2,1,0,0,0,0,0,0,1,0,0,0,0,0.15,0,0,0
Sparring Mummy,14,66,115,13,17,225,1,1,0,1,1,1,4,1,0,0,0,0,0,0,0,1,0,0,1,0.12,0,0,0
Spawn of Rix Maadi,18,142,103,7,17,287,2,2,0,1,1,1,5,1,0,0,0,0,0,0,0,1,0,0,2,0.14,0,0,0
Spawnbinder Mage,16,68,60,9,28,181,1,1,0,1,3,1,4,1,0,0,0,0,0,0,0,1,0,0,1,0.12,0,0,0
Spawning Breath,15,174,41,14,7,251,1,1,0,1,0,1,2,1,0,0,0,1,0,0,0,0,0,0,1,0.17,0,0,0
Spearpoint Oread,16,229,0,13,28,286,1,1,0,2,1,1,3,1,0,0,0,0,0,1,0,1,0,0,1,0.14,0,0,0
Spectral Flight,15,62,105,12,18,212,1,1,0,1,1,1,2,1,0,0,0,0,0,1,0,0,0,0,1,0.15,0,0,0
Spectral Gateguards,19,259,0,13,25,316,1,1,0,1,2,1,5,1,0,0,0,0,0,0,0,1,0,0,1,0.14,0,0,0
Spectral Prison,15,167,0,13,18,213,1,1,0,1,1,1,2,1,0,0,0,0,0,1,0,0,0,0,1,0.14,0,0,0
Spectral Reserves,17,73,109,12,7,218,1,1,0,1,0,1,4,1,0,0,0,0,1,0,0,0,0,0,1,0.14,0,0,0
Spell Pierce,12,64,51,20,7,154,1,1,0,1,0,1,1,1,0,0,0,1,0,0,0,0,0,0,1,0.2,0,0,0
Spell Pierce,12,64,58,12,7,153,1,1,0,1,0,1,1,1,0,0,0,1,0,0,0,0,0,0,1,0.67,0,0,0
Spell Rupture,13,111,83,10,7,224,1,1,0,1,0,1,2,1,0,0,0,1,0,0,0,0,0,0,1,0.15,0,0,0
Spell Shrivel,13,181,0,9,7,210,0,1,-1,1,0,1,3,1,0,0,0,1,0,0,0,0,0,0,1,0.15,0,0,0
Spell Snip,10,103,98,14,7,232,1,1,0,1,0,1,3,1,0,0,0,1,0,0,0,0,0,0,1,0.15,0,0,0
Spell Syphon,12,88,135,9,7,251,1,1,0,1,0,1,2,1,0,0,0,1,0,0,0,0,0,0,1,0.16,0,0,0
Spellstutter Sprite,19,164,0,12,24,219,1,1,0,1,2,1,2,1,0,0,0,0,0,0,0,1,0,0,1,1.3,1,0,0
Spellweaver Eternal,19,175,75,11,29,309,1,1,0,1,3,1,2,1,0,0,0,0,0,0,0,1,0,0,1,0.14,0,0,0
Sphere of Purity,16,66,24,13,11,130,1,1,0,1,0,1,4,1,0,0,0,0,0,1,0,0,0,0,1,0.15,0,0,0
Sphinx's Disciple,17,75,72,18,23,205,1,1,0,1,2,1,5,1,0,0,0,0,0,0,0,1,0,0,2,0.14,0,0,0
Spider Umbra,12,212,0,19,18,261,1,1,0,1,1,1,1,1,0,0,0,0,0,1,0,0,0,0,1,0.56,0,0,0
Spidersilk Net,14,162,78,12,20,286,0,0,0,1,1,1,0,1,0,0,0,0,0,0,1,0,0,0,0,0.16,0,0,0
Spidersilk Net,14,162,0,29,20,225,0,0,0,1,1,1,0,1,0,0,0,0,0,0,1,0,0,0,0,0.17,0,0,0
Spiderwig Boggart,17,167,111,16,24,335,1,1,0,1,2,1,3,1,0,0,0,0,0,0,0,1,0,0,1,0.15,0,0,0
Spidery Grasp,13,109,54,9,7,192,1,1,0,1,0,1,3,1,0,0,0,1,0,0,0,0,0,0,1,0.12,0,0,0
Spidery Grasp,13,109,114,11,7,254,1,1,0,1,0,1,3,1,0,0,0,1,0,0,0,0,0,0,1,0.14,0,0,0
Spiked Baloth,13,106,36,7,16,178,1,1,0,1,1,1,4,1,0,0,0,0,0,0,0,1,0,0,1,0.14,0,0,0
Spikeshot Goblin,16,88,83,12,24,223,1,1,0,1,2,1,3,1,0,0,0,0,0,0,0,1,0,0,1,0.15,0,0,0
Spiketail Drakeling,19,90,106,11,16,242,1,1,0,1,1,1,3,1,0,0,0,0,0,0,0,1,0,0,2,0.15,0,0,0
Spike-Tailed Ceratops,21,67,83,13,19,203,1,1,0,1,1,1,5,1,0,0,0,0,0,0,0,1,0,0,1,0.14,0,0,0
Spin Engine,11,55,112,12,29,219,0,1,-1,2,1,1,3,1,0,0,0,0,0,0,1,1,0,0,0,0.14,0,0,0
Spined Thopter,14,53,79,12,27,185,1,1,0,2,1,1,3,1,0,0,0,0,0,0,1,1,0,0,1,0.14,0,0,0
Spined Wurm,11,0,198,15,15,239,1,1,0,1,1,1,5,1,0,0,0,0,0,0,0,1,0,0,1,0.15,0,0,0
Spined Wurm,11,0,198,14,15,238,1,1,0,1,1,1,5,1,0,0,0,0,0,0,0,1,0,0,1,0.15,0,0,0
Spined Wurm,11,0,101,14,15,141,1,1,0,1,1,1,5,1,0,0,0,0,0,0,0,1,0,0,1,0.15,0,0,0
Spined Wurm,11,0,146,14,15,186,1,1,0,1,1,1,5,1,0,0,0,0,0,0,0,1,0,0,1,0.15,0,0,0
Spineless Thug,14,27,54,17,27,139,1,1,0,1,2,1,2,1,0,0,0,0,0,0,0,1,0,0,1,0.15,0,0,0
Spineless Thug,14,27,54,17,27,139,1,1,0,1,2,1,2,1,0,0,0,0,0,0,0,1,0,0,1,0.15,0,0,0
Spineless Thug,14,27,54,17,27,139,1,1,0,1,2,1,2,1,0,0,0,0,0,0,0,1,0,0,1,0.15,0,0,0
Spinneret Sliver,16,72,112,14,17,231,1,1,0,1,1,1,2,1,0,0,0,0,0,0,0,1,0,0,1,0.6,0,0,0
Spiraling Embers,16,101,67,6,16,206,1,1,0,1,1,1,4,1,0,0,0,0,1,0,0,0,0,0,1,0.15,0,0,0
Spire Barrage,13,101,79,13,7,213,1,1,0,1,0,1,5,1,0,0,0,0,1,0,0,0,0,0,1,0.14,0,0,0
Spire Golem,11,92,114,11,25,253,0,0,0,2,1,1,6,1,0,0,0,0,0,0,1,1,0,0,0,0.33,0,0,0
Spire Monitor,13,74,59,16,16,178,1,1,0,1,1,1,5,1,0,0,0,0,0,0,0,1,0,0,1,0.14,0,0,0
Spire Serpent,13,144,82,12,18,269,1,1,0,1,1,1,5,1,0,0,0,0,0,0,0,1,0,0,1,0.12,0,0,0
Spire Tracer,12,71,78,19,20,200,1,1,0,1,2,1,1,1,0,0,0,0,0,0,0,1,0,0,1,0.15,0,0,0
Spireside Infiltrator,21,82,95,20,22,240,1,1,0,1,2,1,3,1,0,0,0,0,0,0,0,1,0,0,1,0.11,0,0,0
Spiritual Visit,15,214,0,12,16,257,1,1,0,1,1,1,1,1,0,0,0,1,0,0,0,0,0,0,1,0.15,0,0,0
Spiteful Shadows,16,106,101,11,18,252,1,1,0,1,1,1,2,1,0,0,0,0,0,1,0,0,0,0,1,0.14,0,0,0
Spitting Earth,14,92,75,15,7,203,1,1,0,1,0,1,2,1,0,0,0,0,1,0,0,0,0,0,1,0.15,0,0,0
Spitting Sliver,15,39,150,11,17,232,1,1,0,1,1,1,5,1,0,0,0,0,0,0,0,1,0,0,1,0.15,0,0,0
Splatter Thug,13,155,90,10,24,292,1,1,0,1,2,1,3,1,0,0,0,0,0,0,0,1,0,0,1,0.14,0,0,0
Splendid Agony,14,64,128,13,7,226,1,1,0,1,0,1,3,1,0,0,0,1,0,0,0,0,0,0,1,0.15,0,0,0
Split-Tail Miko,15,95,167,10,21,308,1,1,0,1,2,1,2,1,0,0,0,0,0,0,0,1,0,0,1,0.15,0,0,0
Splitting Headache,18,148,80,14,7,267,1,1,0,1,0,1,4,1,0,0,0,0,1,0,0,0,0,0,1,0.15,0,0,0
Spontaneous Artist,18,136,81,12,22,269,1,1,0,1,2,1,4,1,0,0,0,0,0,0,0,1,0,0,1,0.1,0,0,0
Spontaneous Mutation,20,165,0,19,18,222,1,1,0,1,1,1,1,1,0,0,0,0,0,1,0,0,0,0,1,0.14,0,0,0
Sporeback Troll,15,247,0,9,23,294,1,1,0,1,2,1,4,1,0,0,0,0,0,0,0,1,0,0,1,0.17,0,0,0
Sporecap Spider,15,54,140,15,17,241,1,1,0,1,1,1,3,1,0,0,0,0,0,0,0,1,0,0,1,0.15,0,0,0
Sporemound,10,103,141,15,17,286,1,1,0,1,1,1,5,1,0,0,0,0,0,0,0,1,0,0,2,0.15,0,0,0
Sporoloth Ancient,17,194,0,9,17,237,1,1,0,1,1,1,5,1,0,0,0,0,0,0,0,1,0,0,2,0.18,0,0,0
Spread the Sickness,19,174,39,11,7,250,1,1,0,1,0,1,5,1,0,0,0,0,1,0,0,0,0,0,1,0.14,0,0,0
Spreading Rot,13,49,86,13,7,168,1,1,0,1,0,1,5,1,0,0,0,0,1,0,0,0,0,0,1,0.14,0,0,0
Spreading Seas,14,98,74,9,18,213,1,1,0,1,1,1,2,1,0,0,0,0,0,1,0,0,0,0,1,3.39,1,0,0
Spring Cleaning,15,288,0,14,7,324,1,1,0,1,0,1,2,1,0,0,0,1,0,0,0,0,0,0,1,0.15,0,0,0
Springjack Knight,17,302,0,15,25,359,1,1,0,1,2,1,3,1,0,0,0,0,0,0,0,1,0,0,1,0.15,0,0,0
Springleaf Drum,15,87,94,20,8,224,0,0,0,1,0,1,1,1,0,0,0,0,0,0,1,0,0,0,0,0.94,0,0,0
Springsage Ritual,17,56,80,9,7,169,1,1,0,1,0,1,4,1,0,0,0,1,0,0,0,0,0,0,1,0.14,0,0,0
Sprinting Warbrute,18,229,0,12,25,284,1,1,0,1,2,1,5,1,0,0,0,0,0,0,0,1,0,0,1,0.14,0,0,0
Sprout,6,44,163,17,7,237,1,1,0,1,0,1,1,1,0,0,0,1,0,0,0,0,0,0,1,0.15,0,0,0
Sprout Swarm,12,317,0,6,7,342,1,1,0,1,0,1,2,1,0,0,0,1,0,0,0,0,0,0,1,0.48,0,0,0
Squadron Hawk,13,185,0,13,15,226,1,1,0,1,1,1,2,1,0,0,0,0,0,0,0,1,0,0,1,0.25,0,0,0
Squall Drifter,14,37,177,11,25,264,1,1,0,1,1,1,2,1,0,0,0,0,0,0,0,1,0,0,1,0.15,0,0,0
Squeaking Pie Grubfellows,25,210,0,11,24,270,1,1,0,1,2,1,4,1,0,0,0,0,0,0,0,1,0,0,1,0.15,0,0,0
Stab Wound,10,140,0,10,18,178,1,1,0,1,1,1,3,1,0,0,0,0,0,1,0,0,0,0,1,0.15,0,0,0
Stabbing Pain,13,64,109,29,7,222,1,1,0,1,0,1,1,1,0,0,0,1,0,0,0,0,0,0,1,0.15,0,0,0
Staggershock,12,233,0,16,7,268,1,1,0,1,0,1,3,1,0,0,0,1,0,0,0,0,0,0,1,0.19,0,0,0
Stalking Drone,14,158,103,15,24,314,0,1,-1,1,2,1,2,1,0,0,0,0,0,0,0,1,0,0,1,0.14,0,0,0
Stalking Tiger,14,58,73,14,14,173,1,1,0,1,1,1,4,1,0,0,0,0,0,0,0,1,0,0,1,0.16,0,0,0
Stallion of Ashmouth,20,164,77,10,26,297,1,1,0,1,2,1,4,1,0,0,0,0,0,0,0,1,0,0,1,0.14,0,0,0
Stalwart Aven,13,217,0,12,23,265,1,1,0,1,2,1,3,1,0,0,0,0,0,0,0,1,0,0,1,0.14,0,0,0
Stalwart Shield-Bearers,23,61,108,10,24,226,1,1,0,1,2,1,2,1,0,0,0,0,0,0,0,1,0,0,1,0.18,0,0,0
Stampeding Elk Herd,19,160,92,10,14,295,1,1,0,1,1,1,5,1,0,0,0,0,0,0,0,1,0,0,2,0.14,0,0,0
Stampeding Rhino,16,106,90,15,16,243,1,1,0,1,1,1,5,1,0,0,0,0,0,0,0,1,0,0,1,0.14,0,0,0
Stampeding Rhino,16,106,85,15,16,238,1,1,0,1,1,1,5,1,0,0,0,0,0,0,0,1,0,0,1,0.15,0,0,0
Stand Firm,10,190,0,12,7,219,1,1,0,1,0,1,1,1,0,0,0,1,0,0,0,0,0,0,1,0.14,0,0,0
Standing Troops,15,9,47,11,24,106,1,1,0,1,2,1,3,1,0,0,0,0,0,0,0,1,0,0,1,0.15,0,0,0
Starfall,8,134,78,10,7,237,1,1,0,1,0,1,5,1,0,0,0,1,0,0,0,0,0,0,1,0.15,0,0,0
Stasis Cell,11,132,106,14,18,281,1,1,0,1,1,1,5,1,0,0,0,0,0,1,0,0,0,0,1,0.15,0,0,0
Stasis Cocoon,13,106,79,10,18,226,1,1,0,1,1,1,2,1,0,0,0,0,0,1,0,0,0,0,1,0.15,0,0,0
Statute of Denial,17,87,100,12,7,223,1,1,0,1,0,1,4,1,0,0,0,1,0,0,0,0,0,0,2,0.14,0,0,0
Staunch-Hearted Warrior,23,123,65,12,24,247,1,1,0,1,2,1,4,1,0,0,0,0,0,0,0,1,0,0,1,0.14,0,0,0
Stave Off,9,81,0,8,7,105,1,1,0,1,0,1,1,1,0,0,0,1,0,0,0,0,0,0,1,0.15,0,0,0
Steadfast Cathar,16,67,94,9,24,210,1,1,0,1,2,1,2,1,0,0,0,0,0,0,0,1,0,0,1,0.12,0,0,0
Steadfast Guard,15,57,145,15,22,254,1,1,0,1,2,1,2,1,0,0,0,0,0,0,0,1,0,0,2,0.16,0,0,0
Steadfast Sentinel,18,209,0,13,23,263,1,1,0,1,2,1,4,1,0,0,0,0,0,0,0,1,0,0,1,0.12,0,0,0
Steady Progress,15,157,55,14,7,248,1,1,0,1,0,1,3,1,0,0,0,1,0,0,0,0,0,0,1,0.19,0,0,0
Stealer of Secrets,18,73,119,16,22,248,1,1,0,1,2,1,3,1,0,0,0,0,0,0,0,1,0,0,1,0.15,0,0,0
Steamcore Weird,15,134,94,13,16,272,1,2,-1,1,1,1,4,1,0,0,0,0,0,0,0,1,0,0,1,0.15,0,0,0
Steel of the Godhead,20,245,0,10,18,293,2,2,0,1,1,1,3,1,0,0,0,0,0,1,0,0,0,0,1,2.03,1,0,0
Steel Sabotage,14,91,99,7,7,218,1,1,0,1,0,1,1,1,0,0,0,1,0,0,0,0,0,0,1,0.14,0,0,0
Steel Wall,10,38,180,9,24,261,0,0,0,2,1,1,1,1,0,0,0,0,0,0,1,1,0,0,0,0.16,0,0,0
Steelclad Serpent,17,67,108,14,27,233,1,1,0,2,1,1,6,1,0,0,0,0,0,0,1,1,0,0,1,0.15,0,0,0
Steeling Stance,15,224,0,14,7,260,1,1,0,1,0,1,3,1,0,0,0,1,0,0,0,0,0,0,2,0.15,0,0,0
Steeple Roc,11,20,109,13,15,168,1,1,0,1,1,1,5,1,0,0,0,0,0,0,0,1,0,0,1,0.14,0,0,0
Stensia Banquet,15,105,66,14,7,207,1,1,0,1,0,1,3,1,0,0,0,0,1,0,0,0,0,0,1,0.14,0,0,0
Stensia Innkeeper,17,149,83,13,18,280,1,1,0,1,1,1,4,1,0,0,0,0,0,0,0,1,0,0,1,0.13,0,0,0
Steppe Lynx,11,111,122,9,14,267,1,1,0,1,1,1,1,1,0,0,0,0,0,0,0,1,0,0,1,0.18,0,0,0
Stern Constable,15,41,79,15,24,174,1,1,0,1,2,1,1,1,0,0,0,0,0,0,0,1,0,0,1,0.14,0,0,0
Steward of Valeron,18,41,135,12,29,235,2,2,0,1,3,1,2,1,0,0,0,0,0,0,0,1,0,0,2,0.2,0,0,0
Stinging Shot,13,107,70,12,7,209,1,1,0,1,0,1,1,1,0,0,0,1,0,0,0,0,0,0,1,0.14,0,0,0
Stingmoggie,11,147,67,11,20,256,1,1,0,1,1,1,4,1,0,0,0,0,0,0,0,1,0,0,1,0.15,0,0,0
Stingscourger,13,270,0,14,25,322,1,1,0,1,2,1,2,1,0,0,0,0,0,0,0,1,0,0,1,0.15,0,0,0
Stinkdrinker Daredevil,22,44,168,12,23,269,1,1,0,1,2,1,3,1,0,0,0,0,0,0,0,1,0,0,1,0.15,0,0,0
Stinkweed Imp,13,299,0,20,14,346,1,1,0,1,1,1,3,1,0,0,0,0,0,0,0,1,0,0,1,0.5,0,0,0
Stir the Grave,14,102,129,10,7,262,1,1,0,1,0,1,1,1,0,0,0,0,1,0,0,0,0,0,1,0.15,0,0,0
Stitched Drake,14,95,99,10,23,241,1,1,0,1,2,1,3,1,0,0,0,0,0,0,0,1,0,0,2,0.14,0,0,0
Stitched Mangler,16,204,0,12,24,256,1,1,0,1,2,1,3,1,0,0,0,0,0,0,0,1,0,0,1,0.15,0,0,0
Stitcher's Apprentice,21,84,78,12,21,216,1,1,0,1,1,1,2,1,0,0,0,0,0,0,0,1,0,0,1,0.14,0,0,0
Stoic Builder,13,108,96,11,16,244,1,1,0,1,1,1,3,1,0,0,0,0,0,0,0,1,0,0,1,0.14,0,0,0
Stoic Rebuttal,14,112,102,10,7,245,1,1,0,1,0,1,3,1,0,0,0,1,0,0,0,0,0,0,2,0.15,0,0,0
Stomper Cub,11,7,154,13,16,201,1,1,0,1,1,1,5,1,0,0,0,0,0,0,0,1,0,0,2,0.15,0,0,0
Stone Haven Medic,17,26,146,15,21,225,1,1,0,1,2,1,2,1,0,0,0,0,0,0,0,1,0,0,1,0.12,0,0,0
Stone Quarry,12,82,77,21,4,196,0,2,-2,1,0,1,0,1,0,0,0,0,0,0,0,0,1,0,0,0.16,0,0,0
Stone Quarry,12,82,117,14,4,229,0,2,-2,1,0,1,0,1,0,0,0,0,0,0,0,0,1,0,0,0.19,0,0,0
Stone Quarry,12,82,62,12,4,172,0,2,-2,1,0,1,0,1,0,0,0,0,0,0,0,0,1,0,0,0.2,0,0,0
Stone Rain,10,20,0,11,7,48,1,1,0,1,0,1,3,1,0,0,0,0,1,0,0,0,0,0,1,0.18,0,0,0
Stone Rain,10,20,0,11,7,48,1,1,0,1,0,1,3,1,0,0,0,0,1,0,0,0,0,0,1,0.19,0,0,0
Stone Rain,10,20,194,12,7,243,1,1,0,1,0,1,3,1,0,0,0,0,1,0,0,0,0,0,1,0.2,0,0,0
Stonefare Crocodile,19,133,77,16,20,265,1,2,-1,1,1,1,3,1,0,0,0,0,0,0,0,1,0,0,1,0.14,0,0,0
Stonefury,9,83,39,12,7,150,1,1,0,1,0,1,5,1,0,0,0,1,0,0,0,0,0,0,2,0.12,0,0,0
Stonehorn Dignitary,19,100,111,12,24,266,1,1,0,1,2,1,4,1,0,0,0,0,0,0,0,1,0,0,1,0.17,0,0,0
Stone-Seeder Hierophant,23,113,69,15,22,242,1,1,0,1,2,1,4,1,0,0,0,0,0,0,0,1,0,0,2,0.16,0,0,0
Stonewise Fortifier,19,99,96,18,23,255,1,1,0,1,2,1,2,1,0,0,0,0,0,0,0,1,0,0,1,0.15,0,0,0
Stonework Puma,14,0,157,19,28,218,0,0,0,2,2,1,3,1,0,0,0,0,0,0,1,1,0,0,0,0.14,0,0,0
Stonybrook Angler,17,50,181,16,25,289,1,1,0,1,2,1,2,1,0,0,0,0,0,0,0,1,0,0,1,0.15,0,0,0
Stonybrook Banneret,19,156,108,13,25,321,1,1,0,1,2,1,2,1,0,0,0,0,0,0,0,1,0,0,1,1.49,1,0,0
Stonybrook Schoolmaster,23,105,114,28,25,295,1,1,0,1,2,1,3,1,0,0,0,0,0,0,0,1,0,0,1,0.19,0,0,0
Storm Crow,10,81,81,11,15,198,1,1,0,1,1,1,2,1,0,0,0,0,0,0,0,1,0,0,1,0.2,0,0,0
Storm Crow,10,81,81,11,15,198,1,1,0,1,1,1,2,1,0,0,0,0,0,0,0,1,0,0,1,0.22,0,0,0
Storm Fleet Pyromancer,22,169,0,13,30,234,1,1,0,1,3,1,5,1,0,0,0,0,0,0,0,1,0,0,1,0.14,0,0,0
Storm Sculptor,14,127,64,19,25,249,1,1,0,1,2,1,4,1,0,0,0,0,0,0,0,1,0,0,1,0.14,0,0,0
Stormbound Geist,16,214,0,9,17,256,1,1,0,1,1,1,3,1,0,0,0,0,0,0,0,1,0,0,2,0.23,0,0,0
Stormcaller's Boon,18,323,0,17,11,369,2,2,0,1,0,1,4,1,0,0,0,0,0,1,0,0,0,0,2,0.15,0,0,0
Stormfront Pegasus,18,6,146,7,18,195,1,1,0,1,1,1,2,1,0,0,0,0,0,0,0,1,0,0,1,0.14,0,0,0
Stormfront Pegasus,18,6,54,7,18,103,1,1,0,1,1,1,2,1,0,0,0,0,0,0,0,1,0,0,1,0.14,0,0,0
Stormfront Pegasus,18,6,146,7,18,195,1,1,0,1,1,1,2,1,0,0,0,0,0,0,0,1,0,0,1,0.15,0,0,0
Stormrider Spirit,17,74,41,12,17,161,1,1,0,1,1,1,5,1,0,0,0,0,0,0,0,1,0,0,1,0.14,0,0,0
Strands of Undeath,18,134,101,11,18,282,1,1,0,1,1,1,4,1,0,0,0,0,0,1,0,0,0,0,1,0.15,0,0,0
Strange Augmentation,20,178,0,12,18,228,1,1,0,1,1,1,1,1,0,0,0,0,0,1,0,0,0,0,1,0.14,0,0,0
Strangling Soot,15,150,69,10,7,251,1,2,-1,1,0,1,3,1,0,0,0,1,0,0,0,0,0,0,1,0.14,0,0,0
Strategic Planning,18,109,108,12,7,254,1,1,0,1,0,1,2,1,0,0,0,0,1,0,0,0,0,0,1,0.16,0,0,0
Stratus Walk,12,223,0,12,18,265,1,1,0,1,1,1,2,1,0,0,0,0,0,1,0,0,0,0,1,0.13,0,0,0
Stratus Walk,12,223,0,12,18,265,1,1,0,1,1,1,2,1,0,0,0,0,0,1,0,0,0,0,1,0.15,0,0,0
Stream Hopper,13,52,86,11,17,179,2,2,0,1,1,1,1,1,0,0,0,0,0,0,0,1,0,0,1,0.15,0,0,0
Stream of Unconsciousness,25,83,105,12,23,248,1,1,0,2,1,1,1,1,0,0,0,1,0,0,0,0,0,0,1,0.15,0,0,0
Streambed Aquitects,19,203,118,16,24,380,1,1,0,1,2,1,3,1,0,0,0,0,0,0,0,1,0,0,2,0.16,0,0,0
Street Savvy,12,138,73,10,18,251,1,1,0,1,1,1,1,1,0,0,0,0,0,1,0,0,0,0,1,0.15,0,0,0
Streetbreaker Wurm,18,0,195,16,15,244,2,2,0,1,1,1,5,1,0,0,0,0,0,0,0,1,0,0,2,0.15,0,0,0
Strength in Numbers,19,110,131,11,7,278,1,1,0,1,0,1,2,1,0,0,0,1,0,0,0,0,0,0,1,0.15,0,0,0
Strength of Arms,16,123,115,11,7,272,1,1,0,1,0,1,1,1,0,0,0,1,0,0,0,0,0,0,1,0.14,0,0,0
Strider Harness,15,53,88,12,20,188,0,0,0,1,1,1,3,1,0,0,0,0,0,0,1,0,0,0,0,0.12,0,0,0
Striking Sliver,15,112,71,14,17,229,1,1,0,1,1,1,1,1,0,0,0,0,0,0,0,1,0,0,1,0.18,0,0,0
Strip Bare,10,60,86,13,7,176,1,1,0,1,0,1,1,1,0,0,0,1,0,0,0,0,0,0,1,0.15,0,0,0
Striped Riverwinder,19,142,67,16,18,262,1,1,0,1,1,1,7,1,0,0,0,0,0,0,0,1,0,0,1,0.15,0,0,0
Stromkirk Mentor,16,104,97,16,26,259,1,1,0,1,2,1,4,1,0,0,0,0,0,0,0,1,0,0,1,0.14,0,0,0
Stromkirk Patrol,16,85,86,13,26,226,1,1,0,1,2,1,5,1,0,0,0,0,0,0,0,1,0,0,1,0.14,0,0,0
Structural Collapse,19,99,58,10,7,193,1,1,0,1,0,1,6,1,0,0,0,0,1,0,0,0,0,0,1,0.14,0,0,0
Structural Distortion,21,99,81,9,7,217,1,1,0,1,0,1,4,1,0,0,0,0,1,0,0,0,0,0,1,0.14,0,0,0
Student of Ojutai,17,55,122,14,21,229,1,1,0,1,2,1,4,1,0,0,0,0,0,0,0,1,0,0,1,0.15,0,0,0
Stun,4,51,87,14,7,163,1,1,0,1,0,1,2,1,0,0,0,1,0,0,0,0,0,0,1,0.16,0,0,0
Stymied Hopes,13,153,58,16,7,247,1,1,0,1,0,1,2,1,0,0,0,1,0,0,0,0,0,0,1,0.13,0,0,0
Submerged Boneyard,18,88,84,14,4,208,0,2,-2,1,0,1,0,1,0,0,0,0,0,0,0,0,1,0,0,0.19,0,0,0
Submerged Boneyard,18,88,84,14,4,208,0,2,-2,1,0,1,0,1,0,0,0,0,0,0,0,0,1,0,0,0.21,0,0,0
Subterranean Scout,18,112,81,14,23,248,1,1,0,1,2,1,2,1,0,0,0,0,0,0,0,1,0,0,1,0.15,0,0,0
Subterranean Shambler,21,290,0,10,20,341,1,1,0,1,1,1,4,1,0,0,0,0,0,0,0,1,0,0,1,0.15,0,0,0
Subtle Strike,13,110,70,13,7,213,1,1,0,1,0,1,2,1,0,0,0,1,0,0,0,0,0,0,1,0.11,0,0,0
Succumb to Temptation,21,39,28,13,7,108,1,1,0,1,0,1,3,1,0,0,0,1,0,0,0,0,0,0,2,0.14,0,0,0
Sudden Storm,12,204,69,13,7,305,1,1,0,1,0,1,4,1,0,0,0,1,0,0,0,0,0,0,1,0.14,0,0,0
Suicidal Charge,15,130,81,7,11,244,2,2,0,1,0,1,5,1,0,0,0,0,0,1,0,0,0,0,2,0.15,0,0,0
Sultai Banner,13,98,35,16,8,170,0,3,-3,1,0,1,3,1,0,0,0,0,0,0,1,0,0,0,0,0.13,0,0,0
Sultai Emissary,15,199,71,15,25,325,1,1,0,1,2,1,2,1,0,0,0,0,0,0,0,1,0,0,1,0.15,0,0,0
Sultai Runemark,15,202,0,11,18,246,1,1,0,1,1,1,3,1,0,0,0,0,0,1,0,0,0,0,1,0.15,0,0,0
Sultai Scavenger,16,93,82,15,23,229,1,1,0,1,2,1,6,1,0,0,0,0,0,0,0,1,0,0,1,0.14,0,0,0
Sultai Skullkeeper,18,106,135,11,22,292,1,1,0,1,2,1,2,1,0,0,0,0,0,0,0,1,0,0,1,0.15,0,0,0
Summit Prowler,14,0,204,14,15,247,1,1,0,1,1,1,4,1,0,0,0,0,0,0,0,1,0,0,2,0.12,0,0,0
Summit Prowler,14,0,193,14,15,236,1,1,0,1,1,1,4,1,0,0,0,0,0,0,0,1,0,0,2,0.14,0,0,0
Sunbeam Spellbomb,17,97,55,10,8,187,0,1,-1,1,0,1,1,1,0,0,0,0,0,0,1,0,0,0,0,0.15,0,0,0
Sun-Crowned Hunters,19,92,49,12,19,191,1,1,0,1,1,1,6,1,0,0,0,0,0,0,0,1,0,0,2,0.13,0,0,0
Sundering Growth,16,118,71,13,7,225,2,2,0,1,0,1,2,1,0,0,0,1,0,0,0,0,0,0,2,0.16,0,0,0
Sundering Vitae,15,188,108,10,7,328,1,1,0,1,0,1,3,1,0,0,0,1,0,0,0,0,0,0,1,0.15,0,0,0
Sunflare Shaman,15,156,36,11,27,245,1,1,0,1,2,1,2,1,0,0,0,0,0,0,0,1,0,0,1,0.15,0,0,0
Sungrace Pegasus,16,162,67,12,18,275,1,1,0,1,1,1,2,1,0,0,0,0,0,0,0,1,0,0,1,0.15,0,0,0
Sunlance,8,52,111,11,7,189,1,1,0,1,0,1,1,1,0,0,0,0,1,0,0,0,0,0,1,0.18,0,0,0
Sunrise Seeker,14,253,0,14,22,303,1,1,0,1,2,1,5,1,0,0,0,0,0,0,0,1,0,0,1,0.13,0,0,0
Sun's Bounty,12,208,69,14,7,310,1,1,0,1,0,1,2,1,0,0,0,1,0,0,0,0,0,0,1,0.15,0,0,0
Sunscorched Desert,18,115,37,7,13,190,0,0,0,1,1,1,0,1,0,0,0,0,0,0,0,0,1,0,0,0.2,0,0,0
Sunspear Shikari,16,74,136,14,22,262,1,1,0,1,2,1,2,1,0,0,0,0,0,0,0,1,0,0,1,0.15,0,0,0
Sunspire Gatekeepers,20,140,58,6,24,248,1,1,0,1,2,1,4,1,0,0,0,0,0,0,0,1,0,0,1,0.14,0,0,0
Sunspire Griffin,16,6,106,13,18,159,1,1,0,1,1,1,3,1,0,0,0,0,0,0,0,1,0,0,2,0.15,0,0,0
Sunspring Expedition,20,211,0,17,11,259,1,1,0,1,0,1,1,1,0,0,0,0,0,1,0,0,0,0,1,0.15,0,0,0
Suntail Hawk,12,6,117,14,15,164,1,1,0,1,1,1,1,1,0,0,0,0,0,0,0,1,0,0,1,0.14,0,0,0
Suntail Hawk,12,6,50,14,15,97,1,1,0,1,1,1,1,1,0,0,0,0,0,0,0,1,0,0,1,0.15,0,0,0
Suntail Hawk,12,6,50,14,15,97,1,1,0,1,1,1,1,1,0,0,0,0,0,0,0,1,0,0,1,0.15,0,0,0
Suntail Hawk,12,6,50,14,15,97,1,1,0,1,1,1,1,1,0,0,0,0,0,0,0,1,0,0,1,0.15,0,0,0
Suntouched Myr,14,106,89,16,23,248,0,0,0,2,1,1,3,1,0,0,0,0,0,0,1,1,0,0,0,0.14,0,0,0
Supernatural Stamina,20,145,128,19,7,319,1,1,0,1,0,1,1,1,0,0,0,1,0,0,0,0,0,0,1,0.15,0,0,0
Supply Caravan,14,135,89,9,16,263,1,1,0,1,1,1,5,1,0,0,0,0,0,0,0,1,0,0,1,0.12,0,0,0
Supply-Line Cranes,18,94,70,16,15,213,1,1,0,1,1,1,5,1,0,0,0,0,0,0,0,1,0,0,2,0.15,0,0,0
Suppression Bonds,17,116,88,12,18,251,1,1,0,1,1,1,4,1,0,0,0,0,0,1,0,0,0,0,1,0.14,0,0,0
Sure Strike,11,68,93,12,7,191,1,1,0,1,0,1,2,1,0,0,0,1,0,0,0,0,0,0,1,0.12,0,0,0
Sure Strike,11,68,27,4,7,117,1,1,0,1,0,1,2,1,0,0,0,1,0,0,0,0,0,0,1,0.14,0,0,0
Surge of Thoughtweft,20,89,99,14,24,246,1,1,0,2,1,1,2,1,0,0,0,1,0,0,0,0,0,0,1,0.15,0,0,0
Surge of Zeal,13,108,63,12,7,203,1,1,0,1,0,1,1,1,0,0,0,1,0,0,0,0,0,0,1,0.15,0,0,0
Surging Aether,14,274,0,17,7,312,1,1,0,1,0,1,4,1,0,0,0,1,0,0,0,0,0,0,1,0.15,0,0,0
Surging Dementia,16,260,0,16,7,299,1,1,0,1,0,1,2,1,0,0,0,0,1,0,0,0,0,0,1,0.15,0,0,0
Surging Flame,13,288,0,11,7,319,1,1,0,1,0,1,2,1,0,0,0,1,0,0,0,0,0,0,1,0.15,0,0,0
Surging Might,13,277,0,12,18,320,1,1,0,1,1,1,3,1,0,0,0,0,0,1,0,0,0,0,1,0.15,0,0,0
Surging Sentinels,17,242,0,19,24,302,1,1,0,1,2,1,3,1,0,0,0,0,0,0,0,1,0,0,1,0.15,0,0,0
Surrakar Banisher,17,105,37,12,19,190,1,1,0,1,1,1,5,1,0,0,0,0,0,0,0,1,0,0,1,0.14,0,0,0
Surrakar Marauder,17,219,0,10,19,265,1,1,0,1,1,1,2,1,0,0,0,0,0,0,0,1,0,0,1,0.14,0,0,0
Surveilling Sprite,18,57,94,14,23,206,1,1,0,1,2,1,2,1,0,0,0,0,0,0,0,1,0,0,1,0.15,0,0,0
Survey the Wreckage,19,60,40,11,7,137,1,1,0,1,0,1,5,1,0,0,0,0,1,0,0,0,0,0,1,0.14,0,0,0
Survive the Night,17,232,64,15,7,335,1,1,0,1,0,1,3,1,0,0,0,1,0,0,0,0,0,0,1,0.14,0,0,0
Survivor of the Unseen,22,247,0,12,23,304,1,1,0,1,2,1,3,1,0,0,0,0,0,0,0,1,0,0,1,0.15,0,0,0
Survivors' Encampment,21,119,101,11,13,265,0,0,0,1,1,1,0,1,0,0,0,0,0,0,0,0,1,0,0,0.15,0,0,0
Suture Priest,13,199,0,13,17,242,1,1,0,1,1,1,2,1,0,0,0,0,0,0,0,1,0,0,1,0.3,0,0,0
Swarm Surge,11,157,76,15,7,266,0,1,-1,1,0,1,3,1,0,0,0,0,1,0,0,0,0,0,1,0.14,0,0,0
Swashbuckling,13,61,131,12,18,235,1,1,0,1,1,1,2,1,0,0,0,0,0,1,0,0,0,0,1,0.13,0,0,0
Sweatworks Brawler,18,139,84,11,26,278,1,1,0,1,2,1,4,1,0,0,0,0,0,0,0,1,0,0,1,0.13,0,0,0
Sweep Away,10,128,54,13,7,212,1,1,0,1,0,1,3,1,0,0,0,1,0,0,0,0,0,0,1,0.13,0,0,0
Swell of Growth,15,106,87,17,7,232,1,1,0,1,0,1,2,1,0,0,0,1,0,0,0,0,0,0,1,0.15,0,0,0
Swift Justice,13,82,68,13,7,183,1,1,0,1,0,1,1,1,0,0,0,1,0,0,0,0,0,0,1,0.14,0,0,0
Swift Kick,10,102,136,15,7,270,1,1,0,1,0,1,4,1,0,0,0,1,0,0,0,0,0,0,1,0.13,0,0,0
Swift Maneuver,14,141,107,14,7,283,1,1,0,1,0,1,2,1,0,0,0,1,0,0,0,0,0,0,1,0.15,0,0,0
Swift Spinner,13,122,67,9,17,228,1,1,0,1,1,1,4,1,0,0,0,0,0,0,0,1,0,0,1,0.14,0,0,0
Swiftwater Cliffs,17,151,0,10,4,182,0,2,-2,1,0,1,0,1,0,0,0,0,0,0,0,0,1,0,0,0.16,0,0,0
Swiftwater Cliffs,17,151,0,10,4,182,0,2,-2,1,0,1,0,1,0,0,0,0,0,0,0,0,1,0,0,0.16,0,0,0
Swordwise Centaur,17,0,298,15,26,356,1,1,0,1,2,1,2,1,0,0,0,0,0,0,0,1,0,0,2,0.14,0,0,0
Sylvan Bounty,13,189,41,10,7,260,1,1,0,1,0,1,6,1,0,0,0,1,0,0,0,0,0,0,1,0.15,0,0,0
Sylvan Ranger,13,154,46,19,20,252,1,1,0,1,2,1,2,1,0,0,0,0,0,0,0,1,0,0,1,0.15,0,0,0
Sylvok Explorer,15,96,83,13,22,229,1,1,0,1,2,1,2,1,0,0,0,0,0,0,0,1,0,0,1,0.14,0,0,0
Sylvok Lifestaff,16,89,67,17,20,209,0,0,0,1,1,1,1,1,0,0,0,0,0,0,1,0,0,0,0,0.15,0,0,0
Sylvok Replica,14,70,66,29,26,205,0,1,-1,2,1,1,3,1,0,0,0,0,0,0,1,1,0,0,0,0.15,0,0,0
Synchronous Sliver,18,36,169,10,17,250,1,1,0,1,1,1,5,1,0,0,0,0,0,0,0,1,0,0,1,0.16,0,0,0
Syndic of Tithes,16,121,72,14,23,246,1,1,0,1,2,1,2,1,0,0,0,0,0,0,0,1,0,0,1,0.15,0,0,0
Syndicate Enforcer,18,121,74,15,22,250,1,1,0,1,2,1,4,1,0,0,0,0,0,0,0,1,0,0,1,0.14,0,0,0
Tah-Crop Elite,14,177,0,12,23,226,1,1,0,1,2,1,4,1,0,0,0,0,0,0,0,1,0,0,1,0.13,0,0,0
Tah-Crop Skirmisher,19,181,83,20,23,326,1,1,0,1,2,1,2,1,0,0,0,0,0,0,0,1,0,0,1,0.12,0,0,0
Taigam's Scheming,17,141,93,15,7,273,1,1,0,1,0,1,2,1,0,0,0,0,1,0,0,0,0,0,1,0.13,0,0,0
Taigam's Strike,15,252,0,13,7,287,1,1,0,1,0,1,4,1,0,0,0,0,1,0,0,0,0,0,1,0.15,0,0,0
Tail Slash,10,97,94,14,7,222,1,1,0,1,0,1,3,1,0,0,0,1,0,0,0,0,0,0,1,0.14,0,0,0
Tainted Strike,14,170,51,11,7,253,1,1,0,1,0,1,1,1,0,0,0,1,0,0,0,0,0,0,1,0.21,0,0,0
Tajuru Beastmaster,18,145,74,14,27,278,1,1,0,1,3,1,6,1,0,0,0,0,0,0,0,1,0,0,1,0.12,0,0,0
Tajuru Pathwarden,17,18,119,20,27,201,1,1,0,1,3,1,5,1,0,0,0,0,0,0,0,1,0,0,1,0.14,0,0,0
Tajuru Stalwart,15,117,80,11,25,248,1,1,0,1,3,1,3,1,0,0,0,0,0,0,0,1,0,0,1,0.13,0,0,0
Take Down,9,128,42,4,7,190,1,1,0,1,0,1,1,1,0,0,0,0,1,0,0,0,0,0,1,0.11,0,0,0
Take into Custody,17,78,122,13,7,237,1,1,0,1,0,1,1,1,0,0,0,1,0,0,0,0,0,0,1,0.11,0,0,0
Take Inventory,14,97,52,12,7,182,1,1,0,1,0,1,2,1,0,0,0,0,1,0,0,0,0,0,1,0.15,0,0,0
Takeno's Cavalry,16,171,64,13,31,295,1,1,0,1,3,1,4,1,0,0,0,0,0,0,0,1,0,0,1,0.15,0,0,0
Takenuma Bleeder,16,90,77,10,22,215,1,1,0,1,2,1,3,1,0,0,0,0,0,0,0,1,0,0,1,0.15,0,0,0
Talara's Bane,13,183,51,13,7,267,1,1,0,1,0,1,2,1,0,0,0,0,1,0,0,0,0,0,1,0.15,0,0,0
Talon Trooper,13,6,119,12,21,171,2,2,0,1,2,1,3,1,0,0,0,0,0,0,0,1,0,0,2,0.15,0,0,0
Talons of Falkenrath,20,161,0,15,18,214,1,1,0,1,1,1,2,1,0,0,0,0,0,1,0,0,0,0,1,0.13,0,0,0
Tandem Tactics,14,77,82,13,7,193,1,1,0,1,0,1,2,1,0,0,0,1,0,0,0,0,0,0,1,0.12,0,0,0
Tangle Asp,10,100,126,11,16,263,1,1,0,1,1,1,2,1,0,0,0,0,0,0,0,1,0,0,1,0.15,0,0,0
Tangle Golem,12,85,103,12,25,237,0,0,0,2,1,1,7,1,0,0,0,0,0,0,1,1,0,0,0,0.15,0,0,0
Tangle Hulk,11,31,107,8,25,182,0,1,-1,2,1,1,5,1,0,0,0,0,0,0,1,1,0,0,0,0.13,0,0,0
Tangle Mantis,13,7,86,10,17,133,1,1,0,1,1,1,4,1,0,0,0,0,0,0,0,1,0,0,2,0.12,0,0,0
Tangle Spider,13,122,57,14,17,223,1,1,0,1,1,1,6,1,0,0,0,0,0,0,0,1,0,0,2,0.15,0,0,0
Tanglebloom,11,26,168,11,8,224,0,0,0,1,0,1,1,1,0,0,0,0,0,0,1,0,0,0,0,0.14,0,0,0
Tanglesap,9,85,62,14,7,177,1,1,0,1,0,1,2,1,0,0,0,1,0,0,0,0,0,0,1,0.14,0,0,0
Tar Snare,9,45,168,13,7,242,1,1,0,1,0,1,3,1,0,0,0,1,0,0,0,0,0,0,1,0.12,0,0,0
Tarfire,7,52,173,11,23,266,1,1,0,2,1,1,1,1,0,0,0,1,0,0,0,0,0,0,1,0.79,0,0,0
Tasigur's Cruelty,17,120,51,10,7,205,1,1,0,1,0,1,6,1,0,0,0,0,1,0,0,0,0,0,1,0.15,0,0,0
Tasseled Dromedary,18,0,130,12,16,176,1,1,0,1,1,1,1,1,0,0,0,0,0,0,0,1,0,0,1,0.11,0,0,0
Taste for Mayhem,16,140,75,16,18,265,1,1,0,1,1,1,1,1,0,0,0,0,0,1,0,0,0,0,1,0.15,0,0,0
Taste of Blood,14,67,175,11,7,274,1,1,0,1,0,1,1,1,0,0,0,0,1,0,0,0,0,0,1,0.15,0,0,0
Tattered Drake,14,38,95,11,23,181,1,2,-1,1,2,1,5,1,0,0,0,0,0,0,0,1,0,0,1,0.15,0,0,0
Tattered Haunter,16,61,55,9,17,158,1,1,0,1,1,1,2,1,0,0,0,0,0,0,0,1,0,0,1,0.14,0,0,0
Tattered Mummy,14,53,83,15,24,189,1,1,0,1,2,1,2,1,0,0,0,0,0,0,0,1,0,0,1,0.56,0,0,0
Tattermunge Duo,15,230,0,13,32,290,2,2,0,1,3,1,3,1,0,0,0,0,0,0,0,1,0,0,1,0.16,0,0,0
Teardrop Kami,13,62,166,14,17,272,1,1,0,1,1,1,1,1,0,0,0,0,0,0,0,1,0,0,1,0.16,0,0,0
Teetering Peaks,15,169,0,11,4,199,0,1,-1,1,0,1,0,1,0,0,0,0,0,0,0,0,1,0,0,0.15,0,0,0
Tel-Jilad Archers,17,81,93,15,21,227,1,1,0,1,2,1,5,1,0,0,0,0,0,0,0,1,0,0,1,0.15,0,0,0
Tel-Jilad Chosen,16,25,68,17,22,148,1,1,0,1,2,1,2,1,0,0,0,0,0,0,0,1,0,0,1,0.15,0,0,0
Tel-Jilad Defiance,18,79,142,11,7,257,1,1,0,1,0,1,2,1,0,0,0,1,0,0,0,0,0,0,1,0.14,0,0,0
Tel-Jilad Exile,15,35,113,12,24,199,1,1,0,1,2,1,4,1,0,0,0,0,0,0,0,1,0,0,1,0.15,0,0,0
Tel-Jilad Fallen,16,151,83,11,22,283,1,1,0,1,2,1,4,1,0,0,0,0,0,0,0,1,0,0,2,0.14,0,0,0
Tel-Jilad Lifebreather,22,57,43,10,23,155,1,1,0,1,2,1,5,1,0,0,0,0,0,0,0,1,0,0,1,0.14,0,0,0
Tel-Jilad Outrider,18,25,59,13,22,137,1,1,0,1,2,1,4,1,0,0,0,0,0,0,0,1,0,0,1,0.14,0,0,0
Tel-Jilad Wolf,14,109,84,13,15,235,1,1,0,1,1,1,3,1,0,0,0,0,0,0,0,1,0,0,1,0.14,0,0,0
Teller of Tales,15,88,71,10,17,201,1,1,0,1,1,1,5,1,0,0,0,0,0,0,0,1,0,0,2,0.15,0,0,0
Tempest Owl,11,173,0,9,15,208,1,1,0,1,1,1,2,1,0,0,0,0,0,0,0,1,0,0,1,0.14,0,0,0
Temporal Eddy,13,58,179,13,7,270,1,1,0,1,0,1,4,1,0,0,0,0,1,0,0,0,0,0,2,0.15,0,0,0
Temporal Isolation,18,237,0,14,18,287,1,1,0,1,1,1,2,1,0,0,0,0,0,1,0,0,0,0,1,0.2,0,0,0
Temur Banner,12,97,40,16,8,173,0,3,-3,1,0,1,3,1,0,0,0,0,0,0,1,0,0,0,0,0.14,0,0,0
Temur Battle Rage,17,224,0,11,7,259,1,1,0,1,0,1,2,1,0,0,0,1,0,0,0,0,0,0,1,0.29,0,0,0
Temur Runemark,14,126,0,18,18,176,1,1,0,1,1,1,3,1,0,0,0,0,0,1,0,0,0,0,1,0.14,0,0,0
Tendrils of Corruption,22,122,123,16,7,290,1,1,0,1,0,1,4,1,0,0,0,1,0,0,0,0,0,0,1,0.18,0,0,0
Tendrils of Corruption,22,122,62,12,7,225,1,1,0,1,0,1,4,1,0,0,0,1,0,0,0,0,0,0,1,0.18,0,0,0
Tenement Crasher,16,5,126,11,16,174,1,1,0,1,1,1,6,1,0,0,0,0,0,0,0,1,0,0,1,0.14,0,0,0
Terashi's Cry,13,33,123,10,16,195,1,1,0,1,1,1,4,1,0,0,0,0,1,0,0,0,0,0,1,0.15,0,0,0
Terashi's Grasp,15,87,197,10,16,325,1,1,0,1,1,1,3,1,0,0,0,0,1,0,0,0,0,0,1,0.15,0,0,0
Terminate,9,49,180,14,7,259,2,2,0,1,0,1,2,1,0,0,0,1,0,0,0,0,0,0,2,1.12,1,0,0
Terraformer,11,89,37,12,23,172,1,1,0,1,2,1,3,1,0,0,0,0,0,0,0,1,0,0,1,0.15,0,0,0
Terrain Elemental,17,0,105,17,20,159,1,1,0,1,1,1,2,1,0,0,0,0,0,0,0,1,0,0,1,0.15,0,0,0
Terramorphic Expanse,20,145,0,9,4,178,0,0,0,1,0,1,0,1,0,0,0,0,0,0,0,0,1,0,0,0.17,0,0,0
Terramorphic Expanse,20,145,135,9,4,313,0,0,0,1,0,1,0,1,0,0,0,0,0,0,0,0,1,0,0,0.19,0,0,0
Terramorphic Expanse,20,145,0,9,4,178,0,0,0,1,0,1,0,1,0,0,0,0,0,0,0,0,1,0,0,0.19,0,0,0
Terramorphic Expanse,20,145,135,9,4,313,0,0,0,1,0,1,0,1,0,0,0,0,0,0,0,0,1,0,0,0.2,0,0,0
Terrarion,9,206,0,12,8,235,0,0,0,1,0,1,1,1,0,0,0,0,0,0,1,0,0,0,0,0.14,0,0,0
Terrarion,9,206,0,12,8,235,0,0,0,1,0,1,1,1,0,0,0,0,0,0,1,0,0,0,0,0.17,0,0,0
Terrifying Presence,19,96,128,11,7,261,1,1,0,1,0,1,2,1,0,0,0,1,0,0,0,0,0,0,1,0.14,0,0,0
Territorial Baloth,18,118,97,12,16,261,1,1,0,1,1,1,5,1,0,0,0,0,0,0,0,1,0,0,1,0.13,0,0,0
Territorial Baloth,18,118,57,13,16,222,1,1,0,1,1,1,5,1,0,0,0,0,0,0,0,1,0,0,1,0.14,0,0,0
Territorial Hammerskull,23,83,51,15,19,191,1,1,0,1,1,1,3,1,0,0,0,0,0,0,0,1,0,0,1,0.12,0,0,0
Territorial Roc,15,6,166,7,15,209,1,1,0,1,1,1,2,1,0,0,0,0,0,0,0,1,0,0,1,0.14,0,0,0
Terror,6,71,113,9,7,206,1,1,0,1,0,1,2,1,0,0,0,1,0,0,0,0,0,0,1,0.16,0,0,0
Terror,6,71,0,8,7,92,1,1,0,1,0,1,2,1,0,0,0,1,0,0,0,0,0,0,1,0.2,0,0,0
Terror of the Fairgrounds,25,0,141,14,18,198,1,1,0,1,1,1,4,1,0,0,0,0,0,0,0,1,0,0,1,0.1,0,0,0
Terrus Wurm,11,168,83,12,22,296,1,1,0,1,2,1,7,1,0,0,0,0,0,0,0,1,0,0,1,0.14,0,0,0
Tezzeret's Ambition,19,62,87,14,7,189,1,1,0,1,0,1,5,1,0,0,0,0,1,0,0,0,0,0,2,0.11,0,0,0
Thallid Germinator,18,242,0,15,17,292,1,1,0,1,1,1,3,1,0,0,0,0,0,0,0,1,0,0,1,0.15,0,0,0
Thallid Shell-Dweller,21,188,0,14,17,240,1,1,0,1,1,1,2,1,0,0,0,0,0,0,0,1,0,0,1,0.17,0,0,0
Thassa's Bounty,15,105,130,8,7,265,1,1,0,1,0,1,6,1,0,0,0,0,1,0,0,0,0,0,1,0.14,0,0,0
Thassa's Devourer,17,194,76,13,32,332,1,1,0,2,1,1,5,1,0,0,0,0,0,1,0,1,0,0,1,0.15,0,0,0
Thatcher Revolt,15,116,84,13,7,235,1,1,0,1,0,1,3,1,0,0,0,0,1,0,0,0,0,0,1,0.15,0,0,0
Thermal Flux,12,181,0,13,7,213,1,1,0,1,0,1,1,1,0,0,0,1,0,0,0,0,0,0,1,0.15,0,0,0
Thermal Navigator,17,72,101,10,29,229,0,0,0,2,1,1,3,1,0,0,0,0,0,0,1,1,0,0,0,0.14,0,0,0
Thermo-Alchemist,16,134,47,16,23,236,1,1,0,1,2,1,2,1,0,0,0,0,0,0,0,1,0,0,1,0.21,0,0,0
Thermopod,9,149,101,14,20,293,1,1,0,1,1,1,5,1,0,0,0,0,0,0,0,1,0,0,1,0.16,0,0,0
Thieving Sprite,15,212,0,9,23,259,1,1,0,1,2,1,3,1,0,0,0,0,0,0,0,1,0,0,1,0.15,0,0,0
Think Twice,11,113,55,17,7,203,1,1,0,1,0,1,2,1,0,0,0,1,0,0,0,0,0,0,1,0.18,0,0,0
Think Twice,11,113,107,10,7,248,1,1,0,1,0,1,2,1,0,0,0,1,0,0,0,0,0,0,1,0.21,0,0,0
Thistledown Duo,15,158,0,29,33,235,2,2,0,1,3,1,3,1,0,0,0,0,0,0,0,1,0,0,1,0.15,0,0,0
Thornbow Archer,15,88,80,10,21,214,1,1,0,1,2,1,1,1,0,0,0,0,0,0,0,1,0,0,1,0.15,0,0,0
Thorned Moloch,14,151,98,11,17,291,1,1,0,1,1,1,3,1,0,0,0,0,0,0,0,1,0,0,1,0.11,0,0,0
Thornhide Wolves,16,0,181,12,15,224,1,1,0,1,1,1,5,1,0,0,0,0,0,0,0,1,0,0,1,0.14,0,0,0
Thorn-Thrash Viashino,21,225,0,10,27,283,1,2,-1,1,2,1,4,1,0,0,0,0,0,0,0,1,0,0,1,0.15,0,0,0
Thornwatch Scarecrow,20,210,0,12,29,271,0,0,0,2,1,1,6,1,0,0,0,0,0,0,1,1,0,0,0,0.16,0,0,0
Thornweald Archer,17,138,81,12,21,269,1,1,0,1,2,1,2,1,0,0,0,0,0,0,0,1,0,0,1,0.17,0,0,0
Thornwood Falls,15,147,0,10,4,176,0,2,-2,1,0,1,0,1,0,0,0,0,0,0,0,0,1,0,0,0.14,0,0,0
Thornwood Falls,15,147,0,10,4,176,0,2,-2,1,0,1,0,1,0,0,0,0,0,0,0,0,1,0,0,0.16,0,0,0
Those Who Serve,15,0,203,11,17,246,1,1,0,1,1,1,3,1,0,0,0,0,0,0,0,1,0,0,1,0.1,0,0,0
Thought Courier,15,38,100,14,23,190,1,1,0,1,2,1,2,1,0,0,0,0,0,0,0,1,0,0,1,0.15,0,0,0
Thought Scour,13,98,152,12,7,282,1,1,0,1,0,1,1,1,0,0,0,1,0,0,0,0,0,0,1,0.79,0,0,0
Thoughtbind,11,56,181,13,7,268,1,1,0,1,0,1,3,1,0,0,0,1,0,0,0,0,0,0,1,0.15,0,0,0
Thoughtcast,11,105,88,16,7,227,1,1,0,1,0,1,5,1,0,0,0,0,1,0,0,0,0,0,1,0.35,0,0,0
Thoughtpicker Witch,19,106,87,12,23,247,1,1,0,1,2,1,1,1,0,0,0,0,0,0,0,1,0,0,1,0.16,0,0,0
Thraben Foulbloods,18,206,89,20,23,356,1,1,0,1,2,1,3,1,0,0,0,0,0,0,0,1,0,0,1,0.13,0,0,0
Thraben Inspector,17,150,96,12,24,299,1,1,0,1,2,1,1,1,0,0,0,0,0,0,0,1,0,0,1,0.59,0,0,0
Thraben Militia,15,7,65,12,24,123,1,1,0,1,2,1,4,1,0,0,0,0,0,0,0,1,0,0,0,0.19,0,0,0
Thraben Purebloods,18,0,142,17,16,193,1,1,0,1,1,1,5,1,0,0,0,0,0,0,0,1,0,0,1,0.13,0,0,0
Thraben Sentry,14,87,44,12,24,181,1,1,0,1,2,1,4,1,0,0,0,0,0,0,0,1,0,0,1,0.19,0,0,0
Thraben Standard Bearer,23,77,71,11,24,206,1,1,0,1,2,1,1,1,0,0,0,0,0,0,0,1,0,0,1,0.14,0,0,0
Thraben Valiant,15,9,87,10,24,145,1,1,0,1,2,1,2,1,0,0,0,0,0,0,0,1,0,0,1,0.14,0,0,0
Thrash of Raptors,17,86,139,12,19,273,1,1,0,1,1,1,4,1,0,0,0,0,0,0,0,1,0,0,1,0.13,0,0,0
Thrashing Mossdog,17,229,0,11,22,279,1,1,0,1,2,1,4,1,0,0,0,0,0,0,0,1,0,0,1,0.14,0,0,0
Thresher Lizard,15,74,115,16,17,237,1,1,0,1,1,1,3,1,0,0,0,0,0,0,0,1,0,0,1,0.13,0,0,0
Thrill of the Hunt,18,143,0,14,7,182,1,2,-1,1,0,1,1,1,0,0,0,1,0,0,0,0,0,0,1,0.16,0,0,0
Thrive,6,50,149,11,7,223,1,1,0,1,0,1,1,1,0,0,0,0,1,0,0,0,0,0,1,0.16,0,0,0
Thriving Grubs,14,172,37,14,18,255,1,1,0,1,1,1,2,1,0,0,0,0,0,0,0,1,0,0,1,0.11,0,0,0
Thriving Ibex,13,170,78,19,15,295,1,1,0,1,1,1,4,1,0,0,0,0,0,0,0,1,0,0,1,0.11,0,0,0
Thriving Rats,13,170,69,10,14,276,1,1,0,1,1,1,2,1,0,0,0,0,0,0,0,1,0,0,1,0.1,0,0,0
Thriving Rhino,14,172,56,12,16,270,1,1,0,1,1,1,3,1,0,0,0,0,0,0,0,1,0,0,1,0.12,0,0,0
Thriving Turtle,15,174,62,12,17,280,1,1,0,1,1,1,1,1,0,0,0,0,0,0,0,1,0,0,1,0.12,0,0,0
Throttle,8,45,95,14,7,169,1,1,0,1,0,1,5,1,0,0,0,1,0,0,0,0,0,0,1,0.14,0,0,0
Throttle,8,45,166,16,7,242,1,1,0,1,0,1,5,1,0,0,0,1,0,0,0,0,0,0,1,0.14,0,0,0
Thunder Strike,14,132,37,14,7,204,1,1,0,1,0,1,2,1,0,0,0,1,0,0,0,0,0,0,1,0.14,0,0,0
Thunder Strike,14,132,37,14,7,204,1,1,0,1,0,1,2,1,0,0,0,1,0,0,0,0,0,0,1,0.15,0,0,0
Thunderbolt,11,120,76,17,7,231,1,1,0,1,0,1,2,1,0,0,0,1,0,0,0,0,0,0,1,0.15,0,0,0
Thundering Giant,16,80,52,8,16,172,1,1,0,1,1,1,5,1,0,0,0,0,0,0,0,1,0,0,2,0.14,0,0,0
Thundering Tanadon,18,54,85,9,25,191,1,1,0,2,1,1,6,1,0,0,0,0,0,0,1,1,0,0,2,0.15,0,0,0
Thundersong Trumpeter,21,53,157,14,24,269,2,2,0,1,2,1,2,1,0,0,0,0,0,0,0,1,0,0,2,0.15,0,0,0
Tidehollow Strix,16,90,103,20,24,253,2,2,0,2,1,1,2,1,0,0,0,0,0,0,1,1,0,0,2,0.19,0,0,0
Tideshaper Mystic,17,123,78,10,25,253,1,1,0,1,2,1,1,1,0,0,0,0,0,0,0,1,0,0,1,0.16,0,0,0
Tidewater Minion,16,123,0,14,27,180,1,1,0,1,2,1,5,1,0,0,0,0,0,0,0,1,0,0,2,0.15,0,0,0
Tidy Conclusion,15,71,80,18,7,191,1,1,0,1,0,1,5,1,0,0,0,1,0,0,0,0,0,0,2,0.11,0,0,0
Tightening Coils,16,64,118,14,18,230,1,1,0,1,1,1,2,1,0,0,0,0,0,1,0,0,0,0,1,0.12,0,0,0
Tilling Treefolk,16,122,98,7,25,268,1,1,0,1,2,1,3,1,0,0,0,0,0,0,0,1,0,0,1,0.25,0,0,0
Tilonalli's Knight,18,112,137,13,23,303,1,1,0,1,2,1,2,1,0,0,0,0,0,0,0,1,0,0,1,0.13,0,0,0
Timber Gorge,12,82,81,12,4,191,0,2,-2,1,0,1,0,1,0,0,0,0,0,0,0,0,1,0,0,0.16,0,0,0
Timber Shredder,15,114,76,13,19,237,1,1,0,1,1,1,2,1,0,0,0,0,0,0,0,1,0,0,0,0.14,0,0,0
Timberland Guide,16,85,105,12,22,240,1,1,0,1,2,1,2,1,0,0,0,0,0,0,0,1,0,0,1,0.13,0,0,0
Timbermaw Larva,15,94,132,12,16,269,1,1,0,1,1,1,4,1,0,0,0,0,0,0,0,1,0,0,1,0.14,0,0,0
Timberpack Wolf,15,85,131,9,15,255,1,1,0,1,1,1,2,1,0,0,0,0,0,0,0,1,0,0,1,0.15,0,0,0
Timberpack Wolf,15,85,103,9,15,227,1,1,0,1,1,1,2,1,0,0,0,0,0,0,0,1,0,0,1,0.15,0,0,0
Time Ebb,8,50,112,15,7,192,1,1,0,1,0,1,3,1,0,0,0,0,1,0,0,0,0,0,1,0.14,0,0,0
Time Ebb,8,50,40,14,7,119,1,1,0,1,0,1,3,1,0,0,0,0,1,0,0,0,0,0,1,0.16,0,0,0
Time to Feed,12,199,0,14,7,232,1,1,0,1,0,1,3,1,0,0,0,0,1,0,0,0,0,0,1,0.14,0,0,0
Tin Street Hooligan,19,119,154,12,23,327,1,2,-1,1,2,1,2,1,0,0,0,0,0,0,0,1,0,0,1,0.15,0,0,0
Tin Street Market,17,67,150,12,18,264,1,1,0,1,1,1,5,1,0,0,0,0,0,1,0,0,0,0,1,0.14,0,0,0
Tine Shrike,11,132,44,12,15,214,1,1,0,1,1,1,4,1,0,0,0,0,0,0,0,1,0,0,1,0.14,0,0,0
Tireless Missionaries,21,67,126,12,23,249,1,1,0,1,2,1,5,1,0,0,0,0,0,0,0,1,0,0,1,0.14,0,0,0
Tireless Missionaries,21,67,126,12,23,249,1,1,0,1,2,1,5,1,0,0,0,0,0,0,0,1,0,0,1,0.15,0,0,0
Tishana's Wayfinder,19,248,30,13,24,334,1,1,0,1,2,1,3,1,0,0,0,0,0,0,0,1,0,0,1,0.11,0,0,0
Titanic Growth,14,45,135,13,7,214,1,1,0,1,0,1,2,1,0,0,0,1,0,0,0,0,0,0,1,0.15,0,0,0
Titanic Growth,14,45,135,13,7,214,1,1,0,1,0,1,2,1,0,0,0,1,0,0,0,0,0,0,1,0.15,0,0,0
Titanic Growth,14,45,100,13,7,179,1,1,0,1,0,1,2,1,0,0,0,1,0,0,0,0,0,0,1,0.15,0,0,0
Titanic Growth,14,45,100,13,7,179,1,1,0,1,0,1,2,1,0,0,0,1,0,0,0,0,0,0,1,0.15,0,0,0
Titanium Golem,14,60,117,13,25,229,0,1,-1,2,1,1,5,1,0,0,0,0,0,0,1,1,0,0,0,0.15,0,0,0
Titan's Strength,16,146,0,13,7,182,1,1,0,1,0,1,1,1,0,0,0,1,0,0,0,0,0,0,1,0.16,0,0,0
Titan's Strength,16,146,0,13,7,182,1,1,0,1,0,1,1,1,0,0,0,1,0,0,0,0,0,0,1,0.17,0,0,0
Tithe Drinker,13,202,0,15,18,248,2,2,0,1,1,1,2,1,0,0,0,0,0,0,0,1,0,0,2,0.18,0,0,0
Toil to Renown,14,73,164,16,7,274,1,1,0,1,0,1,2,1,0,0,0,0,1,0,0,0,0,0,1,0.15,0,0,0
Toils of Night and Day,22,90,195,12,16,335,1,1,0,1,1,1,3,1,0,0,0,1,0,0,0,0,0,0,1,0.16,0,0,0
Tolarian Sentinel,17,89,109,14,28,257,1,1,0,1,2,1,4,1,0,0,0,0,0,0,0,1,0,0,1,0.15,0,0,0
Tomb Hex,8,178,0,4,7,197,1,1,0,1,0,1,3,1,0,0,0,1,0,0,0,0,0,0,1,0.15,0,0,0
Tome Scour,10,86,57,15,7,175,1,1,0,1,0,1,1,1,0,0,0,0,1,0,0,0,0,0,1,0.18,0,0,0
Tome Scour,10,86,57,15,7,175,1,1,0,1,0,1,1,1,0,0,0,0,1,0,0,0,0,0,1,0.19,0,0,0
Tome Scour,10,86,38,15,7,156,1,1,0,1,0,1,1,1,0,0,0,0,1,0,0,0,0,0,1,0.19,0,0,0
Tooth of Chiss-Goria,20,146,0,12,8,186,0,0,0,1,0,1,3,1,0,0,0,0,0,0,1,0,0,0,0,0.15,0,0,0
Topan Freeblade,15,193,77,13,24,322,1,1,0,1,2,1,2,1,0,0,0,0,0,0,0,1,0,0,1,0.15,0,0,0
Torch Drake,11,56,146,11,16,240,1,2,-1,1,1,1,4,1,0,0,0,0,0,0,0,1,0,0,1,0.15,0,0,0
Torch Fiend,11,52,39,13,16,131,1,1,0,1,1,1,2,1,0,0,0,0,0,0,0,1,0,0,1,0.14,0,0,0
Torch Fiend,11,52,39,13,16,131,1,1,0,1,1,1,2,1,0,0,0,0,0,0,0,1,0,0,1,0.14,0,0,0
Torch Gauntlet,14,110,114,13,20,271,0,0,0,1,1,1,2,1,0,0,0,0,0,0,1,0,0,0,0,0.1,0,0,0
Torch Slinger,13,171,26,15,24,249,1,1,0,1,2,1,3,1,0,0,0,0,0,0,0,1,0,0,1,0.15,0,0,0
Torii Watchward,15,199,0,13,17,244,1,1,0,1,1,1,5,1,0,0,0,0,0,0,0,1,0,0,1,0.15,0,0,0
Torment of Venom,16,146,85,12,7,266,1,1,0,1,0,1,4,1,0,0,0,1,0,0,0,0,0,0,2,0.11,0,0,0
Tormented Pariah,16,94,73,8,33,224,1,1,0,1,3,1,4,1,0,0,0,0,0,0,0,1,0,0,1,0.15,0,0,0
Tormented Soul,14,48,97,13,17,189,1,1,0,1,1,1,1,1,0,0,0,0,0,0,0,1,0,0,1,0.15,0,0,0
Tormented Soul,14,48,97,13,17,189,1,1,0,1,1,1,1,1,0,0,0,0,0,0,0,1,0,0,1,0.16,0,0,0
Tormenting Voice,16,79,101,11,7,214,1,1,0,1,0,1,2,1,0,0,0,0,1,0,0,0,0,0,1,0.15,0,0,0
Tormenting Voice,16,79,143,11,7,256,1,1,0,1,0,1,2,1,0,0,0,0,1,0,0,0,0,0,1,0.15,0,0,0
Tormenting Voice,16,79,185,9,7,296,1,1,0,1,0,1,2,1,0,0,0,0,1,0,0,0,0,0,1,0.15,0,0,0
Tormenting Voice,16,79,86,14,7,202,1,1,0,1,0,1,2,1,0,0,0,0,1,0,0,0,0,0,1,0.15,0,0,0
Torpid Moloch,13,109,113,13,17,265,1,1,0,1,1,1,1,1,0,0,0,0,0,0,0,1,0,0,1,0.15,0,0,0
Torpor Dust,11,53,122,13,18,217,2,2,0,1,1,1,3,1,0,0,0,0,0,1,0,0,0,0,1,0.15,0,0,0
Torrent of Stone,16,241,0,12,16,285,1,1,0,1,1,1,4,1,0,0,0,1,0,0,0,0,0,0,1,0.15,0,0,0
Tortoise Formation,18,104,155,8,7,292,1,1,0,1,0,1,4,1,0,0,0,1,0,0,0,0,0,0,1,0.15,0,0,0
Torture,7,67,57,10,18,159,1,1,0,1,1,1,1,1,0,0,0,0,0,1,0,0,0,0,1,0.16,0,0,0
Totally Lost,12,59,31,13,7,122,1,1,0,1,0,1,5,1,0,0,0,1,0,0,0,0,0,0,1,0.15,0,0,0
Totem-Guide Hartebeest,22,158,78,9,19,286,1,1,0,1,1,1,5,1,0,0,0,0,0,0,0,1,0,0,1,0.15,0,0,0
Touch of Moonglove,18,268,0,12,7,305,1,1,0,1,0,1,1,1,0,0,0,1,0,0,0,0,0,0,1,0.14,0,0,0
Touch of the Void,17,170,23,13,7,230,0,1,-1,1,0,1,3,1,0,0,0,0,1,0,0,0,0,0,1,0.13,0,0,0
Tower Drake,11,53,118,11,16,209,1,2,-1,1,1,1,3,1,0,0,0,0,0,0,0,1,0,0,1,0.14,0,0,0
Towering Indrik,15,54,92,15,16,192,1,1,0,1,1,1,4,1,0,0,0,0,0,0,0,1,0,0,1,0.14,0,0,0
Towering Thunderfist,20,60,135,12,24,251,1,2,-1,1,2,1,5,1,0,0,0,0,0,0,0,1,0,0,1,0.14,0,0,0
Toxic Iguanar,13,165,82,17,17,294,1,1,0,1,1,1,1,1,0,0,0,0,0,0,0,1,0,0,1,0.15,0,0,0
Toxic Nim,9,152,89,13,17,280,1,1,0,1,1,1,6,1,0,0,0,0,0,0,0,1,0,0,2,0.15,0,0,0
Trace of Abundance,18,243,0,12,18,291,3,3,0,1,1,1,2,1,0,0,0,0,0,1,0,0,0,0,2,0.18,0,0,0
Tragic Lesson,13,93,127,13,7,253,1,1,0,1,0,1,3,1,0,0,0,1,0,0,0,0,0,0,1,0.15,0,0,0
Tragic Slip,11,137,49,19,7,223,1,1,0,1,0,1,1,1,0,0,0,1,0,0,0,0,0,0,1,0.23,0,0,0
Train of Thought,16,108,83,13,7,227,1,1,0,1,0,1,2,1,0,0,0,0,1,0,0,0,0,0,1,0.15,0,0,0
Trained Armodon,15,0,53,10,19,97,1,1,0,1,1,1,3,1,0,0,0,0,0,0,0,1,0,0,2,0.15,0,0,0
Trained Armodon,15,0,53,10,19,97,1,1,0,1,1,1,3,1,0,0,0,0,0,0,0,1,0,0,2,0.15,0,0,0
Trained Caracal,15,80,104,11,14,224,1,1,0,1,1,1,1,1,0,0,0,0,0,0,0,1,0,0,1,0.15,0,0,0
Trained Condor,14,107,88,22,15,246,1,1,0,1,1,1,3,1,0,0,0,0,0,0,0,1,0,0,1,0.14,0,0,0
Training Drone,14,58,134,12,25,243,0,0,0,2,1,1,3,1,0,0,0,0,0,0,1,1,0,0,0,0.13,0,0,0
Traitorous Blood,16,106,96,16,7,241,1,1,0,1,0,1,3,1,0,0,0,0,1,0,0,0,0,0,2,0.15,0,0,0
Traitorous Instinct,19,121,117,7,7,271,1,1,0,1,0,1,4,1,0,0,0,0,1,0,0,0,0,0,1,0.14,0,0,0
Traitor's Clutch,16,239,0,11,7,273,1,1,0,1,0,1,5,1,0,0,0,1,0,0,0,0,0,0,1,0.15,0,0,0
Traitor's Roar,14,260,0,11,7,292,2,2,0,1,0,1,5,1,0,0,0,0,1,0,0,0,0,0,1,0.15,0,0,0
Tranquil Cove,13,143,0,9,4,169,0,2,-2,1,0,1,0,1,0,0,0,0,0,0,0,0,1,0,0,0.16,0,0,0
Tranquil Cove,13,143,0,9,4,169,0,2,-2,1,0,1,0,1,0,0,0,0,0,0,0,0,1,0,0,0.16,0,0,0
Tranquil Expanse,16,86,84,10,4,200,0,2,-2,1,0,1,0,1,0,0,0,0,0,0,0,0,1,0,0,0.15,0,0,0
Tranquil Expanse,16,86,84,10,4,200,0,2,-2,1,0,1,0,1,0,0,0,0,0,0,0,0,1,0,0,0.22,0,0,0
Transguild Promenade,20,184,0,12,4,220,0,0,0,1,0,1,0,1,0,0,0,0,0,0,0,0,1,0,0,0.15,0,0,0
Transluminant,13,121,125,16,23,298,1,2,-1,1,2,1,2,1,0,0,0,0,0,0,0,1,0,0,1,0.16,0,0,0
Trapfinder's Trick,18,66,150,13,7,254,1,1,0,1,0,1,2,1,0,0,0,0,1,0,0,0,0,0,1,0.14,0,0,0
Trapjaw Kelpie,14,158,59,15,16,262,2,2,0,1,1,1,6,1,0,0,0,0,0,0,0,1,0,0,2,0.15,0,0,0
Traproot Kami,13,144,0,14,17,188,1,1,0,1,1,1,1,1,0,0,0,0,0,0,0,1,0,0,1,0.24,0,0,0
Traumatic Visions,17,183,0,20,7,227,1,1,0,1,0,1,5,1,0,0,0,1,0,0,0,0,0,0,2,0.15,0,0,0
Travel Preparations,19,159,88,13,7,286,1,2,-1,1,0,1,2,1,0,0,0,0,1,0,0,0,0,0,1,0.15,0,0,0
Traveler's Amulet,17,141,80,12,8,258,0,0,0,1,0,1,1,1,0,0,0,0,0,0,1,0,0,0,0,0.14,0,0,0
Traveler's Amulet,17,141,107,15,8,288,0,0,0,1,0,1,1,1,0,0,0,0,0,0,1,0,0,0,0,0.14,0,0,0
Traveler's Amulet,17,141,109,11,8,286,0,0,0,1,0,1,1,1,0,0,0,0,0,0,1,0,0,0,0,0.14,0,0,0
Traveling Philosopher,21,0,237,11,24,293,1,1,0,1,2,1,2,1,0,0,0,0,0,0,0,1,0,0,1,0.14,0,0,0
Tread Upon,10,63,100,14,7,194,1,1,0,1,0,1,2,1,0,0,0,1,0,0,0,0,0,0,1,0.15,0,0,0
Treasure Cruise,15,104,69,16,7,211,1,1,0,1,0,1,8,1,0,0,0,0,1,0,0,0,0,0,1,0.18,0,0,0
Treasure Hunt,13,127,74,11,7,232,1,1,0,1,0,1,2,1,0,0,0,0,1,0,0,0,0,0,1,0.38,0,0,0
Tree Monkey,11,54,71,11,17,164,1,1,0,1,1,1,1,1,0,0,0,0,0,0,0,1,0,0,1,0.16,0,0,0
Tree of Tales,13,62,85,9,13,182,0,1,-1,2,0,1,0,1,0,0,0,0,0,0,1,0,1,0,0,0.6,0,0,0
Treetop Bracers,15,198,37,14,18,282,1,1,0,1,1,1,2,1,0,0,0,0,0,1,0,0,0,0,1,0.15,0,0,0
Treetop Bracers,15,198,37,14,18,282,1,1,0,1,1,1,2,1,0,0,0,0,0,1,0,0,0,0,1,0.15,0,0,0
Tremor,6,54,51,12,7,130,1,1,0,1,0,1,1,1,0,0,0,0,1,0,0,0,0,0,1,0.15,0,0,0
Trespasser il-Vec,17,125,149,10,22,323,1,1,0,1,2,1,3,1,0,0,0,0,0,0,0,1,0,0,1,0.15,0,0,0
Trespasser's Curse,18,137,80,13,24,272,1,1,0,1,2,1,2,1,0,0,0,0,0,1,0,0,0,0,1,0.15,0,0,0
Trespassing Souleater,21,103,127,10,29,290,0,1,-1,2,1,1,3,1,0,0,0,0,0,0,1,1,0,0,0,0.15,0,0,0
Trestle Troll,13,100,93,16,16,238,2,2,0,1,1,1,3,1,0,0,0,0,0,0,0,1,0,0,2,0.15,0,0,0
Tricks of the Trade,19,68,93,15,18,213,1,1,0,1,1,1,4,1,0,0,0,0,0,1,0,0,0,0,1,0.15,0,0,0
Triclopean Sight,16,143,0,13,18,190,1,1,0,1,1,1,2,1,0,0,0,0,0,1,0,0,0,0,1,0.16,0,0,0
Trinket Mage,12,204,0,14,23,253,1,1,0,1,2,1,3,1,0,0,0,0,0,0,0,1,0,0,1,0.23,0,0,0
Triplicate Spirits,18,273,0,4,7,302,1,1,0,1,0,1,6,1,0,0,0,0,1,0,0,0,0,0,2,0.17,0,0,0
Triton Shorestalker,19,37,150,15,24,245,1,1,0,1,2,1,1,1,0,0,0,0,0,0,0,1,0,0,1,0.18,0,0,0
Triton Shorethief,17,0,205,11,24,257,1,1,0,1,2,1,1,1,0,0,0,0,0,0,0,1,0,0,1,0.14,0,0,0
Trollhide,9,229,0,15,18,271,1,1,0,1,1,1,3,1,0,0,0,0,0,1,0,0,0,0,1,0.14,0,0,0
Trollhide,9,229,0,15,18,271,1,1,0,1,1,1,3,1,0,0,0,0,0,1,0,0,0,0,1,0.15,0,0,0
Trostani's Judgment,19,101,78,19,7,224,1,1,0,1,0,1,6,1,0,0,0,1,0,0,0,0,0,0,1,0.14,0,0,0
True-Faith Censer,17,198,0,14,20,249,0,0,0,1,1,1,2,1,0,0,0,0,0,0,1,0,0,0,0,0.14,0,0,0
Trumpet Blast,13,48,119,14,7,201,1,1,0,1,0,1,3,1,0,0,0,1,0,0,0,0,0,0,1,0.13,0,0,0
Trumpet Blast,13,48,108,14,7,190,1,1,0,1,0,1,3,1,0,0,0,1,0,0,0,0,0,0,1,0.14,0,0,0
Trumpet Blast,13,48,108,14,7,190,1,1,0,1,0,1,3,1,0,0,0,1,0,0,0,0,0,0,1,0.15,0,0,0
Trusted Forcemage,17,262,0,16,23,318,1,1,0,1,2,1,3,1,0,0,0,0,0,0,0,1,0,0,1,0.14,0,0,0
Tukatongue Thallid,18,74,122,12,17,243,1,1,0,1,1,1,1,1,0,0,0,0,0,0,0,1,0,0,1,0.16,0,0,0
Tuktuk Grunts,13,133,58,11,30,245,1,1,0,1,3,1,5,1,0,0,0,0,0,0,0,1,0,0,1,0.14,0,0,0
Tumble Magnet,13,152,108,10,8,291,0,0,0,1,0,1,3,1,0,0,0,0,0,0,1,0,0,0,0,0.15,0,0,0
Tundra Wolves,13,87,102,16,15,233,1,1,0,1,1,1,1,1,0,0,0,0,0,0,0,1,0,0,1,0.15,0,0,0
Tundra Wolves,13,87,102,16,15,233,1,1,0,1,1,1,1,1,0,0,0,0,0,0,0,1,0,0,1,0.16,0,0,0
Turn Aside,10,58,164,11,7,250,1,1,0,1,0,1,1,1,0,0,0,1,0,0,0,0,0,0,1,0.15,0,0,0
Turn Aside,10,58,143,10,7,228,1,1,0,1,0,1,1,1,0,0,0,1,0,0,0,0,0,0,1,0.16,0,0,0
Turn the Tide,13,61,86,11,7,178,1,1,0,1,0,1,2,1,0,0,0,1,0,0,0,0,0,0,1,0.11,0,0,0
Turn to Dust,12,52,89,13,7,173,1,1,0,1,0,1,1,1,0,0,0,1,0,0,0,0,0,0,1,0.14,0,0,0
Turn to Mist,12,123,65,12,7,219,2,2,0,1,0,1,2,1,0,0,0,1,0,0,0,0,0,0,1,0.2,0,0,0
Turn to Slag,12,96,105,29,7,249,1,1,0,1,0,1,5,1,0,0,0,0,1,0,0,0,0,0,2,0.12,0,0,0
Turn to Slag,12,96,105,29,7,249,1,1,0,1,0,1,5,1,0,0,0,0,1,0,0,0,0,0,2,0.13,0,0,0
Turntimber Grove,16,171,0,13,4,204,0,1,-1,1,0,1,0,1,0,0,0,0,0,0,0,0,1,0,0,0.15,0,0,0
Tusked Colossodon,17,0,217,13,16,263,1,1,0,1,1,1,6,1,0,0,0,0,0,0,0,1,0,0,2,0.14,0,0,0
Twiddle,7,56,0,12,7,82,1,1,0,1,0,1,1,1,0,0,0,1,0,0,0,0,0,0,1,0.16,0,0,0
Twin Bolt,9,96,172,15,7,299,1,1,0,1,0,1,2,1,0,0,0,1,0,0,0,0,0,0,1,0.16,0,0,0
Twins of Maurer Estate,22,138,69,14,18,261,1,1,0,1,1,1,5,1,0,0,0,0,0,0,0,1,0,0,1,0.14,0,0,0
Twitch,6,69,128,10,7,220,1,1,0,1,0,1,3,1,0,0,0,1,0,0,0,0,0,0,1,0.15,0,0,0
Twitch,6,69,26,10,7,118,1,1,0,1,0,1,3,1,0,0,0,1,0,0,0,0,0,0,1,0.16,0,0,0
Two-Headed Cerberus,19,80,75,13,16,203,1,1,0,1,1,1,3,1,0,0,0,0,0,0,0,1,0,0,2,0.14,0,0,0
Two-Headed Sliver,17,90,179,11,17,314,1,1,0,1,1,1,2,1,0,0,0,0,0,0,0,1,0,0,1,0.29,0,0,0
Typhoid Rats,12,83,124,10,14,243,1,1,0,1,1,1,1,1,0,0,0,0,0,0,0,1,0,0,1,0.16,0,0,0
Typhoid Rats,12,83,124,10,14,243,1,1,0,1,1,1,1,1,0,0,0,0,0,0,0,1,0,0,1,0.16,0,0,0
Typhoid Rats,12,83,137,12,14,258,1,1,0,1,1,1,1,1,0,0,0,0,0,0,0,1,0,0,1,0.17,0,0,0
Tyrant's Machine,16,30,73,13,8,140,0,0,0,1,0,1,2,1,0,0,0,0,0,0,1,0,0,0,0,0.14,0,0,0
Tyrranax,8,46,30,14,25,123,1,1,0,1,2,1,6,1,0,0,0,0,0,0,0,1,0,0,2,0.15,0,0,0
Ubul Sar Gatekeepers,20,150,58,11,25,264,1,1,0,1,2,1,4,1,0,0,0,0,0,0,0,1,0,0,1,0.14,0,0,0
Uktabi Drake,12,179,0,12,16,219,1,1,0,1,1,1,1,1,0,0,0,0,0,0,0,1,0,0,1,0.16,0,0,0
Ulamog's Crusher,16,137,121,13,18,305,0,0,0,1,1,1,8,1,0,0,0,0,0,0,0,1,0,0,0,0.2,0,0,0
Ulvenwald Abomination,21,34,85,10,27,177,0,1,-1,1,2,1,2,1,0,0,0,0,0,0,0,1,0,0,0,0.17,0,0,0
Ulvenwald Bear,14,125,64,14,15,232,1,1,0,1,1,1,3,1,0,0,0,0,0,0,0,1,0,0,1,0.14,0,0,0
Ulvenwald Captive,17,80,106,10,26,239,1,1,0,1,2,1,2,1,0,0,0,0,0,0,0,1,0,0,1,0.17,0,0,0
Umara Entangler,15,92,131,11,29,278,1,1,0,1,3,1,2,1,0,0,0,0,0,0,0,1,0,0,1,0.11,0,0,0
Umara Raptor,12,132,26,8,20,198,1,1,0,1,2,1,3,1,0,0,0,0,0,0,0,1,0,0,1,0.15,0,0,0
Unblinking Bleb,15,337,0,10,19,381,1,1,0,1,1,1,4,1,0,0,0,0,0,0,0,1,0,0,1,0.17,0,0,0
Unbridled Growth,16,124,95,13,18,266,1,1,0,1,1,1,1,1,0,0,0,0,0,1,0,0,0,0,1,0.14,0,0,0
Unburden,8,84,100,15,7,214,1,1,0,1,0,1,3,1,0,0,0,0,1,0,0,0,0,0,2,0.14,0,0,0
Uncaged Fury,12,125,81,10,7,235,1,1,0,1,0,1,3,1,0,0,0,1,0,0,0,0,0,0,1,0.18,0,0,0
Uncanny Speed,13,61,87,16,7,184,1,1,0,1,0,1,2,1,0,0,0,1,0,0,0,0,0,0,1,0.14,0,0,0
Uncontrollable Anger,20,147,75,13,18,273,1,1,0,1,1,1,4,1,0,0,0,0,0,1,0,0,0,0,2,0.15,0,0,0
Uncontrollable Anger,20,147,112,10,18,307,1,1,0,1,1,1,4,1,0,0,0,0,0,1,0,0,0,0,2,0.16,0,0,0
Uncovered Clues,15,213,87,11,7,333,1,1,0,1,0,1,3,1,0,0,0,0,1,0,0,0,0,0,1,0.14,0,0,0
Undead Executioner,18,87,52,12,17,186,1,1,0,1,1,1,4,1,0,0,0,0,0,0,0,1,0,0,1,0.12,0,0,0
Undead Leotau,13,258,0,14,21,306,1,2,-1,1,2,1,6,1,0,0,0,0,0,0,0,1,0,0,1,0.15,0,0,0
Undead Minotaur,15,0,163,13,26,217,1,1,0,1,2,1,3,1,0,0,0,0,0,0,0,1,0,0,1,0.14,0,0,0
Undead Servant,14,138,47,12,17,228,1,1,0,1,1,1,4,1,0,0,0,0,0,0,0,1,0,0,1,0.15,0,0,0
Undergrowth Scavenger,21,139,70,9,24,263,1,1,0,1,2,1,4,1,0,0,0,0,0,0,0,1,0,0,1,0.15,0,0,0
Undying Evil,12,182,91,10,7,302,1,1,0,1,0,1,1,1,0,0,0,1,0,0,0,0,0,0,1,0.23,0,0,0
Unearthly Blizzard,18,51,212,11,16,308,1,1,0,1,1,1,3,1,0,0,0,0,1,0,0,0,0,0,1,0.15,0,0,0
Unforge,7,112,68,10,7,204,1,1,0,1,0,1,3,1,0,0,0,1,0,0,0,0,0,0,1,0.14,0,0,0
Unfriendly Fire,15,60,98,12,7,192,1,1,0,1,0,1,5,1,0,0,0,1,0,0,0,0,0,0,1,0.14,0,0,0
Unhallowed Cathar,17,30,130,13,25,215,1,2,-1,1,2,1,2,1,0,0,0,0,0,0,0,1,0,0,0,0.14,0,0,0
Unhallowed Pact,15,102,47,11,18,193,1,1,0,1,1,1,3,1,0,0,0,0,0,1,0,0,0,0,1,0.15,0,0,0
Unholy Hunger,13,130,104,13,7,267,1,1,0,1,0,1,5,1,0,0,0,1,0,0,0,0,0,0,2,0.15,0,0,0
Unholy Strength,15,47,49,9,18,138,1,1,0,1,1,1,1,1,0,0,0,0,0,1,0,0,0,0,1,0.15,0,0,0
Unholy Strength,15,47,49,14,18,143,1,1,0,1,1,1,1,1,0,0,0,0,0,1,0,0,0,0,1,0.15,0,0,0
Unholy Strength,15,47,140,14,18,234,1,1,0,1,1,1,1,1,0,0,0,0,0,1,0,0,0,0,1,0.15,0,0,0
Unholy Strength,15,47,140,14,18,234,1,1,0,1,1,1,1,1,0,0,0,0,0,1,0,0,0,0,1,0.15,0,0,0
Unholy Strength,15,47,49,9,18,138,1,1,0,1,1,1,1,1,0,0,0,0,0,1,0,0,0,0,1,0.16,0,0,0
Universal Solvent,17,64,94,19,8,202,0,0,0,1,0,1,1,1,0,0,0,0,0,0,1,0,0,0,0,0.13,0,0,0
Unknown Shores,14,86,86,12,4,202,0,0,0,1,0,1,0,1,0,0,0,0,0,0,0,0,1,0,0,0.14,0,0,0
Unknown Shores,14,86,69,9,4,182,0,0,0,1,0,1,0,1,0,0,0,0,0,0,0,0,1,0,0,0.14,0,0,0
Unknown Shores,14,86,134,13,4,251,0,0,0,1,0,1,0,1,0,0,0,0,0,0,0,0,1,0,0,0.14,0,0,0
Unmake,6,22,128,15,7,178,2,2,0,1,0,1,3,1,0,0,0,1,0,0,0,0,0,0,3,0.9,0,0,0
Unmake the Graves,17,221,38,12,7,295,1,1,0,1,0,1,5,1,0,0,0,1,0,0,0,0,0,0,1,0.14,0,0,0
Unnatural Aggression,20,181,88,11,7,307,0,1,-1,1,0,1,3,1,0,0,0,1,0,0,0,0,0,0,1,0.13,0,0,0
Unnatural Endurance,19,93,93,15,7,227,0,1,-1,1,0,1,1,1,0,0,0,1,0,0,0,0,0,0,1,0.14,0,0,0
Unnatural Predation,19,63,101,10,7,200,1,1,0,1,0,1,1,1,0,0,0,1,0,0,0,0,0,0,1,0.14,0,0,0
Unnatural Speed,15,46,191,14,16,282,1,1,0,1,1,1,1,1,0,0,0,1,0,0,0,0,0,0,1,0.15,0,0,0
Unquenchable Thirst,19,227,0,13,18,277,1,1,0,1,1,1,2,1,0,0,0,0,0,1,0,0,0,0,1,0.14,0,0,0
Unruly Mob,10,78,89,13,16,206,1,1,0,1,1,1,2,1,0,0,0,0,0,0,0,1,0,0,1,0.14,0,0,0
Unruly Mob,10,78,66,13,16,183,1,1,0,1,1,1,2,1,0,0,0,0,0,0,0,1,0,0,1,0.14,0,0,0
Unsummon,8,43,30,4,7,92,1,1,0,1,0,1,1,1,0,0,0,1,0,0,0,0,0,0,1,0.14,0,0,0
Unsummon,8,43,120,9,7,187,1,1,0,1,0,1,1,1,0,0,0,1,0,0,0,0,0,0,1,0.14,0,0,0
Unsummon,8,43,78,4,7,140,1,1,0,1,0,1,1,1,0,0,0,1,0,0,0,0,0,0,1,0.15,0,0,0
Unsummon,8,43,75,4,7,137,1,1,0,1,0,1,1,1,0,0,0,1,0,0,0,0,0,0,1,0.15,0,0,0
Unsummon,8,43,0,11,7,69,1,1,0,1,0,1,1,1,0,0,0,1,0,0,0,0,0,0,1,0.16,0,0,0
Unsummon,8,43,131,4,7,193,1,1,0,1,0,1,1,1,0,0,0,1,0,0,0,0,0,0,1,0.16,0,0,0
Unsummon,8,43,102,4,7,164,1,1,0,1,0,1,1,1,0,0,0,1,0,0,0,0,0,0,1,0.16,0,0,0
Unsummon,8,43,93,11,7,162,1,1,0,1,0,1,1,1,0,0,0,1,0,0,0,0,0,0,1,0.17,0,0,0
Untamed Hunger,14,117,107,13,18,269,1,1,0,1,1,1,3,1,0,0,0,0,0,1,0,0,0,0,1,0.13,0,0,0
Untamed Might,13,45,126,10,7,201,1,1,0,1,0,1,1,1,0,0,0,1,0,0,0,0,0,0,1,0.14,0,0,0
Unwavering Initiate,19,192,0,14,24,249,1,1,0,1,2,1,3,1,0,0,0,0,0,0,0,1,0,0,1,0.13,0,0,0
Unyielding Krumar,17,63,101,12,22,215,1,2,-1,1,2,1,4,1,0,0,0,0,0,0,0,1,0,0,1,0.13,0,0,0
Updraft Elemental,17,6,177,12,20,232,1,1,0,1,1,1,3,1,0,0,0,0,0,0,0,1,0,0,1,0.14,0,0,0
Uproot,6,46,171,14,16,253,1,1,0,1,1,1,4,1,0,0,0,0,1,0,0,0,0,0,1,0.15,0,0,0
Urban Burgeoning,16,88,105,9,18,236,1,1,0,1,1,1,1,1,0,0,0,0,0,1,0,0,0,0,1,0.14,0,0,0
Urborg Syphon-Mage,18,107,132,12,28,297,1,1,0,1,2,1,3,1,0,0,0,0,0,0,0,1,0,0,1,0.15,0,0,0
Urgent Exorcism,15,37,161,15,7,235,1,1,0,1,0,1,2,1,0,0,0,1,0,0,0,0,0,0,1,0.14,0,0,0
Ur-Golem's Eye,14,34,110,14,8,180,0,0,0,1,0,1,4,1,0,0,0,0,0,0,1,0,0,0,0,0.15,0,0,0
Utopia Sprawl,13,235,0,10,18,276,1,1,0,1,1,1,1,1,0,0,0,0,0,1,0,0,0,0,1,4.74,1,0,0
Utopia Vow,10,133,100,14,18,275,1,1,0,1,1,1,2,1,0,0,0,0,0,1,0,0,0,0,1,0.15,0,0,0
Utvara Scalper,14,50,43,16,23,146,1,1,0,1,2,1,2,1,0,0,0,0,0,0,0,1,0,0,1,0.15,0,0,0
Valakut Invoker,15,65,110,13,23,226,1,1,0,1,2,1,3,1,0,0,0,0,0,0,0,1,0,0,1,0.13,0,0,0
Valakut Predator,16,116,107,10,20,269,1,1,0,1,1,1,3,1,0,0,0,0,0,0,0,1,0,0,1,0.13,0,0,0
Valeron Outlander,17,21,109,12,22,181,2,2,0,1,2,1,2,1,0,0,0,0,0,0,0,1,0,0,2,0.15,0,0,0
Valiant Guard,13,0,148,10,24,195,1,1,0,1,2,1,1,1,0,0,0,0,0,0,0,1,0,0,1,0.15,0,0,0
Valley Dasher,13,48,87,12,26,186,1,1,0,1,2,1,2,1,0,0,0,0,0,0,0,1,0,0,1,0.13,0,0,0
Valley Rannet,13,180,0,11,16,220,2,2,0,1,1,1,6,1,0,0,0,0,0,0,0,1,0,0,2,0.15,0,0,0
Valor Made Real,15,60,120,13,7,215,1,1,0,1,0,1,1,1,0,0,0,1,0,0,0,0,0,0,1,0.16,0,0,0
Vampire Aristocrat,18,70,109,10,24,231,1,1,0,1,2,1,3,1,0,0,0,0,0,0,0,1,0,0,1,0.16,0,0,0
Vampire Bats,12,181,0,6,14,213,1,1,0,1,1,1,1,1,0,0,0,0,0,0,0,1,0,0,1,0.16,0,0,0
Vampire Envoy,13,62,49,13,30,167,1,1,0,1,3,1,3,1,0,0,0,0,0,0,0,1,0,0,1,0.14,0,0,0
Vampire Interloper,18,38,75,11,24,166,1,1,0,1,2,1,2,1,0,0,0,0,0,0,0,1,0,0,1,0.14,0,0,0
Vampire Lacerator,17,88,102,12,26,245,1,1,0,1,2,1,1,1,0,0,0,0,0,0,0,1,0,0,1,0.15,0,0,0
Vampire Noble,13,0,82,18,18,131,1,1,0,1,1,1,3,1,0,0,0,0,0,0,0,1,0,0,1,0.14,0,0,0
Vampire's Bite,14,278,0,19,7,318,1,1,0,1,0,1,1,1,0,0,0,1,0,0,0,0,0,0,1,0.15,0,0,0
Vampire's Zeal,14,105,131,14,7,271,1,1,0,1,0,1,1,1,0,0,0,1,0,0,0,0,0,0,1,0.14,0,0,0
Vampiric Fury,13,80,107,12,7,219,1,1,0,1,0,1,2,1,0,0,0,1,0,0,0,0,0,0,1,0.15,0,0,0
Vampiric Link,13,83,47,10,18,171,1,1,0,1,1,1,1,1,0,0,0,0,0,1,0,0,0,0,1,0.49,0,0,0
Vandalize,9,70,79,11,7,176,1,1,0,1,0,1,5,1,0,0,0,0,1,0,0,0,0,0,1,0.15,0,0,0
Vanguard's Shield,17,159,38,13,20,247,0,0,0,1,1,1,2,1,0,0,0,0,0,0,1,0,0,0,0,0.14,0,0,0
Vanquish the Weak,17,45,104,13,7,186,1,1,0,1,0,1,3,1,0,0,0,1,0,0,0,0,0,0,1,0.14,0,0,0
Vapor Snag,10,72,103,16,7,208,1,1,0,1,0,1,1,1,0,0,0,1,0,0,0,0,0,0,1,0.48,0,0,0
Vaporkin,8,53,110,12,20,203,1,1,0,1,1,1,2,1,0,0,0,0,0,0,0,1,0,0,1,0.14,0,0,0
Vassal Soul,11,6,95,9,17,138,2,2,0,1,1,1,3,1,0,0,0,0,0,0,0,1,0,0,2,0.14,0,0,0
Vastwood Gorger,15,0,126,13,15,169,1,1,0,1,1,1,6,1,0,0,0,0,0,0,0,1,0,0,1,0.14,0,0,0
Vastwood Gorger,15,0,173,13,15,216,1,1,0,1,1,1,6,1,0,0,0,0,0,0,0,1,0,0,1,0.14,0,0,0
Vastwood Gorger,15,0,218,13,15,261,1,1,0,1,1,1,6,1,0,0,0,0,0,0,0,1,0,0,1,0.14,0,0,0
Vastwood Gorger,15,0,217,13,15,260,1,1,0,1,1,1,6,1,0,0,0,0,0,0,0,1,0,0,1,0.14,0,0,0
Vastwood Zendikon,17,145,0,13,18,193,1,1,0,1,1,1,5,1,0,0,0,0,0,1,0,0,0,0,1,0.15,0,0,0
Vault of Whispers,17,66,61,13,13,170,0,1,-1,2,0,1,0,1,0,0,0,0,0,0,1,0,1,0,0,0.44,0,0,0
Vault Skirge,12,134,75,11,23,255,1,1,0,2,1,1,2,1,0,0,0,0,0,0,1,1,0,0,1,0.4,0,0,0
Vault Skyward,13,57,172,9,7,258,1,1,0,1,0,1,1,1,0,0,0,1,0,0,0,0,0,0,1,0.14,0,0,0
Vectis Agents,13,82,146,6,31,278,2,2,0,2,2,1,5,1,0,0,0,0,0,0,1,1,0,0,2,0.15,0,0,0
Vectis Dominator,16,59,142,29,32,278,2,2,0,2,2,1,3,1,0,0,0,0,0,0,1,1,0,0,2,0.15,0,0,0
Vectis Silencers,16,142,87,15,31,291,1,2,-1,2,2,1,3,1,0,0,0,0,0,0,1,1,0,0,1,0.15,0,0,0
Vector Asp,10,155,82,10,25,282,0,1,-1,2,1,1,1,1,0,0,0,0,0,0,1,1,0,0,0,0.15,0,0,0
Vedalken Aethermage,19,306,0,15,26,366,1,1,0,1,2,1,2,1,0,0,0,0,0,0,0,1,0,0,1,0.22,0,0,0
Vedalken Blademaster,20,92,87,12,27,238,1,1,0,1,2,1,3,1,0,0,0,0,0,0,0,1,0,0,1,0.1,0,0,0
Vedalken Certarch,17,124,96,13,26,276,1,1,0,1,2,1,1,1,0,0,0,0,0,0,0,1,0,0,1,0.14,0,0,0
Vedalken Dismisser,18,98,150,9,26,301,1,1,0,1,2,1,6,1,0,0,0,0,0,0,0,1,0,0,1,0.15,0,0,0
Vedalken Engineer,17,134,76,15,29,271,1,1,0,1,2,1,2,1,0,0,0,0,0,0,0,1,0,0,1,0.17,0,0,0
Vedalken Entrancer,18,95,22,9,26,170,1,1,0,1,2,1,4,1,0,0,0,0,0,0,0,1,0,0,1,0.14,0,0,0
Vedalken Entrancer,18,95,42,9,26,190,1,1,0,1,2,1,4,1,0,0,0,0,0,0,0,1,0,0,1,0.15,0,0,0
Vedalken Ghoul,14,71,147,12,26,270,2,2,0,1,2,1,2,1,0,0,0,0,0,0,0,1,0,0,2,0.19,0,0,0
Vedalken Outlander,18,19,131,4,34,206,2,2,0,2,2,1,2,1,0,0,0,0,0,0,1,1,0,0,2,0.15,0,0,0
Veil of Secrecy,15,368,0,12,16,411,1,1,0,1,1,1,2,1,0,0,0,1,0,0,0,0,0,0,1,0.18,0,0,0
Veiling Oddity,14,373,0,12,19,418,1,1,0,1,1,1,4,1,0,0,0,0,0,0,0,1,0,0,1,0.15,0,0,0
Veinfire Borderpost,19,210,0,13,8,250,2,2,0,1,0,1,3,1,0,0,0,0,0,0,1,0,0,0,2,0.23,0,0,0
Vendetta,8,108,71,13,7,207,1,1,0,1,0,1,1,1,0,0,0,1,0,0,0,0,0,0,1,0.17,0,0,0
Venerable Kumo,14,196,0,14,17,241,1,1,0,1,1,1,5,1,0,0,0,0,0,0,0,1,0,0,1,0.15,0,0,0
Venerable Monk,14,60,44,20,28,166,1,1,0,1,3,1,3,1,0,0,0,0,0,0,0,1,0,0,1,0.14,0,0,0
Venerable Monk,14,60,44,20,28,166,1,1,0,1,3,1,3,1,0,0,0,0,0,0,0,1,0,0,1,0.14,0,0,0
Venerable Monk,14,60,44,20,28,166,1,1,0,1,3,1,3,1,0,0,0,0,0,0,0,1,0,0,1,0.15,0,0,0
Venerated Teacher,17,113,87,12,23,252,1,1,0,1,2,1,3,1,0,0,0,0,0,0,0,1,0,0,1,0.16,0,0,0
Venser's Diffusion,18,70,77,16,7,188,1,1,0,1,0,1,3,1,0,0,0,1,0,0,0,0,0,0,1,0.15,0,0,0
Venser's Sliver,15,0,242,14,26,297,0,0,0,2,1,1,5,1,0,0,0,0,0,0,1,1,0,0,0,0.15,0,0,0
Vent Sentinel,13,125,110,10,20,278,1,1,0,1,1,1,4,1,0,0,0,0,0,0,0,1,0,0,1,0.16,0,0,0
Verdant Automaton,17,49,64,18,29,177,0,1,-1,2,1,1,2,1,0,0,0,0,0,0,1,1,0,0,0,0.1,0,0,0
Verdant Eidolon,15,187,0,14,17,233,1,1,0,1,1,1,4,1,0,0,0,0,0,0,0,1,0,0,1,0.15,0,0,0
Verdant Haven,13,227,0,16,18,274,1,1,0,1,1,1,3,1,0,0,0,0,0,1,0,0,0,0,1,0.14,0,0,0
Verdant Haven,13,227,0,16,18,274,1,1,0,1,1,1,3,1,0,0,0,0,0,1,0,0,0,0,1,0.15,0,0,0
Verdant Haven,13,227,0,16,18,274,1,1,0,1,1,1,3,1,0,0,0,0,0,1,0,0,0,0,1,0.15,0,0,0
Vesper Ghoul,12,61,204,14,23,314,1,1,0,1,2,1,3,1,0,0,0,0,0,0,0,1,0,0,1,0.15,0,0,0
Vessel of Ephemera,18,94,62,13,11,198,1,1,0,1,0,1,2,1,0,0,0,0,0,1,0,0,0,0,1,0.14,0,0,0
Vessel of Malignity,19,155,79,13,11,277,1,1,0,1,0,1,2,1,0,0,0,0,0,1,0,0,0,0,1,0.14,0,0,0
Vessel of Nascency,18,221,0,13,11,263,1,1,0,1,0,1,1,1,0,0,0,0,0,1,0,0,0,0,1,0.18,0,0,0
Vessel of Paramnesia,20,137,61,13,11,242,1,1,0,1,0,1,2,1,0,0,0,0,0,1,0,0,0,0,1,0.14,0,0,0
Vessel of Volatility,20,75,84,13,11,203,1,1,0,1,0,1,2,1,0,0,0,0,0,1,0,0,0,0,1,0.15,0,0,0
Vestige of Emrakul,18,40,130,14,24,226,0,1,-1,1,2,1,4,1,0,0,0,0,0,0,0,1,0,0,1,0.13,0,0,0
Veteran Armorer,15,38,120,13,24,210,1,1,0,1,2,1,2,1,0,0,0,0,0,0,0,1,0,0,1,0.19,0,0,0
Veteran Armorsmith,18,46,125,15,24,228,1,1,0,1,2,1,2,1,0,0,0,0,0,0,0,1,0,0,2,0.18,0,0,0
Veteran Cavalier,16,57,73,7,23,176,1,1,0,1,2,1,2,1,0,0,0,0,0,0,0,1,0,0,2,0.17,0,0,0
Veteran Swordsmith,18,46,120,15,24,223,1,1,0,1,2,1,3,1,0,0,0,0,0,0,0,1,0,0,1,0.19,0,0,0
Veteran's Reflexes,18,66,102,10,7,203,1,1,0,1,0,1,1,1,0,0,0,1,0,0,0,0,0,0,1,0.15,0,0,0
Veteran's Sidearm,17,110,134,12,20,293,0,0,0,1,1,1,2,1,0,0,0,0,0,0,1,0,0,0,0,0.14,0,0,0
Vex,3,62,130,12,7,214,1,1,0,1,0,1,3,1,0,0,0,1,0,0,0,0,0,0,1,0.14,0,0,0
Vial of Dragonfire,18,93,116,15,8,250,0,0,0,1,0,1,2,1,0,0,0,0,0,0,1,0,0,0,0,0.15,0,0,0
Viashino Bladescout,19,170,95,11,25,320,1,1,0,1,2,1,3,1,0,0,0,0,0,0,0,1,0,0,2,0.15,0,0,0
Viashino Fangtail,17,67,145,22,27,278,1,1,0,1,2,1,4,1,0,0,0,0,0,0,0,1,0,0,2,0.15,0,0,0
Viashino Firstblade,19,87,92,12,27,237,2,2,0,1,2,1,3,1,0,0,0,0,0,0,0,1,0,0,2,0.15,0,0,0
Viashino Racketeer,18,95,111,15,25,264,1,1,0,1,2,1,3,1,0,0,0,0,0,0,0,1,0,0,1,0.14,0,0,0
Viashino Runner,15,72,126,11,19,243,1,1,0,1,1,1,4,1,0,0,0,0,0,0,0,1,0,0,1,0.15,0,0,0
Viashino Sandscout,18,206,118,16,25,383,1,1,0,1,2,1,2,1,0,0,0,0,0,0,0,1,0,0,1,0.15,0,0,0
Viashino Skeleton,17,53,79,13,28,190,1,2,-1,1,2,1,4,1,0,0,0,0,0,0,0,1,0,0,1,0.15,0,0,0
Viashino Slasher,16,51,180,11,27,285,1,1,0,1,2,1,2,1,0,0,0,0,0,0,0,1,0,0,1,0.15,0,0,0
Viashino Spearhunter,20,87,109,14,27,257,1,1,0,1,2,1,3,1,0,0,0,0,0,0,0,1,0,0,1,0.14,0,0,0
Vicious Betrayal,16,166,0,14,7,203,1,1,0,1,0,1,5,1,0,0,0,0,1,0,0,0,0,0,2,0.14,0,0,0
Vicious Hunger,14,69,60,20,7,170,1,1,0,1,0,1,2,1,0,0,0,0,1,0,0,0,0,0,2,0.16,0,0,0
Victim of Night,15,62,110,13,7,207,1,1,0,1,0,1,2,1,0,0,0,1,0,0,0,0,0,0,2,0.24,0,0,0
Victorious Destruction,22,61,111,9,7,210,1,1,0,1,0,1,5,1,0,0,0,0,1,0,0,0,0,0,1,0.14,0,0,0
Vigean Hydropon,15,224,34,17,23,313,2,2,0,1,2,1,3,1,0,0,0,0,0,0,0,1,0,0,2,0.16,0,0,0
Vigilance,9,87,140,14,18,268,1,1,0,1,1,1,1,1,0,0,0,0,0,1,0,0,0,0,1,0.16,0,0,0
Vildin-Pack Outcast,19,104,0,12,26,161,1,1,0,1,2,1,5,1,0,0,0,0,0,0,0,1,0,0,1,0.14,0,0,0
Vile Rebirth,12,86,108,10,7,223,1,1,0,1,0,1,1,1,0,0,0,1,0,0,0,0,0,0,1,0.14,0,0,0
Vile Rebirth,12,86,69,10,7,184,1,1,0,1,0,1,1,1,0,0,0,1,0,0,0,0,0,0,1,0.15,0,0,0
Village Bell-Ringer,19,149,58,13,22,261,1,1,0,1,2,1,3,1,0,0,0,0,0,0,0,1,0,0,1,0.15,0,0,0
Village Ironsmith,17,108,54,19,25,223,1,1,0,1,2,1,2,1,0,0,0,0,0,0,0,1,0,0,1,0.15,0,0,0
Villagers of Estwald,20,98,67,10,25,220,1,1,0,1,2,1,3,1,0,0,0,0,0,0,0,1,0,0,1,0.15,0,0,0
Villainous Ogre,15,115,134,13,23,300,1,1,0,1,2,1,3,1,0,0,0,0,0,0,0,1,0,0,1,0.15,0,0,0
Vine Kami,9,214,0,14,17,254,1,1,0,1,1,1,7,1,0,0,0,0,0,0,0,1,0,0,1,0.16,0,0,0
Vine Snare,10,90,107,13,7,227,1,1,0,1,0,1,3,1,0,0,0,1,0,0,0,0,0,0,1,0.14,0,0,0
Vine Trellis,12,70,43,10,21,156,1,1,0,1,2,1,2,1,0,0,0,0,0,0,0,1,0,0,1,0.18,0,0,0
Vines of the Recluse,20,128,86,9,7,250,1,1,0,1,0,1,1,1,0,0,0,1,0,0,0,0,0,0,1,0.13,0,0,0
Vines of Vastwood,17,236,0,19,7,279,1,1,0,1,0,1,1,1,0,0,0,1,0,0,0,0,0,0,1,0.94,0,0,0
Vineweft,8,105,23,14,18,168,1,1,0,1,1,1,1,1,0,0,0,0,0,1,0,0,0,0,1,0.14,0,0,0
Violent Impact,14,83,77,15,7,196,1,1,0,1,0,1,4,1,0,0,0,0,1,0,0,0,0,0,1,0.14,0,0,0
Violent Outburst,16,291,0,16,7,330,2,2,0,1,0,1,3,1,0,0,0,1,0,0,0,0,0,0,2,0.6,0,0,0
Violet Pall,11,93,47,13,23,187,1,1,0,2,1,1,5,1,0,0,0,1,0,0,0,0,0,0,1,0.15,0,0,0
Viper's Kiss,12,95,102,15,18,242,1,1,0,1,1,1,1,1,0,0,0,0,0,1,0,0,0,0,1,0.14,0,0,0
Viridescent Wisps,17,76,123,10,7,233,1,1,0,1,0,1,1,1,0,0,0,1,0,0,0,0,0,0,1,0.16,0,0,0
Viridian Acolyte,16,54,179,20,21,290,1,1,0,1,2,1,1,1,0,0,0,0,0,0,0,1,0,0,1,0.14,0,0,0
Viridian Betrayers,18,173,71,13,22,297,1,1,0,1,2,1,3,1,0,0,0,0,0,0,0,1,0,0,2,0.14,0,0,0
Viridian Emissary,17,142,0,12,20,191,1,1,0,1,2,1,2,1,0,0,0,0,0,0,0,1,0,0,1,0.14,0,0,0
Viridian Harvest,16,82,88,12,18,216,1,1,0,1,1,1,1,1,0,0,0,0,0,1,0,0,0,0,1,0.13,0,0,0
Viridian Joiner,15,77,99,11,20,222,1,1,0,1,2,1,3,1,0,0,0,0,0,0,0,1,0,0,1,0.16,0,0,0
Viridian Longbow,16,265,0,13,20,314,0,0,0,1,1,1,1,1,0,0,0,0,0,0,1,0,0,0,0,0.5,0,0,0
Viridian Scout,14,95,62,11,28,210,1,1,0,1,3,1,4,1,0,0,0,0,0,0,0,1,0,0,1,0.14,0,0,0
Virulent Sliver,15,184,0,15,17,231,1,1,0,1,1,1,1,1,0,0,0,0,0,0,0,1,0,0,1,0.52,0,0,0
Virulent Wound,14,112,70,12,7,215,1,1,0,1,0,1,1,1,0,0,0,1,0,0,0,0,0,0,1,0.15,0,0,0
Viscera Dragger,15,260,0,13,30,318,1,1,0,1,3,1,4,1,0,0,0,0,0,0,0,1,0,0,1,0.2,0,0,0
Viscera Seer,12,122,48,11,25,218,1,1,0,1,2,1,1,1,0,0,0,0,0,0,0,1,0,0,1,0.91,0,0,0
Viscerid Deepwalker,19,307,0,14,26,366,1,1,0,1,2,1,5,1,0,0,0,0,0,0,0,1,0,0,1,0.14,0,0,0
Viscid Lemures,14,137,72,11,17,251,1,1,0,1,1,1,5,1,0,0,0,0,0,0,0,1,0,0,1,0.15,0,0,0
Vision Skeins,13,28,121,14,7,183,1,1,0,1,0,1,2,1,0,0,0,1,0,0,0,0,0,0,1,0.15,0,0,0
Vital Surge,11,188,0,14,16,229,1,1,0,1,1,1,2,1,0,0,0,1,0,0,0,0,0,0,1,0.15,0,0,0
Vitaspore Thallid,17,241,0,19,17,294,1,1,0,1,1,1,2,1,0,0,0,0,0,0,0,1,0,0,1,0.16,0,0,0
Vithian Stinger,15,275,0,12,23,325,1,1,0,1,2,1,3,1,0,0,0,0,0,0,0,1,0,0,1,0.15,0,0,0
Vivisection,11,82,75,17,7,192,1,1,0,1,0,1,4,1,0,0,0,0,1,0,0,0,0,0,1,0.14,0,0,0
Voice of the Provinces,22,99,72,13,16,222,1,1,0,1,1,1,6,1,0,0,0,0,0,0,0,1,0,0,2,0.14,0,0,0
Voiceless Spirit,16,20,161,7,17,221,1,1,0,1,1,1,3,1,0,0,0,0,0,0,0,1,0,0,1,0.14,0,0,0
Void Snare,10,52,135,11,7,215,1,1,0,1,0,1,1,1,0,0,0,0,1,0,0,0,0,0,1,0.15,0,0,0
Voidwielder,11,92,129,11,23,266,1,1,0,1,2,1,5,1,0,0,0,0,0,0,0,1,0,0,1,0.14,0,0,0
Volcanic Hammer,15,60,45,12,7,139,1,1,0,1,0,1,2,1,0,0,0,0,1,0,0,0,0,0,1,0.16,0,0,0
Volcanic Hammer,15,60,45,12,7,139,1,1,0,1,0,1,2,1,0,0,0,0,1,0,0,0,0,0,1,0.17,0,0,0
Volcanic Rambler,16,57,60,13,20,166,1,1,0,1,1,1,6,1,0,0,0,0,0,0,0,1,0,0,1,0.14,0,0,0
Volcanic Rush,13,65,106,11,7,202,1,1,0,1,0,1,5,1,0,0,0,1,0,0,0,0,0,0,1,0.14,0,0,0
Volcanic Strength,17,139,58,4,18,236,1,1,0,1,1,1,2,1,0,0,0,0,0,1,0,0,0,0,1,0.14,0,0,0
Volcanic Strength,17,139,29,4,18,207,1,1,0,1,1,1,2,1,0,0,0,0,0,1,0,0,0,0,1,0.14,0,0,0
Volcanic Submersion,19,83,151,14,7,274,1,1,0,1,0,1,5,1,0,0,0,0,1,0,0,0,0,0,1,0.15,0,0,0
Volcanic Upheaval,17,20,98,13,7,155,1,1,0,1,0,1,4,1,0,0,0,1,0,0,0,0,0,0,1,0.13,0,0,0
Voldaren Duelist,16,90,30,15,26,177,1,1,0,1,2,1,4,1,0,0,0,0,0,0,0,1,0,0,1,0.14,0,0,0
Volt Charge,11,201,0,29,7,248,1,1,0,1,0,1,3,1,0,0,0,1,0,0,0,0,0,0,1,0.15,0,0,0
Voracious Null,14,139,97,13,17,280,1,1,0,1,1,1,3,1,0,0,0,0,0,0,0,1,0,0,1,0.12,0,0,0
Vorrac Battlehorns,18,255,0,12,20,305,0,0,0,1,1,1,2,1,0,0,0,0,0,0,1,0,0,0,0,0.16,0,0,0
Votary of the Conclave,22,42,99,12,24,199,1,2,-1,1,2,1,1,1,0,0,0,0,0,0,0,1,0,0,1,0.15,0,0,0
Voyage's End,12,144,94,10,7,267,1,1,0,1,0,1,2,1,0,0,0,1,0,0,0,0,0,0,1,0.14,0,0,0
Voyaging Satyr,14,23,159,14,22,232,1,1,0,1,2,1,2,1,0,0,0,0,0,0,0,1,0,0,1,0.15,0,0,0
Vulpine Goliath,15,7,111,13,14,160,1,1,0,1,1,1,6,1,0,0,0,0,0,0,0,1,0,0,2,0.14,0,0,0
Vulshok Berserker,17,80,81,12,26,216,1,1,0,1,2,1,4,1,0,0,0,0,0,0,0,1,0,0,1,0.14,0,0,0
Vulshok Berserker,17,80,62,12,26,197,1,1,0,1,2,1,4,1,0,0,0,0,0,0,0,1,0,0,1,0.15,0,0,0
Vulshok Gauntlets,17,260,0,16,20,313,0,0,0,1,1,1,2,1,0,0,0,0,0,0,1,0,0,0,0,0.15,0,0,0
Vulshok Heartstoker,19,94,82,10,23,228,1,1,0,1,2,1,3,1,0,0,0,0,0,0,0,1,0,0,1,0.12,0,0,0
Vulshok Morningstar,19,110,0,12,20,161,0,0,0,1,1,1,2,1,0,0,0,0,0,0,1,0,0,0,0,0.17,0,0,0
Vulshok Replica,15,83,68,29,29,224,0,1,-1,2,1,1,3,1,0,0,0,0,0,0,1,1,0,0,0,0.14,0,0,0
Vulshok Sorcerer,16,72,128,7,23,246,1,1,0,1,2,1,3,1,0,0,0,0,0,0,0,1,0,0,2,0.16,0,0,0
Vulturous Aven,14,170,0,10,22,216,1,1,0,1,2,1,4,1,0,0,0,0,0,0,0,1,0,0,1,0.15,0,0,0
Wail of the Nim,15,174,0,11,7,207,1,1,0,1,0,1,3,1,0,0,0,1,0,0,0,0,0,0,1,0.16,0,0,0
Wailing Ghoul,13,101,67,15,17,213,1,1,0,1,1,1,2,1,0,0,0,0,0,0,0,1,0,0,1,0.14,0,0,0
Wake the Reflections,20,73,94,16,7,210,1,1,0,1,0,1,1,1,0,0,0,0,1,0,0,0,0,0,1,0.15,0,0,0
Waking Nightmare,16,33,182,11,16,258,1,1,0,1,1,1,3,1,0,0,0,0,1,0,0,0,0,0,1,0.15,0,0,0
Walking Atlas,13,65,93,13,29,213,0,0,0,2,1,1,2,1,0,0,0,0,0,0,1,1,0,0,0,0.25,0,0,0
Walking Corpse,14,0,218,13,17,262,1,1,0,1,1,1,2,1,0,0,0,0,0,0,0,1,0,0,1,0.14,0,0,0
Walking Corpse,14,0,171,13,17,215,1,1,0,1,1,1,2,1,0,0,0,0,0,0,0,1,0,0,1,0.14,0,0,0
Walking Corpse,14,0,171,13,17,215,1,1,0,1,1,1,2,1,0,0,0,0,0,0,0,1,0,0,1,0.18,0,0,0
Wall of Faith,13,87,140,17,15,272,1,1,0,1,1,1,4,1,0,0,0,0,0,0,0,1,0,0,1,0.15,0,0,0
Wall of Fire,12,86,43,14,15,170,1,1,0,1,1,1,3,1,0,0,0,0,0,0,0,1,0,0,2,0.14,0,0,0
Wall of Fire,12,86,43,14,15,170,1,1,0,1,1,1,3,1,0,0,0,0,0,0,0,1,0,0,2,0.15,0,0,0
Wall of Forgotten Pharaohs,26,169,0,13,24,232,0,0,0,2,1,1,2,1,0,0,0,0,0,0,1,1,0,0,0,0.15,0,0,0
Wall of Tanglecord,18,101,123,12,24,278,0,1,-1,2,1,1,2,1,0,0,0,0,0,0,1,1,0,0,0,0.17,0,0,0
Wall of Torches,15,38,122,11,15,201,1,1,0,1,1,1,2,1,0,0,0,0,0,0,0,1,0,0,1,0.14,0,0,0
Wall of Vines,13,93,139,11,21,277,1,1,0,1,2,1,1,1,0,0,0,0,0,0,0,1,0,0,1,0.15,0,0,0
Wall of Wood,12,38,163,12,15,240,1,1,0,1,1,1,1,1,0,0,0,0,0,0,0,1,0,0,1,0.16,0,0,0
Wander in Death,15,123,44,12,7,201,1,1,0,1,0,1,3,1,0,0,0,0,1,0,0,0,0,0,1,0.14,0,0,0
Wanderbrine Rootcutters,23,60,153,6,24,266,2,2,0,1,2,1,4,1,0,0,0,0,0,0,0,1,0,0,2,0.15,0,0,0
Wanderer's Twig,15,139,70,11,8,243,0,0,0,1,0,1,1,1,0,0,0,0,0,0,1,0,0,0,0,0.16,0,0,0
Wanderguard Sentry,18,79,99,12,16,224,1,1,0,1,1,1,5,1,0,0,0,0,0,0,0,1,0,0,1,0.14,0,0,0
Wanderguard Sentry,18,79,86,12,16,211,1,1,0,1,1,1,5,1,0,0,0,0,0,0,0,1,0,0,1,0.15,0,0,0
Wandering Goblins,17,110,105,13,25,270,1,1,0,1,2,1,3,1,0,0,0,0,0,0,0,1,0,0,1,0.15,0,0,0
Wandering Ones,14,0,170,14,17,215,1,1,0,1,1,1,1,1,0,0,0,0,0,0,0,1,0,0,1,0.16,0,0,0
Wandering Tombshell,19,0,231,13,24,287,1,1,0,1,2,1,4,1,0,0,0,0,0,0,0,1,0,0,1,0.15,0,0,0
Wandering Wolf,14,69,112,16,15,226,1,1,0,1,1,1,2,1,0,0,0,0,0,0,0,1,0,0,1,0.14,0,0,0
War Behemoth,12,119,95,12,16,254,1,1,0,1,1,1,6,1,0,0,0,0,0,0,0,1,0,0,1,0.14,0,0,0
War Falcon,10,72,114,11,15,222,1,1,0,1,1,1,1,1,0,0,0,0,0,0,0,1,0,0,1,0.15,0,0,0
War Flare,9,73,90,13,7,192,2,2,0,1,0,1,4,1,0,0,0,1,0,0,0,0,0,0,2,0.14,0,0,0
War Report,10,114,131,11,7,273,1,1,0,1,0,1,4,1,0,0,0,1,0,0,0,0,0,0,1,0.14,0,0,0
Warchanter of Mogis,19,241,0,11,26,297,1,1,0,1,2,1,5,1,0,0,0,0,0,0,0,1,0,0,2,0.14,0,0,0
Warclamp Mastiff,16,87,100,13,16,232,1,1,0,1,1,1,1,1,0,0,0,0,0,0,0,1,0,0,1,0.14,0,0,0
Warden of Geometries,20,74,102,11,24,231,0,0,0,1,2,1,4,1,0,0,0,0,0,0,0,1,0,0,0,0.14,0,0,0
Warmind Infantry,16,125,130,12,28,311,1,1,0,1,2,1,3,1,0,0,0,0,0,0,0,1,0,0,1,0.14,0,0,0
Warpath Ghoul,13,0,56,7,17,93,1,1,0,1,1,1,3,1,0,0,0,0,0,0,0,1,0,0,1,0.15,0,0,0
Warpath Ghoul,13,0,171,7,17,208,1,1,0,1,1,1,3,1,0,0,0,0,0,0,0,1,0,0,1,0.15,0,0,0
Warped Landscape,16,178,80,12,4,290,0,0,0,1,0,1,0,1,0,0,0,0,0,0,0,0,1,0,0,0.15,0,0,0
Warren Pilferers,16,186,81,14,23,320,1,1,0,1,2,1,5,1,0,0,0,0,0,0,0,1,0,0,1,0.15,0,0,0
Warren-Scourge Elf,18,23,199,19,22,281,1,1,0,1,2,1,2,1,0,0,0,0,0,0,0,1,0,0,1,0.15,0,0,0
Warrior's Honor,15,50,111,20,7,203,1,1,0,1,0,1,3,1,0,0,0,1,0,0,0,0,0,0,1,0.15,0,0,0
Warrior's Honor,15,50,145,20,7,237,1,1,0,1,0,1,3,1,0,0,0,1,0,0,0,0,0,0,1,0.16,0,0,0
War-Spike Changeling,20,110,108,10,23,271,1,1,0,1,1,1,4,1,0,0,0,0,0,0,0,1,0,0,1,0.15,0,0,0
War-Torch Goblin,16,93,187,22,25,343,1,1,0,1,2,1,1,1,0,0,0,0,0,0,0,1,0,0,1,0.15,0,0,0
War-Wing Siren,14,109,65,17,24,229,1,1,0,1,2,1,3,1,0,0,0,0,0,0,0,1,0,0,1,0.15,0,0,0
Wasteland Scorpion,18,61,43,13,19,154,1,1,0,1,1,1,3,1,0,0,0,0,0,0,0,1,0,0,1,0.14,0,0,0
Watcher in the Web,18,126,133,13,17,307,1,1,0,1,1,1,5,1,0,0,0,0,0,0,0,1,0,0,1,0.14,0,0,0
Watcher Sliver,14,31,99,12,17,173,1,1,0,1,1,1,4,1,0,0,0,0,0,0,0,1,0,0,1,0.16,0,0,0
Watchful Automaton,18,108,148,14,29,317,0,1,-1,2,1,1,3,1,0,0,0,0,0,0,1,1,0,0,0,0.12,0,0,0
Watchwing Scarecrow,19,145,85,12,29,290,0,0,0,2,1,1,4,1,0,0,0,0,0,0,1,1,0,0,0,0.16,0,0,0
Watercourser,12,47,124,15,20,218,1,1,0,1,1,1,3,1,0,0,0,0,0,0,0,1,0,0,1,0.13,0,0,0
Watercourser,12,47,125,15,20,219,1,1,0,1,1,1,3,1,0,0,0,0,0,0,0,1,0,0,1,0.14,0,0,0
Watertrap Weaver,16,156,31,12,25,240,1,1,0,1,2,1,3,1,0,0,0,0,0,0,0,1,0,0,1,0.14,0,0,0
Wavecrash Triton,16,176,0,11,25,228,1,1,0,1,2,1,3,1,0,0,0,0,0,0,0,1,0,0,1,0.14,0,0,0
Waveskimmer Aven,16,107,54,8,23,208,3,3,0,1,2,1,5,1,0,0,0,0,0,0,0,1,0,0,3,0.15,0,0,0
Wave-Wing Elemental,19,126,77,21,20,263,1,1,0,1,1,1,6,1,0,0,0,0,0,0,0,1,0,0,1,0.13,0,0,0
Waxing Moon,11,102,85,13,7,218,1,1,0,1,0,1,2,1,0,0,0,1,0,0,0,0,0,0,1,0.15,0,0,0
Waxmane Baku,12,154,0,16,17,199,1,1,0,1,1,1,3,1,0,0,0,0,0,0,0,1,0,0,1,0.15,0,0,0
Way of the Thief,16,114,86,13,18,247,1,1,0,1,1,1,4,1,0,0,0,0,0,1,0,0,0,0,1,0.14,0,0,0
Wayfarer's Bauble,17,154,109,13,8,301,0,0,0,1,0,1,1,1,0,0,0,0,0,0,1,0,0,0,0,0.17,0,0,0
Wayward Giant,13,6,149,14,16,198,1,1,0,1,1,1,5,1,0,0,0,0,0,0,0,1,0,0,1,0.11,0,0,0
Weakness,8,47,65,10,18,148,1,1,0,1,1,1,1,1,0,0,0,0,0,1,0,0,0,0,1,0.14,0,0,0
Weapon Surge,12,224,0,11,7,254,1,1,0,1,0,1,1,1,0,0,0,1,0,0,0,0,0,0,1,0.14,0,0,0
Wear Away,9,211,0,15,16,251,1,1,0,1,1,1,2,1,0,0,0,1,0,0,0,0,0,0,2,0.17,0,0,0
Weave Fate,10,15,145,11,7,188,1,1,0,1,0,1,4,1,0,0,0,1,0,0,0,0,0,0,1,0.14,0,0,0
Weave Fate,10,15,57,11,7,100,1,1,0,1,0,1,4,1,0,0,0,1,0,0,0,0,0,0,1,0.3,0,0,0
Wee Dragonauts,14,98,149,12,24,297,2,2,0,1,2,1,3,1,0,0,0,0,0,0,0,1,0,0,2,0.15,0,0,0
Weed Strangle,13,286,0,13,7,319,1,1,0,1,0,1,5,1,0,0,0,0,1,0,0,0,0,0,2,0.15,0,0,0
Weed-Pruner Poplar,18,108,127,13,28,294,1,1,0,1,2,1,5,1,0,0,0,0,0,0,0,1,0,0,1,0.16,0,0,0
Weight of Conscience,20,142,69,14,18,263,1,1,0,1,1,1,2,1,0,0,0,0,0,1,0,0,0,0,1,0.15,0,0,0
Weight of the Underworld,24,47,102,11,18,202,1,1,0,1,1,1,4,1,0,0,0,0,0,1,0,0,0,0,1,0.14,0,0,0
Weight of the Underworld,24,47,102,11,18,202,1,1,0,1,1,1,4,1,0,0,0,0,0,1,0,0,0,0,1,0.15,0,0,0
Weirded Vampire,15,138,68,13,25,259,1,1,0,1,2,1,4,1,0,0,0,0,0,0,0,1,0,0,1,0.13,0,0,0
Welder Automaton,16,57,146,20,29,268,0,1,-1,2,1,1,2,1,0,0,0,0,0,0,1,1,0,0,0,0.1,0,0,0
Weldfast Monitor,16,53,97,12,26,204,0,1,-1,2,1,1,3,1,0,0,0,0,0,0,1,1,0,0,0,0.1,0,0,0
Weldfast Wingsmith,18,114,105,9,26,272,1,1,0,1,2,1,4,1,0,0,0,0,0,0,0,1,0,0,1,0.11,0,0,0
Welding Jar,11,50,105,10,8,184,0,0,0,1,0,1,0,1,0,0,0,0,0,0,1,0,0,0,0,0.85,0,0,0
Welding Sparks,14,104,104,16,7,245,1,1,0,1,0,1,3,1,0,0,0,1,0,0,0,0,0,0,1,0.12,0,0,0
Welkin Guide,12,111,96,13,22,254,1,1,0,1,2,1,5,1,0,0,0,0,0,0,0,1,0,0,1,0.16,0,0,0
Welkin Tern,11,131,134,10,15,301,1,1,0,1,1,1,2,1,0,0,0,0,0,0,0,1,0,0,1,0.14,0,0,0
Welkin Tern,11,131,146,10,15,313,1,1,0,1,1,1,2,1,0,0,0,0,0,0,0,1,0,0,1,0.14,0,0,0
Welkin Tern,11,131,82,10,15,249,1,1,0,1,1,1,2,1,0,0,0,0,0,0,0,1,0,0,1,0.14,0,0,0
Wellgabber Apothecary,21,102,173,14,25,335,1,1,0,1,2,1,5,1,0,0,0,0,0,0,0,1,0,0,1,0.15,0,0,0
Wetland Sambar,14,0,199,12,14,239,1,1,0,1,1,1,2,1,0,0,0,0,0,0,0,1,0,0,1,0.12,0,0,0
Whimwader,9,73,88,11,20,201,1,1,0,1,1,1,5,1,0,0,0,0,0,0,0,1,0,0,1,0.15,0,0,0
Whiplash Trap,13,209,0,29,14,265,1,1,0,1,1,1,5,1,0,0,0,1,0,0,0,0,0,0,2,0.15,0,0,0
Whip-Spine Drake,16,126,101,12,16,271,1,2,-1,1,1,1,5,1,0,0,0,0,0,0,0,1,0,0,2,0.15,0,0,0
Whiptail Moloch,15,94,158,13,17,297,1,1,0,1,1,1,5,1,0,0,0,0,0,0,0,1,0,0,1,0.15,0,0,0
Whirlpool Whelm,15,325,0,20,7,367,1,1,0,1,0,1,2,1,0,0,0,1,0,0,0,0,0,0,1,0.15,0,0,0
Whirlwind Adept,15,184,0,12,21,232,1,1,0,1,2,1,5,1,0,0,0,0,0,0,0,1,0,0,1,0.14,0,0,0
Whisk Away,10,72,98,11,7,198,1,1,0,1,0,1,3,1,0,0,0,1,0,0,0,0,0,0,1,0.14,0,0,0
Whisperer of the Wilds,22,156,69,13,23,283,1,1,0,1,2,1,2,1,0,0,0,0,0,0,0,1,0,0,1,0.17,0,0,0
Whispersilk Cloak,17,109,0,12,20,158,0,0,0,1,1,1,3,1,0,0,0,0,0,0,1,0,0,0,0,0.58,0,0,0
Whitemane Lion,14,162,51,29,14,270,1,1,0,1,1,1,2,1,0,0,0,0,0,0,0,1,0,0,1,0.17,0,0,0
Whitesun's Passage,18,16,148,9,7,198,1,1,0,1,0,1,2,1,0,0,0,1,0,0,0,0,0,0,1,0.14,0,0,0
Wicked Akuba,12,71,70,6,17,176,1,1,0,1,1,1,2,1,0,0,0,0,0,0,0,1,0,0,2,0.16,0,0,0
Wicker Witch,12,0,73,4,29,118,0,0,0,2,1,1,3,1,0,0,0,0,0,0,1,1,0,0,0,0.14,0,0,0
Wickerbough Elder,17,160,82,13,26,298,1,1,0,1,2,1,4,1,0,0,0,0,0,0,0,1,0,0,1,0.24,0,0,0
Wild Cantor,11,111,100,11,22,255,2,2,0,1,2,1,1,1,0,0,0,0,0,0,0,1,0,0,1,0.17,0,0,0
Wild Celebrants,15,77,98,13,16,219,1,1,0,1,1,1,5,1,0,0,0,0,0,0,0,1,0,0,2,0.14,0,0,0
Wild Griffin,12,6,126,12,18,174,1,1,0,1,1,1,3,1,0,0,0,0,0,0,0,1,0,0,1,0.14,0,0,0
Wild Griffin,12,6,175,12,18,223,1,1,0,1,1,1,3,1,0,0,0,0,0,0,0,1,0,0,1,0.15,0,0,0
Wild Guess,10,73,18,14,7,122,1,1,0,1,0,1,2,1,0,0,0,0,1,0,0,0,0,0,2,0.14,0,0,0
Wild Guess,10,73,18,14,7,122,1,1,0,1,0,1,2,1,0,0,0,0,1,0,0,0,0,0,2,0.14,0,0,0
Wild Hunger,11,164,90,13,7,285,1,2,-1,1,0,1,3,1,0,0,0,1,0,0,0,0,0,0,1,0.14,0,0,0
Wild Instincts,14,158,83,13,7,275,1,1,0,1,0,1,4,1,0,0,0,0,1,0,0,0,0,0,1,0.14,0,0,0
Wild Leotau,11,74,102,15,14,216,1,1,0,1,1,1,4,1,0,0,0,0,0,0,0,1,0,0,2,0.15,0,0,0
Wild Nacatl,11,113,118,14,22,278,1,1,0,1,2,1,1,1,0,0,0,0,0,0,0,1,0,0,1,1.2,1,0,0
Wild Wanderer,13,156,56,19,20,264,1,1,0,1,2,1,4,1,0,0,0,0,0,0,0,1,0,0,1,0.1,0,0,0
Wilderness Hypnotist,20,63,134,12,25,254,1,1,0,1,2,1,4,1,0,0,0,0,0,0,0,1,0,0,2,0.15,0,0,0
Wildfield Borderpost,20,212,0,29,8,269,2,2,0,1,0,1,3,1,0,0,0,0,0,0,1,0,0,0,2,0.22,0,0,0
Wildheart Invoker,17,68,129,10,21,245,1,1,0,1,2,1,4,1,0,0,0,0,0,0,0,1,0,0,2,0.15,0,0,0
Wildsize,8,76,41,10,7,142,1,1,0,1,0,1,3,1,0,0,0,1,0,0,0,0,0,0,1,0.15,0,0,0
Wildslayer Elves,16,70,114,12,22,234,1,1,0,1,2,1,4,1,0,0,0,0,0,0,0,1,0,0,1,0.16,0,0,0
Wildwood Geist,14,52,93,15,17,191,1,1,0,1,1,1,5,1,0,0,0,0,0,0,0,1,0,0,1,0.14,0,0,0
Wildwood Rebirth,16,61,70,9,7,163,1,1,0,1,0,1,2,1,0,0,0,1,0,0,0,0,0,0,1,0.14,0,0,0
Will of the Naga,16,189,34,14,7,260,1,1,0,1,0,1,6,1,0,0,0,1,0,0,0,0,0,0,2,0.15,0,0,0
Will-Forged Golem,17,148,80,11,25,281,0,0,0,2,1,1,6,1,0,0,0,0,0,0,1,1,0,0,0,0.14,0,0,0
Wily Bandar,11,117,39,13,21,201,1,1,0,1,2,1,1,1,0,0,0,0,0,0,0,1,0,0,1,0.11,0,0,0
Wind Drake,10,6,77,13,16,122,1,1,0,1,1,1,3,1,0,0,0,0,0,0,0,1,0,0,1,0.1,0,0,0
Wind Drake,10,6,125,14,16,171,1,1,0,1,1,1,3,1,0,0,0,0,0,0,0,1,0,0,1,0.14,0,0,0
Wind Drake,10,6,125,14,16,171,1,1,0,1,1,1,3,1,0,0,0,0,0,0,0,1,0,0,1,0.14,0,0,0
Wind Drake,10,6,168,15,16,215,1,1,0,1,1,1,3,1,0,0,0,0,0,0,0,1,0,0,1,0.15,0,0,0
Wind Drake,10,6,168,15,16,215,1,1,0,1,1,1,3,1,0,0,0,0,0,0,0,1,0,0,1,0.15,0,0,0
Wind Drake,10,6,115,21,16,168,1,1,0,1,1,1,3,1,0,0,0,0,0,0,0,1,0,0,1,0.15,0,0,0
Wind Strider,12,12,47,17,25,113,1,1,0,1,2,1,5,1,0,0,0,0,0,0,0,1,0,0,1,0.14,0,0,0
Wind Zendikon,13,156,0,13,18,200,1,1,0,1,1,1,1,1,0,0,0,0,0,1,0,0,0,0,1,0.16,0,0,0
Windrider Eel,13,120,85,10,15,243,1,1,0,1,1,1,4,1,0,0,0,0,0,0,0,1,0,0,1,0.14,0,0,0
Winds of Rebuke,15,136,50,15,7,223,1,1,0,1,0,1,2,1,0,0,0,1,0,0,0,0,0,0,1,0.13,0,0,0
Wind-Scarred Crag,17,151,0,10,4,182,0,2,-2,1,0,1,0,1,0,0,0,0,0,0,0,0,1,0,0,0.14,0,0,0
Wind-Scarred Crag,17,151,0,10,4,182,0,2,-2,1,0,1,0,1,0,0,0,0,0,0,0,0,1,0,0,0.16,0,0,0
Windwright Mage,15,157,70,6,32,280,3,3,0,2,2,1,3,1,0,0,0,0,0,0,1,1,0,0,3,0.15,0,0,0
Wing Puncture,13,91,99,2,7,212,1,1,0,1,0,1,1,1,0,0,0,1,0,0,0,0,0,0,1,0.14,0,0,0
Wingcrafter,11,248,0,12,23,294,1,1,0,1,2,1,1,1,0,0,0,0,0,0,0,1,0,0,1,0.14,0,0,0
Winged Coatl,12,158,73,4,16,263,2,2,0,1,1,1,3,1,0,0,0,0,0,0,0,1,0,0,2,0.2,0,0,0
Winged Shepherd,15,68,147,10,16,256,1,1,0,1,1,1,6,1,0,0,0,0,0,0,0,1,0,0,1,0.12,0,0,0
Wingrattle Scarecrow,20,290,0,15,29,354,0,0,0,2,1,1,3,1,0,0,0,0,0,0,1,1,0,0,0,0.2,0,0,0
Wings of Velis Vel,18,159,39,11,29,256,1,1,0,2,1,1,2,1,0,0,0,1,0,0,0,0,0,0,1,0.16,0,0,0
Wingsteed Rider,15,111,47,16,23,212,1,1,0,1,2,1,3,1,0,0,0,0,0,0,0,1,0,0,2,0.14,0,0,0
Winnower Patrol,15,209,0,12,22,258,1,1,0,1,2,1,3,1,0,0,0,0,0,0,0,1,0,0,1,0.17,0,0,0
Wispmare,8,187,0,12,20,227,1,1,0,1,1,1,3,1,0,0,0,0,0,0,0,1,0,0,1,0.18,0,0,0
Wistful Thinking,16,56,154,13,7,246,1,1,0,1,0,1,3,1,0,0,0,0,1,0,0,0,0,0,1,0.15,0,0,0
Witch's Familiar,16,0,134,9,15,174,1,1,0,1,1,1,3,1,0,0,0,0,0,0,0,1,0,0,1,0.14,0,0,0
Without Weakness,16,250,0,12,7,285,1,1,0,1,0,1,2,1,0,0,0,1,0,0,0,0,0,0,1,0.13,0,0,0
Withstand,9,98,117,10,7,241,1,1,0,1,0,1,3,1,0,0,0,1,0,0,0,0,0,0,1,0.14,0,0,0
Withstand Death,15,187,62,16,7,287,1,1,0,1,0,1,1,1,0,0,0,1,0,0,0,0,0,0,1,0.15,0,0,0
Witness the End,15,104,152,13,7,291,0,1,-1,1,0,1,4,1,0,0,0,0,1,0,0,0,0,0,1,0.14,0,0,0
Wizard Replica,14,90,37,14,26,181,0,1,-1,2,1,1,3,1,0,0,0,0,0,0,1,1,0,0,0,0.15,0,0,0
Woeleecher,10,82,108,4,20,224,1,1,0,1,1,1,6,1,0,0,0,0,0,0,0,1,0,0,1,0.15,0,0,0
Wojek Halberdiers,17,135,121,9,24,306,2,2,0,1,2,1,2,1,0,0,0,0,0,0,0,1,0,0,2,0.15,0,0,0
Wojek Siren,11,107,60,29,7,214,1,1,0,1,0,1,1,1,0,0,0,1,0,0,0,0,0,0,1,0.15,0,0,0
Wolfkin Bond,12,129,0,12,18,171,1,1,0,1,1,1,5,1,0,0,0,0,0,1,0,0,0,0,1,0.14,0,0,0
Wood Elves,10,144,52,19,20,245,1,1,0,1,2,1,3,1,0,0,0,0,0,0,0,1,0,0,1,0.19,0,0,0
Wood Elves,10,144,52,19,20,245,1,1,0,1,2,1,3,1,0,0,0,0,0,0,0,1,0,0,1,0.21,0,0,0
Woodcutter's Grit,17,148,68,15,7,255,1,1,0,1,0,1,3,1,0,0,0,1,0,0,0,0,0,0,1,0.14,0,0,0
Wooden Stake,12,225,0,13,20,270,0,0,0,1,1,1,2,1,0,0,0,0,0,0,1,0,0,0,0,0.14,0,0,0
Woodland Changeling,19,46,101,15,23,204,1,1,0,1,1,1,2,1,0,0,0,0,0,0,0,1,0,0,1,0.15,0,0,0
Woodland Patrol,15,9,104,11,22,161,1,1,0,1,2,1,3,1,0,0,0,0,0,0,0,1,0,0,1,0.13,0,0,0
Woodland Sleuth,15,150,76,16,22,279,1,1,0,1,2,1,4,1,0,0,0,0,0,0,0,1,0,0,1,0.14,0,0,0
Woodland Stream,15,85,79,21,4,204,0,2,-2,1,0,1,0,1,0,0,0,0,0,0,0,0,1,0,0,0.1,0,0,0
Woodland Stream,15,85,109,14,4,227,0,2,-2,1,0,1,0,1,0,0,0,0,0,0,0,0,1,0,0,0.15,0,0,0
Woodland Stream,15,85,125,11,4,240,0,2,-2,1,0,1,0,1,0,0,0,0,0,0,0,0,1,0,0,0.16,0,0,0
Woodland Stream,15,85,109,14,4,227,0,2,-2,1,0,1,0,1,0,0,0,0,0,0,0,0,1,0,0,0.2,0,0,0
Woodlurker Mimic,16,220,106,15,23,380,2,2,0,1,1,1,2,1,0,0,0,0,0,0,0,1,0,0,1,0.15,0,0,0
Woodweaver's Puzzleknot,23,189,0,11,8,231,0,1,-1,1,0,1,2,1,0,0,0,0,0,0,1,0,0,0,0,0.14,0,0,0
Woodwraith Strangler,20,75,84,7,23,209,2,2,0,1,2,1,4,1,0,0,0,0,0,0,0,1,0,0,2,0.15,0,0,0
Woolly Loxodon,14,119,113,11,27,284,1,1,0,1,2,1,7,1,0,0,0,0,0,0,0,1,0,0,2,0.14,0,0,0
Workshop Assistant,18,99,58,20,29,224,0,0,0,2,1,1,3,1,0,0,0,0,0,0,1,1,0,0,0,0.11,0,0,0
Worldly Counsel,15,211,38,12,7,283,1,1,0,1,0,1,2,1,0,0,0,1,0,0,0,0,0,0,1,0.15,0,0,0
Wormwood Dryad,14,299,0,11,16,340,1,2,-1,1,1,1,3,1,0,0,0,0,0,0,0,1,0,0,1,0.15,0,0,0
Wrack with Madness,18,58,100,13,7,196,1,1,0,1,0,1,4,1,0,0,0,0,1,0,0,0,0,0,1,0.13,0,0,0
Wrangle,7,126,50,15,7,205,1,1,0,1,0,1,2,1,0,0,0,0,1,0,0,0,0,0,1,0.14,0,0,0
Wrap in Flames,14,109,107,18,7,255,1,1,0,1,0,1,4,1,0,0,0,0,1,0,0,0,0,0,1,0.15,0,0,0
Wrap in Vigor,13,37,172,12,7,241,1,1,0,1,0,1,2,1,0,0,0,1,0,0,0,0,0,0,1,0.18,0,0,0
Wrecking Ball,13,32,77,10,7,139,2,2,0,1,0,1,4,1,0,0,0,1,0,0,0,0,0,0,2,0.16,0,0,0
Wrench Mind,11,76,39,12,7,145,1,1,0,1,0,1,2,1,0,0,0,0,1,0,0,0,0,0,2,0.86,0,0,0
Wretched Banquet,16,112,53,9,7,197,1,1,0,1,0,1,1,1,0,0,0,0,1,0,0,0,0,0,1,0.15,0,0,0
Wretched Camel,14,125,88,9,23,259,1,1,0,1,2,1,2,1,0,0,0,0,0,0,0,1,0,0,1,0.12,0,0,0
Wretched Gryff,14,190,0,14,29,247,0,1,-1,1,2,1,7,1,0,0,0,0,0,0,0,1,0,0,0,0.15,0,0,0
Wring Flesh,11,45,80,4,7,147,1,1,0,1,0,1,1,1,0,0,0,1,0,0,0,0,0,0,1,0.14,0,0,0
Wring Flesh,11,45,86,4,7,153,1,1,0,1,0,1,1,1,0,0,0,1,0,0,0,0,0,0,1,0.15,0,0,0
Writ of Passage,15,307,0,12,18,352,1,1,0,1,1,1,1,1,0,0,0,0,0,1,0,0,0,0,1,0.16,0,0,0
Write into Being,16,275,0,13,7,311,1,1,0,1,0,1,3,1,0,0,0,0,1,0,0,0,0,0,1,0.15,0,0,0
Wurmskin Forger,15,119,120,12,22,288,1,1,0,1,2,1,7,1,0,0,0,0,0,0,0,1,0,0,2,0.15,0,0,0
Yamabushi's Flame,17,137,0,19,7,180,1,1,0,1,0,1,3,1,0,0,0,1,0,0,0,0,0,0,1,0.15,0,0,0
Yamabushi's Storm,17,125,0,13,7,162,1,1,0,1,0,1,2,1,0,0,0,0,1,0,0,0,0,0,1,0.15,0,0,0
Yavimaya Wurm,13,106,65,15,15,214,1,1,0,1,1,1,6,1,0,0,0,0,0,0,0,1,0,0,2,0.14,0,0,0
Yawning Fissure,15,32,129,18,7,201,1,1,0,1,0,1,5,1,0,0,0,0,1,0,0,0,0,0,1,0.14,0,0,0
Yeva's Forcemage,16,91,106,14,21,248,1,1,0,1,2,1,3,1,0,0,0,0,0,0,0,1,0,0,1,0.14,0,0,0
Yeva's Forcemage,16,91,106,14,21,248,1,1,0,1,2,1,3,1,0,0,0,0,0,0,0,1,0,0,1,0.14,0,0,0
Yoke of the Damned,18,66,43,11,18,156,1,1,0,1,1,1,2,1,0,0,0,0,0,1,0,0,0,0,1,0.15,0,0,0
Yoked Ox,8,0,189,8,13,218,1,1,0,1,1,1,1,1,0,0,0,0,0,0,0,1,0,0,1,0.14,0,0,0
Yoked Ox,8,0,188,8,13,217,1,1,0,1,1,1,1,1,0,0,0,0,0,0,0,1,0,0,1,0.15,0,0,0
Yoked Plowbeast,15,50,165,12,16,258,1,1,0,1,1,1,7,1,0,0,0,0,0,0,0,1,0,0,2,0.16,0,0,0
Yotian Soldier,14,9,105,12,27,167,0,0,0,2,1,1,3,1,0,0,0,0,0,0,1,1,0,0,0,0.15,0,0,0
Young Wolf,10,152,109,13,15,299,1,1,0,1,1,1,1,1,0,0,0,0,0,0,0,1,0,0,1,0.29,0,0,0
Youthful Knight,15,12,40,12,23,102,1,1,0,1,2,1,2,1,0,0,0,0,0,0,0,1,0,0,1,0.16,0,0,0
Zada's Commando,15,111,96,11,29,262,1,1,0,1,3,1,2,1,0,0,0,0,0,0,0,1,0,0,1,0.14,0,0,0
Zarichi Tiger,13,29,106,9,14,171,1,1,0,1,1,1,4,1,0,0,0,0,0,0,0,1,0,0,1,0.14,0,0,0
Zealot il-Vec,13,250,0,6,22,291,1,1,0,1,2,1,3,1,0,0,0,0,0,0,0,1,0,0,1,0.16,0,0,0
Zealot of the God-Pharaoh,25,68,77,14,26,210,1,1,0,1,2,1,4,1,0,0,0,0,0,0,0,1,0,0,1,0.11,0,0,0
Zealous Guardian,16,5,102,15,26,164,2,2,0,1,2,1,1,1,0,0,0,0,0,0,0,1,0,0,1,0.16,0,0,0
Zealous Strike,14,68,45,8,7,142,1,1,0,1,0,1,2,1,0,0,0,1,0,0,0,0,0,0,1,0.14,0,0,0
Zektar Shrine Expedition,24,316,0,12,11,363,1,1,0,1,0,1,2,1,0,0,0,0,0,1,0,0,0,0,1,0.15,0,0,0
Zendikar Farguide,17,90,51,13,20,191,1,1,0,1,1,1,5,1,0,0,0,0,0,0,0,1,0,0,1,0.14,0,0,0
Zephyr Charge,13,55,99,14,11,192,1,1,0,1,0,1,2,1,0,0,0,0,0,1,0,0,0,0,1,0.14,0,0,0
Zephyr Net,10,60,120,14,18,222,1,1,0,1,1,1,2,1,0,0,0,0,0,1,0,0,0,0,1,0.15,0,0,0
Zephyr Scribe,13,103,92,13,21,242,1,1,0,1,2,1,3,1,0,0,0,0,0,0,0,1,0,0,1,0.15,0,0,0
Zephyr Spirit,13,57,114,14,17,215,1,1,0,1,1,1,6,1,0,0,0,0,0,0,0,1,0,0,1,0.15,0,0,0
Zephyr Sprite,13,6,122,10,17,168,1,1,0,1,1,1,1,1,0,0,0,0,0,0,0,1,0,0,1,0.21,0,0,0
Zhur-Taa Druid,14,109,68,12,22,225,2,2,0,1,2,1,2,1,0,0,0,0,0,0,0,1,0,0,2,0.15,0,0,0
Zhur-Taa Swine,14,102,105,13,15,249,2,2,0,1,1,1,5,1,0,0,0,0,0,0,0,1,0,0,2,0.14,0,0,0
Zodiac Monkey,13,90,58,16,17,194,1,1,0,1,1,1,2,1,0,0,0,0,0,0,0,1,0,0,1,0.16,0,0,0
Zof Shade,9,47,87,14,16,173,1,1,0,1,1,1,4,1,0,0,0,0,0,0,0,1,0,0,1,0.14,0,0,0
Zof Shade,9,47,89,14,16,175,1,1,0,1,1,1,4,1,0,0,0,0,0,0,0,1,0,0,1,0.15,0,0,0
Zombie Goliath,14,0,244,10,23,291,1,1,0,1,2,1,5,1,0,0,0,0,0,0,0,1,0,0,1,0.14,0,0,0
Zombie Goliath,14,0,239,10,23,286,1,1,0,1,2,1,5,1,0,0,0,0,0,0,0,1,0,0,1,0.14,0,0,0
Zombie Goliath,14,0,239,10,23,286,1,1,0,1,2,1,5,1,0,0,0,0,0,0,0,1,0,0,1,0.15,0,0,0
Zombie Musher,13,182,137,10,22,364,1,1,0,1,1,1,4,1,0,0,0,0,0,0,0,1,0,0,1,0.15,0,0,0
Zombie Outlander,16,21,122,9,23,191,2,2,0,1,2,1,2,1,0,0,0,0,0,0,0,1,0,0,2,0.16,0,0,0
Zulaport Chainmage,18,77,73,12,28,208,1,1,0,1,3,1,4,1,0,0,0,0,0,0,0,1,0,0,1,0.13,0,0,0
Zulaport Enforcer,17,165,0,12,24,218,1,1,0,1,2,1,1,1,0,0,0,0,0,0,0,1,0,0,1,0.14,0,0,0
Abyssal Persecutor,18,78,74,6,16,192,1,1,0,1,1,1,4,0,0,0,0,0,0,0,0,1,0,0,2,2.23,1,0,0
Admiral Beckett Brass,21,199,58,15,33,326,3,3,0,1,2,1,4,0,0,0,1,0,0,0,0,1,0,0,3,1.45,1,0,0
Admonition Angel,16,270,0,12,16,314,1,1,0,1,1,1,6,0,0,0,0,0,0,0,0,1,0,0,3,4.99,1,0,0
Aetherwind Basker,17,189,61,15,17,299,1,1,0,1,1,1,7,0,0,0,0,0,0,0,0,1,0,0,3,0.74,0,0,0
Aetherworks Marvel,18,290,0,11,18,337,0,0,0,1,0,1,4,0,0,0,1,0,0,0,1,0,0,0,0,1.26,1,0,0
Ajani  Caller of the Pride,26,195,0,20,30,271,1,1,0,1,1,1,3,0,0,0,1,0,0,0,0,0,0,1,2,5.81,1,1,0
Ajani  Caller of the Pride,26,195,0,20,30,271,1,1,0,1,1,1,3,0,0,0,1,0,0,0,0,0,0,1,2,5.85,1,1,0
Ajani  Mentor of Heroes,23,316,0,12,30,381,2,2,0,1,1,1,5,0,0,0,1,0,0,0,0,0,0,1,2,14.92,1,1,1
Ajani  Valiant Protector,24,348,0,15,30,417,2,2,0,1,1,1,6,0,0,0,1,0,0,0,0,0,0,1,2,4.33,1,0,0
Ajani Goldmane,14,246,0,14,30,304,1,1,0,1,1,1,4,0,0,0,1,0,0,0,0,0,0,1,2,8.05,1,1,0
Ajani Goldmane,14,246,0,14,30,304,1,1,0,1,1,1,4,0,0,0,1,0,0,0,0,0,0,1,2,8.31,1,1,0
Ajani Steadfast,15,354,0,10,30,409,1,1,0,1,1,1,4,0,0,0,1,0,0,0,0,0,0,1,1,9.78,1,1,0
Ajani Unyielding,16,365,0,13,30,424,2,2,0,1,1,1,6,0,0,0,1,0,0,0,0,0,0,1,2,2.9,1,0,0
Ajani Vengeant,14,205,0,14,30,263,2,2,0,1,1,1,4,0,0,0,1,0,0,0,0,0,0,1,2,10.09,1,1,1
Akoum Firebird,14,223,0,10,18,265,1,1,0,1,1,1,4,0,0,0,0,0,0,0,0,1,0,0,2,0.58,0,0,0
Akroma's Memorial,17,115,58,9,18,217,0,0,0,1,0,1,7,0,0,0,1,0,0,0,1,0,0,0,0,17.9,1,1,1
Alhammarret's Archive,21,169,74,14,18,296,0,0,0,1,0,1,5,0,0,0,1,0,0,0,1,0,0,0,0,9.43,1,1,0
All Is Dust,11,65,174,11,24,285,0,0,0,2,1,1,7,0,0,0,0,0,1,0,0,0,0,0,0,22.5,1,1,1
Anafenza  the Foremost,22,267,85,11,34,419,3,3,0,1,2,1,3,0,0,0,1,0,0,0,0,1,0,0,3,1.88,1,0,0
Angel of Invention,18,212,0,11,16,257,1,1,0,1,1,1,5,0,0,0,0,0,0,0,0,1,0,0,2,7.56,1,1,0
Angel of Sanctions,18,338,0,7,16,379,1,1,0,1,1,1,5,0,0,0,0,0,0,0,0,1,0,0,2,3,1,0,0
Angel of Serenity,17,257,0,14,16,304,1,1,0,1,1,1,7,0,0,0,0,0,0,0,0,1,0,0,3,0.95,0,0,0
Angelic Destiny,15,198,0,29,18,260,1,1,0,1,1,1,4,0,0,0,0,0,0,1,0,0,0,0,2,7.39,1,1,0
Angelic Overseer,16,88,40,10,16,170,1,1,0,1,1,1,5,0,0,0,0,0,0,0,0,1,0,0,2,2.01,1,0,0
Apocalypse Hydra,16,272,0,10,16,314,2,2,0,1,1,1,2,0,0,0,0,0,0,0,0,1,0,0,2,2,1,0,0
Archangel Avacyn,16,238,0,11,26,291,1,2,-1,1,1,1,5,0,0,0,1,0,0,0,0,1,0,0,2,4.27,1,0,0
Archangel of Thune,18,161,32,11,16,238,1,1,0,1,1,1,5,0,0,0,0,0,0,0,0,1,0,0,2,17.02,1,1,1
Archangel of Tithes,19,298,0,16,16,349,1,1,0,1,1,1,4,0,0,0,0,0,0,0,0,1,0,0,3,5.24,1,1,0
Archangel's Light,17,95,96,11,7,226,1,1,0,1,0,1,8,0,0,0,0,0,1,0,0,0,0,0,1,0.79,0,0,0
Arlinn  Embraced by the Moon,28,338,0,13,31,410,2,2,0,1,1,1,4,0,0,0,1,0,0,0,0,0,0,1,0,3.5,1,0,0
Arlinn Kord,11,156,0,13,31,211,2,2,0,1,1,1,4,0,0,0,1,0,0,0,0,0,0,1,2,3.5,1,0,0
Armada Wurm,11,101,34,11,15,172,2,2,0,1,1,1,6,0,0,0,0,0,0,0,0,1,0,0,4,0.91,0,0,0
Army of the Damned,18,163,66,13,7,267,1,1,0,1,0,1,8,0,0,0,0,0,1,0,0,0,0,0,3,2.47,1,0,0
As Foretold,11,241,0,12,11,275,1,1,0,1,0,1,3,0,0,0,0,0,0,1,0,0,0,0,1,10.28,1,1,1
Ashcloud Phoenix,16,291,0,11,18,336,1,1,0,1,1,1,4,0,0,0,0,0,0,0,0,1,0,0,2,0.63,0,0,0
Ashen Rider,11,79,79,10,17,196,2,2,0,1,1,1,8,0,0,0,0,0,0,0,0,1,0,0,4,1,1,0,0
Ashiok  Nightmare Weaver,24,312,0,11,31,378,2,2,0,1,1,1,3,0,0,0,1,0,0,0,0,0,0,1,2,5.99,1,1,0
Athreos  God of Passage,23,203,0,11,36,273,2,2,0,2,1,1,3,0,0,0,1,0,0,1,0,1,0,0,2,11.04,1,1,1
Aurelia  the Warleader,22,182,85,15,26,330,2,2,0,1,1,1,6,0,0,0,1,0,0,0,0,1,0,0,4,5.08,1,1,0
Aurelia's Fury,14,216,0,14,7,251,2,2,0,1,0,1,2,0,0,0,0,1,0,0,0,0,0,0,2,0.97,0,0,0
Avacyn  Angel of Hope,21,83,153,10,26,293,1,1,0,1,1,1,8,0,0,0,1,0,0,0,0,1,0,0,3,19.98,1,1,1
Avacyn  the Purifier,20,123,110,11,26,290,1,2,-1,1,1,1,5,0,0,0,1,0,0,0,0,1,0,0,0,4.27,1,0,0
Avaricious Dragon,17,121,19,10,17,184,1,1,0,1,1,1,4,0,0,0,0,0,0,0,0,1,0,0,2,0.88,0,0,0
Avenger of Zendikar,19,249,0,29,20,317,1,1,0,1,1,1,7,0,0,0,0,0,0,0,0,1,0,0,2,5.99,1,1,0
Axis of Mortality,17,86,139,18,11,271,1,1,0,1,0,1,6,0,0,0,0,0,0,1,0,0,0,0,2,0.72,0,0,0
Balefire Dragon,15,129,64,14,17,239,1,1,0,1,1,1,7,0,0,0,0,0,0,0,0,1,0,0,2,16.11,1,1,1
Baneslayer Angel,16,71,92,12,16,207,1,1,0,1,1,1,5,0,0,0,0,0,0,0,0,1,0,0,2,7.41,1,1,0
Baneslayer Angel,16,71,92,12,16,207,1,1,0,1,1,1,5,0,0,0,0,0,0,0,0,1,0,0,2,7.49,1,1,0
Batterskull,11,239,0,8,20,278,0,0,0,1,1,1,5,0,0,0,0,0,0,0,1,0,0,0,0,18.79,1,1,1
Beguiler of Wills,17,106,50,14,23,210,1,1,0,1,2,1,5,0,0,0,0,0,0,0,0,1,0,0,2,1.4,1,0,0
Behold the Beyond,17,117,80,12,7,233,1,1,0,1,0,1,7,0,0,0,0,0,1,0,0,0,0,0,2,0.7,0,0,0
Blightsteel Colossus,20,177,0,10,25,232,0,0,0,2,1,1,12,0,0,0,0,0,0,0,1,1,0,0,0,28.24,1,1,1
Blood Baron of Vizkopa,22,169,0,15,18,224,2,2,0,1,1,1,5,0,0,0,0,0,0,0,0,1,0,0,2,1.24,1,0,0
Bloodlord of Vaasgoth,21,203,0,12,26,262,1,1,0,1,2,1,5,0,0,0,0,0,0,0,0,1,0,0,2,1.48,1,0,0
Bogardan Hellkite,17,152,0,16,17,202,1,1,0,1,1,1,8,0,0,0,0,0,0,0,0,1,0,0,2,1,1,0,0
Boneyard Parley,15,232,0,11,7,265,1,1,0,1,0,1,7,0,0,0,0,0,1,0,0,0,0,0,2,0.7,0,0,0
Bonfire of the Damned,21,212,0,11,7,251,1,1,0,1,0,1,1,0,0,0,0,0,1,0,0,0,0,0,1,3.63,1,0,0
Bontu the Glorified,19,209,0,11,24,263,1,1,0,1,1,1,3,0,0,0,1,0,0,0,0,1,0,0,1,1.99,1,0,0
Borborygmos Enraged,19,285,0,14,28,346,2,2,0,1,1,1,8,0,0,0,1,0,0,0,0,1,0,0,4,0.81,0,0,0
Brimaz  King of Oreskos,23,257,0,16,32,328,1,1,0,1,2,1,3,0,0,0,1,0,0,0,0,1,0,0,2,11.95,1,1,1
Brisela  Voice of Nightmares,28,110,73,13,34,258,0,1,-1,1,2,1,11,0,0,0,1,0,0,0,0,1,0,0,0,6.01,1,1,0
Bruna  Light of Alabaster,25,263,0,13,26,327,2,2,0,1,1,1,6,0,0,0,1,0,0,0,0,1,0,0,3,2.14,1,0,0
Brutal Hordechief,17,206,0,14,22,259,1,3,-2,1,2,1,4,0,0,0,0,0,0,0,0,1,0,0,1,0.93,0,0,0
Carnage Tyrant,14,52,152,13,19,250,1,1,0,1,1,1,6,0,0,0,0,0,0,0,0,1,0,0,2,15.71,1,1,1
Cast Through Time,17,218,0,29,11,275,1,1,0,1,0,1,7,0,0,0,0,0,0,1,0,0,0,0,3,2.41,1,0,0
Cataclysmic Gearhulk,20,219,0,20,29,288,1,1,0,2,1,1,5,0,0,0,0,0,0,0,1,1,0,0,2,1.25,1,0,0
Champion of Stray Souls,23,198,0,14,27,262,1,1,0,1,2,1,6,0,0,0,0,0,0,0,0,1,0,0,2,0.68,0,0,0
Chandra  Fire of Kaladesh,25,261,0,14,33,333,1,1,0,1,2,1,3,0,0,0,1,0,0,0,0,1,0,0,2,2.99,1,0,0
Chandra  Flamecaller,20,243,0,15,32,310,1,1,0,1,1,1,6,0,0,0,1,0,0,0,0,0,0,1,2,3.05,1,0,0
Chandra  Pyrogenius,19,210,0,15,32,276,1,1,0,1,1,1,6,0,0,0,1,0,0,0,0,0,0,1,2,2.81,1,0,0
Chandra  Pyromaster,19,399,0,13,32,463,1,1,0,1,1,1,4,0,0,0,1,0,0,0,0,0,0,1,2,2.19,1,0,0
Chandra  Pyromaster,19,399,0,13,32,463,1,1,0,1,1,1,4,0,0,0,1,0,0,0,0,0,0,1,2,2.24,1,0,0
Chandra  Roaring Flame,22,305,0,14,32,373,1,1,0,1,1,1,3,0,0,0,1,0,0,0,0,0,0,1,0,2.99,1,0,0
Chandra  the Firebrand,22,289,0,20,32,363,1,1,0,1,1,1,4,0,0,0,1,0,0,0,0,0,0,1,1,2.81,1,0,0
Chandra  the Firebrand,22,289,0,20,32,363,1,1,0,1,1,1,4,0,0,0,1,0,0,0,0,0,0,1,1,2.95,1,0,0
Chandra  Torch of Defiance,26,350,0,17,32,425,1,1,0,1,1,1,4,0,0,0,1,0,0,0,0,0,0,1,2,29.99,1,1,1
Chandra Ablaze,14,291,0,12,32,349,1,1,0,1,1,1,6,0,0,0,1,0,0,0,0,0,0,1,2,6.29,1,1,0
Chandra Nalaar,14,195,0,14,32,255,1,1,0,1,1,1,5,0,0,0,1,0,0,0,0,0,0,1,2,3.25,1,0,0
Chandra Nalaar,14,195,0,14,32,255,1,1,0,1,1,1,5,0,0,0,1,0,0,0,0,0,0,1,2,3.29,1,0,0
Child of Alara,14,92,88,12,27,233,5,5,0,1,1,1,5,0,0,0,1,0,0,0,0,1,0,0,5,3.75,1,0,0
Chromanticore,13,321,0,7,32,373,5,5,0,2,1,1,5,0,0,0,0,0,0,1,0,1,0,0,5,1,1,0,0
Clever Impersonator,19,109,89,15,23,255,1,1,0,1,1,1,4,0,0,0,0,0,0,0,0,1,0,0,2,3.99,1,0,0
Clone Legion,12,88,92,15,7,214,1,1,0,1,0,1,9,0,0,0,0,0,1,0,0,0,0,0,2,1.04,1,0,0
Combat Celebrant,16,255,0,12,24,307,1,1,0,1,2,1,3,0,0,0,0,0,0,0,0,1,0,0,1,1.49,1,0,0
Combustible Gearhulk,20,302,0,7,29,358,1,1,0,2,1,1,6,0,0,0,0,0,0,0,1,1,0,0,2,2,1,0,0
Comet Storm,11,253,0,9,7,280,1,1,0,1,0,1,2,0,0,0,0,1,0,0,0,0,0,0,2,0.98,0,0,0
Conflux,7,169,70,13,7,266,5,5,0,1,0,1,8,0,0,0,0,0,1,0,0,0,0,0,5,2.87,1,0,0
Consecrated Sphinx,18,65,37,8,17,145,1,1,0,1,1,1,6,0,0,0,0,0,0,0,0,1,0,0,2,17.1,1,1,1
Council of the Absolute,23,206,0,12,24,265,2,2,0,1,2,1,4,0,0,0,0,0,0,0,0,1,0,0,2,0.65,0,0,0
Craterhoof Behemoth,19,170,49,10,16,264,1,1,0,1,1,1,8,0,0,0,0,0,0,0,0,1,0,0,3,14.43,1,1,1
Crested Sunmare,15,151,102,14,16,298,1,1,0,1,1,1,5,0,0,0,0,0,0,0,0,1,0,0,2,3.59,1,0,0
Cruel Reality,13,157,111,13,24,318,1,1,0,1,2,1,7,0,0,0,0,0,0,1,0,0,0,0,2,0.75,0,0,0
Crush of Tentacles,18,257,0,13,7,295,1,1,0,1,0,1,6,0,0,0,0,0,1,0,0,0,0,0,2,1.25,1,0,0
Darksteel Colossus,18,165,0,14,25,222,0,0,0,2,1,1,11,0,0,0,0,0,0,0,1,1,0,0,0,6.48,1,1,0
Darksteel Forge,15,160,86,17,8,286,0,0,0,1,0,1,9,0,0,0,0,0,0,0,1,0,0,0,0,8.12,1,1,0
Day's Undoing,13,311,0,11,7,342,1,1,0,1,0,1,3,0,0,0,0,0,1,0,0,0,0,0,1,2.69,1,0,0
Deadbridge Chant,16,268,0,12,11,307,2,2,0,1,0,1,6,0,0,0,0,0,0,1,0,0,0,0,2,2.39,1,0,0
Deathmist Raptor,16,313,0,14,25,368,1,1,0,1,2,1,3,0,0,0,0,0,0,0,0,1,0,0,2,1.95,1,0,0
Deathpact Angel,15,214,0,10,16,255,2,2,0,1,1,1,6,0,0,0,0,0,0,0,0,1,0,0,3,0.93,0,0,0
Decimator of the Provinces,26,271,0,15,23,335,0,1,-1,1,2,1,10,0,0,0,0,0,0,0,0,1,0,0,0,1,1,0,0
Defiler of Souls,16,95,86,11,16,224,2,2,0,1,1,1,6,0,0,0,0,0,0,0,0,1,0,0,3,2.1,1,0,0
Demon of Dark Schemes,21,287,0,7,16,331,1,1,0,1,1,1,6,0,0,0,0,0,0,0,0,1,0,0,3,0.75,0,0,0
Demon of Death's Gate,21,121,86,12,16,256,1,1,0,1,1,1,9,0,0,0,0,0,0,0,0,1,0,0,3,4.88,1,0,0
Demonic Pact,12,226,0,14,11,263,1,1,0,1,0,1,4,0,0,0,0,0,0,1,0,0,0,0,2,1.09,1,0,0
Deploy the Gatewatch,20,177,103,11,7,318,1,1,0,1,0,1,6,0,0,0,0,0,1,0,0,0,0,0,2,0.93,0,0,0
Descend upon the Sinful,23,151,60,14,7,255,1,1,0,1,0,1,6,0,0,0,0,0,1,0,0,0,0,0,2,0.88,0,0,0
Descent into Madness,20,237,40,17,11,325,1,1,0,1,0,1,5,0,0,0,0,0,0,1,0,0,0,0,2,0.69,0,0,0
Descent of the Dragons,22,145,62,14,7,250,1,1,0,1,0,1,6,0,0,0,0,0,1,0,0,0,0,0,2,1.94,1,0,0
Devout Invocation,17,136,40,13,7,213,1,1,0,1,0,1,7,0,0,0,0,0,1,0,0,0,0,0,1,1.49,1,0,0
Dire Fleet Ravager,18,124,90,9,28,269,1,1,0,1,3,1,5,0,0,0,0,0,0,0,0,1,0,0,2,1,1,0,0
Disciple of the Ring,20,239,0,13,23,295,1,1,0,1,2,1,5,0,0,0,0,0,0,0,0,1,0,0,2,0.75,0,0,0
Domri Rade,10,276,0,14,30,330,2,2,0,1,1,1,3,0,0,0,1,0,0,0,0,0,0,1,2,3.49,1,0,0
Dovin Baan,10,254,0,14,30,308,2,2,0,1,1,1,4,0,0,0,1,0,0,0,0,0,0,1,2,1.99,1,0,0
Dragon Broodmother,18,265,0,11,17,311,2,2,0,1,1,1,6,0,0,0,0,0,0,0,0,1,0,0,4,14,1,1,1
Dragon Whisperer,16,267,0,12,23,318,1,1,0,1,2,1,2,0,0,0,0,0,0,0,0,1,0,0,2,0.95,0,0,0
Dragonlord Atarka,17,184,0,13,33,247,2,2,0,1,2,1,7,0,0,0,1,0,0,0,0,1,0,0,2,6.13,1,1,0
Dragonlord Dromoka,18,106,78,14,33,249,2,2,0,1,2,1,6,0,0,0,1,0,0,0,0,1,0,0,2,15.02,1,1,1
Dragonlord Kolaghan,19,194,0,11,33,257,2,2,0,1,2,1,6,0,0,0,1,0,0,0,0,1,0,0,2,3.95,1,0,0
Dragonlord Ojutai,17,256,0,11,33,317,2,2,0,1,2,1,5,0,0,0,1,0,0,0,0,1,0,0,2,5.3,1,1,0
Dragonlord Silumgar,19,163,63,15,33,293,2,2,0,1,2,1,6,0,0,0,1,0,0,0,0,1,0,0,2,5.84,1,1,0
Dragonmaster Outcast,20,118,84,16,23,261,1,1,0,1,2,1,1,0,0,0,0,0,0,0,0,1,0,0,1,2.91,1,0,0
Dragonmaster Outcast,20,118,103,16,23,280,1,1,0,1,2,1,1,0,0,0,0,0,0,0,0,1,0,0,1,3.94,1,0,0
Drana  Liberator of Malakir,27,150,76,11,33,297,1,1,0,1,2,1,3,0,0,0,1,0,0,0,0,1,0,0,2,4.93,1,0,0
Drogskol Reaver,15,68,105,13,17,218,2,2,0,1,1,1,7,0,0,0,0,0,0,0,0,1,0,0,2,1.99,1,0,0
Duskmantle Seer,15,183,0,10,25,233,2,2,0,1,2,1,4,0,0,0,0,0,0,0,0,1,0,0,2,0.56,0,0,0
Elbrus  the Binding Blade,25,150,52,14,30,271,0,1,-1,1,1,1,7,0,0,0,1,0,0,0,1,0,0,0,0,3.84,1,0,0
Elderscale Wurm,15,231,0,14,15,275,1,1,0,1,1,1,7,0,0,0,0,0,0,0,0,1,0,0,3,2.08,1,0,0
Eldrazi Monument,16,164,58,10,8,256,0,0,0,1,0,1,5,0,0,0,0,0,0,0,1,0,0,0,0,5.39,1,1,0
Elesh Norn  Grand Cenobite,26,92,119,13,28,278,1,1,0,1,1,1,7,0,0,0,1,0,0,0,0,1,0,0,2,18.16,1,1,1
Elspeth  Knight-Errant,22,221,0,11,32,286,1,1,0,1,1,1,4,0,0,0,1,0,0,0,0,0,0,1,2,13.9,1,1,1
Elspeth  Sun's Champion,23,180,0,14,32,249,1,1,0,1,1,1,6,0,0,0,1,0,0,0,0,0,0,1,2,9.73,1,1,0
Elspeth Tirel,13,164,0,15,32,224,1,1,0,1,1,1,5,0,0,0,1,0,0,0,0,0,0,1,2,10.25,1,1,1
Empty the Pits,14,136,61,18,7,236,1,1,0,1,0,1,4,0,0,0,0,1,0,0,0,0,0,0,4,0.67,0,0,0
Empyrial Archangel,18,151,77,12,16,274,3,3,0,1,1,1,8,0,0,0,0,0,0,0,0,1,0,0,4,2.73,1,0,0
Emrakul  the Aeons Torn,23,272,0,10,28,333,0,0,0,1,1,1,15,0,0,0,1,0,0,0,0,1,0,0,0,44.52,1,1,1
Emrakul  the Promised End,25,281,35,11,28,380,0,0,0,1,1,1,13,0,0,0,1,0,0,0,0,1,0,0,0,8.54,1,1,0
Enter the Infinite,18,163,55,14,7,257,1,1,0,1,0,1,12,0,0,0,0,0,1,0,0,0,0,0,4,1.67,1,0,0
Entreat the Angels,18,177,0,13,7,215,1,1,0,1,0,1,3,0,0,0,0,0,1,0,0,0,0,0,3,2.92,1,0,0
Ephara  God of the Polis,24,228,0,14,36,302,2,2,0,2,1,1,4,0,0,0,1,0,0,1,0,1,0,0,2,1.93,1,0,0
Epic Experiment,15,246,0,9,7,277,2,2,0,1,0,1,2,0,0,0,0,0,1,0,0,0,0,0,2,0.69,0,0,0
Erebos  God of the Dead,23,250,0,16,36,325,1,1,0,2,1,1,4,0,0,0,1,0,0,1,0,1,0,0,1,7.49,1,1,0
Erebos's Titan,14,288,0,16,16,334,1,1,0,1,1,1,4,0,0,0,0,0,0,0,0,1,0,0,3,0.74,0,0,0
Essence of the Wild,19,77,61,14,17,188,1,1,0,1,1,1,6,0,0,0,0,0,0,0,0,1,0,0,3,0.74,0,0,0
Etched Monstrosity,18,175,43,15,25,276,0,5,-5,2,1,1,5,0,0,0,0,0,0,0,1,1,0,0,0,0.72,0,0,0
Eternity Vessel,15,252,0,9,8,284,0,0,0,1,0,1,6,0,0,0,0,0,0,0,1,0,0,0,0,2.06,1,0,0
Ethersworn Adjudicator,22,100,83,9,35,249,1,3,-2,2,2,1,5,0,0,0,0,0,0,0,1,1,0,0,1,2.29,1,0,0
Exquisite Archangel,19,131,42,11,16,219,1,1,0,1,1,1,7,0,0,0,0,0,0,0,0,1,0,0,2,1.15,1,0,0
Eye of Ugin,11,182,30,11,14,248,0,0,0,1,0,1,0,0,0,0,1,0,0,0,0,0,1,0,0,7.12,1,1,0
Falkenrath Aristocrat,21,183,73,13,18,308,2,2,0,1,1,1,4,0,0,0,0,0,0,0,0,1,0,0,2,1.5,1,0,0
Felidar Sovereign,17,99,74,29,20,239,1,1,0,1,2,1,6,0,0,0,0,0,0,0,0,1,0,0,2,1.55,1,0,0
Flame-Wreathed Phoenix,22,273,0,11,18,324,1,1,0,1,1,1,4,0,0,0,0,0,0,0,0,1,0,0,2,0.68,0,0,0
Frost Titan,11,281,0,11,16,319,1,1,0,1,1,1,6,0,0,0,0,0,0,0,0,1,0,0,2,0.86,0,0,0
Frost Titan,11,281,0,11,16,319,1,1,0,1,1,1,6,0,0,0,0,0,0,0,0,1,0,0,2,0.88,0,0,0
Furyborn Hellkite,17,133,78,11,17,256,1,1,0,1,1,1,7,0,0,0,0,0,0,0,0,1,0,0,3,1.74,1,0,0
Gaea's Revenge,14,130,0,12,20,176,1,1,0,1,1,1,7,0,0,0,0,0,0,0,0,1,0,0,2,0.95,0,0,0
Garruk  Apex Predator,21,294,0,14,31,360,2,2,0,1,1,1,7,0,0,0,1,0,0,0,0,0,0,1,2,11.87,1,1,1
Garruk  Caller of Beasts,24,404,0,13,31,472,1,1,0,1,1,1,6,0,0,0,1,0,0,0,0,0,0,1,2,5.52,1,1,0
Garruk  Primal Hunter,21,186,0,20,31,258,1,1,0,1,1,1,5,0,0,0,1,0,0,0,0,0,0,1,3,6.16,1,1,0
Garruk  Primal Hunter,21,186,0,20,31,258,1,1,0,1,1,1,5,0,0,0,1,0,0,0,0,0,0,1,3,6.22,1,1,0
Garruk  the Veil-Cursed,23,329,0,14,31,397,2,2,0,1,1,1,4,0,0,0,1,0,0,0,0,0,0,1,0,4.82,1,0,0
Garruk Relentless,17,232,0,14,31,294,1,2,-1,1,1,1,4,0,0,0,1,0,0,0,0,0,0,1,1,4.82,1,0,0
Garruk Wildspeaker,18,144,0,14,31,207,1,1,0,1,1,1,4,0,0,0,1,0,0,0,0,0,0,1,2,8.55,1,1,0
Garruk Wildspeaker,18,144,0,14,31,207,1,1,0,1,1,1,4,0,0,0,1,0,0,0,0,0,0,1,2,8.55,1,1,0
Geist of Saint Traft,20,246,0,13,34,313,2,2,0,1,2,1,3,0,0,0,1,0,0,0,0,1,0,0,2,11.92,1,1,1
General Tazri,13,286,0,10,31,340,1,5,-4,1,2,1,5,0,0,0,1,0,0,0,0,1,0,0,1,0.62,0,0,0
Geralf's Masterpiece,20,170,0,7,24,221,1,1,0,1,2,1,5,0,0,0,0,0,0,0,0,1,0,0,2,0.62,0,0,0
Geth  Lord of the Vault,23,353,0,12,27,415,1,1,0,1,1,1,6,0,0,0,1,0,0,0,0,1,0,0,2,9.44,1,1,0
Ghastly Conscription,20,269,0,7,7,303,1,1,0,1,0,1,7,0,0,0,0,0,1,0,0,0,0,0,2,0.62,0,0,0
Giant Adephage,14,112,88,14,17,245,1,1,0,1,1,1,7,0,0,0,0,0,0,0,0,1,0,0,2,1.58,1,0,0
Gideon  Ally of Zendikar,24,307,0,14,31,376,1,1,0,1,1,1,4,0,0,0,1,0,0,0,0,0,0,1,2,9.19,1,1,0
Gideon  Battle-Forged,21,395,0,13,31,460,1,1,0,1,1,1,1,0,0,0,1,0,0,0,0,0,0,1,0,3.89,1,0,0
Gideon  Champion of Justice,27,403,0,12,31,473,1,1,0,1,1,1,4,0,0,0,1,0,0,0,0,0,0,1,2,3.77,1,0,0
Gideon  Martial Paragon,23,368,0,7,31,429,1,1,0,1,1,1,5,0,0,0,1,0,0,0,0,0,0,1,1,4.04,1,0,0
Gideon Jura,11,291,0,14,31,347,1,1,0,1,1,1,5,0,0,0,1,0,0,0,0,0,0,1,2,5.98,1,1,0
Gideon Jura,11,291,0,14,31,347,1,1,0,1,1,1,5,0,0,0,1,0,0,0,0,0,0,1,2,7.99,1,1,0
Gideon of the Trials,20,396,0,4,31,451,1,1,0,1,1,1,3,0,0,0,1,0,0,0,0,0,0,1,2,9.5,1,1,0
Gisa and Geralf,15,188,95,11,33,342,2,2,0,1,2,1,4,0,0,0,1,0,0,0,0,1,0,0,2,1.53,1,0,0
Gisela  Blade of Goldnight,26,279,0,10,26,341,2,2,0,1,1,1,7,0,0,0,1,0,0,0,0,1,0,0,3,7.98,1,1,0
Gisela  the Broken Blade,24,226,37,13,33,333,1,1,0,1,2,1,4,0,0,0,1,0,0,0,0,1,0,0,2,6.01,1,1,0
Gishath  Sun's Avatar,21,283,0,11,36,351,3,3,0,1,2,1,8,0,0,0,1,0,0,0,0,1,0,0,3,5.5,1,1,0
Glissa  the Traitor,19,141,0,10,31,201,2,2,0,1,2,1,3,0,0,0,1,0,0,0,0,1,0,0,3,2,1,0,0
Glorious End,12,286,0,16,7,321,1,1,0,1,0,1,3,0,0,0,0,1,0,0,0,0,0,0,1,0.75,0,0,0
Godsend,7,239,0,16,30,292,1,1,0,1,1,1,3,0,0,0,1,0,0,0,1,0,0,0,2,6.03,1,1,0
Godsire,7,79,131,10,16,243,3,3,0,1,1,1,8,0,0,0,0,0,0,0,0,1,0,0,4,6.05,1,1,0
Goldnight Castigator,20,211,0,11,16,258,1,1,0,1,1,1,4,0,0,0,0,0,0,0,0,1,0,0,2,0.75,0,0,0
Gonti's Aether Heart,20,223,93,13,18,367,0,0,0,1,0,1,6,0,0,0,1,0,0,0,1,0,0,0,0,0.77,0,0,0
Grave Titan,11,111,27,9,16,174,1,1,0,1,1,1,6,0,0,0,0,0,0,0,0,1,0,0,2,11.09,1,1,1
Grave Titan,11,111,27,9,16,174,1,1,0,1,1,1,6,0,0,0,0,0,0,0,0,1,0,0,2,11.35,1,1,1
Greenwarden of Murasa,21,226,0,14,20,281,1,1,0,1,1,1,6,0,0,0,0,0,0,0,0,1,0,0,2,1.01,1,0,0
Grim Flayer,11,314,0,15,24,364,2,2,0,1,2,1,2,0,0,0,0,0,0,0,0,1,0,0,2,9.49,1,1,0
Grimgrin  Corpse-Born,21,283,0,16,35,355,2,2,0,1,2,1,5,0,0,0,1,0,0,0,0,1,0,0,2,4.52,1,0,0
Grimoire of the Dead,20,298,0,15,18,351,0,0,0,1,0,1,4,0,0,0,1,0,0,0,1,0,0,0,0,3.08,1,0,0
Griselbrand,11,46,102,13,26,198,1,1,0,1,1,1,8,0,0,0,1,0,0,0,0,1,0,0,4,7.99,1,1,0
Havengul Lich,13,175,87,11,24,310,2,2,0,1,2,1,5,0,0,0,0,0,0,0,0,1,0,0,2,3.51,1,0,0
Hazoret the Fervent,19,172,0,11,24,226,1,1,0,1,1,1,4,0,0,0,1,0,0,0,0,1,0,0,1,16.76,1,1,1
Heart of Kiran,14,264,0,11,28,317,0,0,0,1,1,1,2,0,0,0,1,0,0,0,1,0,0,0,0,6.17,1,1,0
Heliod  God of the Sun,22,294,0,11,36,363,1,1,0,2,1,1,4,0,0,0,1,0,0,1,0,1,0,0,1,3.89,1,0,0
Hellcarver Demon,16,262,0,12,16,306,1,1,0,1,1,1,6,0,0,0,0,0,0,0,0,1,0,0,3,1.02,1,0,0
Hellkite Overlord,17,113,115,12,17,274,3,3,0,1,1,1,8,0,0,0,0,0,0,0,0,1,0,0,4,7.14,1,1,0
Hellkite Tyrant,15,217,0,14,17,263,1,1,0,1,1,1,6,0,0,0,0,0,0,0,0,1,0,0,2,3,1,0,0
Helvault,8,235,0,11,18,272,0,0,0,1,0,1,3,0,0,0,1,0,0,0,1,0,0,0,0,0.67,0,0,0
Herald of Anguish,17,282,0,13,16,328,1,1,0,1,1,1,7,0,0,0,0,0,0,0,0,1,0,0,2,2.41,1,0,0
Hero of Bladehold,17,216,0,10,23,266,1,1,0,1,2,1,4,0,0,0,0,0,0,0,0,1,0,0,2,6.11,1,1,0
Hero of Oxid Ridge,18,201,0,14,23,256,1,1,0,1,2,1,4,0,0,0,0,0,0,0,0,1,0,0,2,0.85,0,0,0
Hooded Hydra,12,240,0,11,22,285,1,1,0,1,2,1,2,0,0,0,0,0,0,0,0,1,0,0,2,1.24,1,0,0
Huatli  Dinosaur Knight,23,225,0,15,31,294,2,2,0,1,1,1,6,0,0,0,1,0,0,0,0,0,0,1,2,7.31,1,1,0
Huatli  Warrior Poet,20,289,0,14,31,354,2,2,0,1,1,1,5,0,0,0,1,0,0,0,0,0,0,1,2,4.81,1,0,0
Huntmaster of the Fells,23,251,0,10,25,309,2,2,0,1,2,1,4,0,0,0,0,0,0,0,0,1,0,0,2,9.49,1,1,0
Hythonia the Cruel,18,206,0,10,27,261,1,1,0,1,1,1,6,0,0,0,1,0,0,0,0,1,0,0,2,0.69,0,0,0
Indomitable Archangel,21,171,104,14,16,326,1,1,0,1,1,1,4,0,0,0,0,0,0,0,0,1,0,0,2,1.01,1,0,0
Indomitable Creativity,22,303,0,20,7,352,1,1,0,1,0,1,3,0,0,0,0,0,1,0,0,0,0,0,3,0.79,0,0,0
Inferno Titan,13,204,0,10,16,243,1,1,0,1,1,1,6,0,0,0,0,0,0,0,0,1,0,0,2,1.28,1,0,0
Inferno Titan,13,204,0,10,16,243,1,1,0,1,1,1,6,0,0,0,0,0,0,0,0,1,0,0,2,1.48,1,0,0
Inverter of Truth,17,193,34,11,18,273,0,1,-1,1,1,1,4,0,0,0,0,0,0,0,0,1,0,0,2,0.64,0,0,0
Iona  Shield of Emeria,22,126,46,10,26,230,1,1,0,1,1,1,9,0,0,0,1,0,0,0,0,1,0,0,3,9.45,1,1,0
Iroas  God of Victory,21,210,0,15,36,282,2,2,0,2,1,1,4,0,0,0,1,0,0,1,0,1,0,0,2,4.69,1,0,0
Ishkanah  Grafwidow,19,257,0,14,27,317,1,2,-1,1,1,1,5,0,0,0,1,0,0,0,0,1,0,0,1,1.78,1,0,0
Isperia  Supreme Judge,22,90,70,16,27,225,2,2,0,1,1,1,6,0,0,0,1,0,0,0,0,1,0,0,4,0.73,0,0,0
Jace  Architect of Thought,26,479,0,11,29,545,1,1,0,1,1,1,4,0,0,0,1,0,0,0,0,0,0,1,2,3,1,0,0
Jace  Cunning Castaway,22,334,0,13,29,398,1,1,0,1,1,1,3,0,0,0,1,0,0,0,0,0,0,1,2,3.99,1,0,0
Jace  Ingenious Mind-Mage,25,103,0,13,29,170,1,1,0,1,1,1,6,0,0,0,1,0,0,0,0,0,0,1,2,5.78,1,1,0
Jace  Memory Adept,18,243,0,20,29,310,1,1,0,1,1,1,5,0,0,0,1,0,0,0,0,0,0,1,2,5.21,1,1,0
Jace  Memory Adept,18,243,0,20,29,310,1,1,0,1,1,1,5,0,0,0,1,0,0,0,0,0,0,1,2,5.29,1,1,0
Jace  Memory Adept,18,243,0,20,29,310,1,1,0,1,1,1,5,0,0,0,1,0,0,0,0,0,0,1,2,5.35,1,1,0
Jace  Telepath Unbound,22,361,0,11,29,423,1,1,0,1,1,1,2,0,0,0,1,0,0,0,0,0,0,1,0,21.38,1,1,1
Jace  the Living Guildpact,26,250,0,11,29,316,1,1,0,1,1,1,4,0,0,0,1,0,0,0,0,0,0,1,2,2.65,1,0,0
Jace  the Mind Sculptor,23,372,0,10,29,434,1,1,0,1,1,1,4,0,0,0,1,0,0,0,0,0,0,1,2,70.08,1,1,1
Jace  Unraveler of Secrets,26,187,0,14,29,256,1,1,0,1,1,1,5,0,0,0,1,0,0,0,0,0,0,1,2,3.73,1,0,0
Jace  Vryn's Prodigy,20,191,88,11,33,343,1,1,0,1,2,1,2,0,0,0,1,0,0,0,0,1,0,0,1,21.38,1,1,1
Jace Beleren,12,155,0,14,29,210,1,1,0,1,1,1,3,0,0,0,1,0,0,0,0,0,0,1,2,7.39,1,1,0
Jace Beleren,12,155,0,14,29,210,1,1,0,1,1,1,3,0,0,0,1,0,0,0,0,0,0,1,2,7.55,1,1,0
Jarad  Golgari Lich Lord,24,262,0,14,31,331,2,2,0,1,2,1,4,0,0,0,1,0,0,0,0,1,0,0,4,0.9,0,0,0
Jenara  Asura of War,20,59,112,10,26,227,3,3,0,1,1,1,3,0,0,0,1,0,0,0,0,1,0,0,3,3.2,1,0,0
Jin-Gitaxias  Core Augur,24,113,79,14,28,258,1,1,0,1,1,1,10,0,0,0,1,0,0,0,0,1,0,0,2,11.71,1,1,1
Kalitas  Bloodchief of Ghet,27,212,0,13,36,288,1,1,0,1,2,1,7,0,0,0,1,0,0,0,0,1,0,0,2,8.7,1,1,0
Kalitas  Traitor of Ghet,24,230,0,13,36,303,1,1,0,1,2,1,4,0,0,0,1,0,0,0,0,1,0,0,2,9.91,1,1,0
Kalonian Hydra,14,176,35,10,16,251,1,1,0,1,1,1,5,0,0,0,0,0,0,0,0,1,0,0,2,6.48,1,1,0
Karametra  God of Harvests,26,262,0,14,36,338,2,2,0,2,1,1,5,0,0,0,1,0,0,1,0,1,0,0,2,4.21,1,0,0
Kargan Dragonlord,17,179,0,10,24,230,1,1,0,1,2,1,2,0,0,0,0,0,0,0,0,1,0,0,2,5.73,1,1,0
Karn Liberated,14,240,0,10,29,293,0,0,0,1,1,1,7,0,0,0,1,0,0,0,0,0,0,1,0,73.28,1,1,1
Karrthus  Tyrant of Jund,24,167,0,12,27,230,3,3,0,1,1,1,7,0,0,0,1,0,0,0,0,1,0,0,3,24.94,1,1,1
Kefnet the Mindful,18,189,0,11,24,242,1,1,0,1,1,1,3,0,0,0,1,0,0,0,0,1,0,0,1,1.67,1,0,0
Keranos  God of Storms,22,308,0,7,36,373,2,2,0,2,1,1,5,0,0,0,1,0,0,1,0,1,0,0,2,6.99,1,1,0
Khalni Hydra,12,80,132,13,16,253,1,1,0,1,1,1,8,0,0,0,0,0,0,0,0,1,0,0,8,10.34,1,1,1
Kiora  Master of the Depths,27,405,0,10,30,472,2,2,0,1,1,1,4,0,0,0,1,0,0,0,0,0,0,1,2,2.34,1,0,0
Kiora  the Crashing Wave,24,284,0,16,30,354,2,2,0,1,1,1,4,0,0,0,1,0,0,0,0,0,0,1,2,2.69,1,0,0
Koth of the Hammer,18,283,0,10,29,340,1,1,0,1,1,1,4,0,0,0,1,0,0,0,0,0,0,1,2,10,1,1,1
Kozilek  Butcher of Truth,25,267,0,15,28,335,0,0,0,1,1,1,10,0,0,0,1,0,0,0,0,1,0,0,0,32.3,1,1,1
Kozilek  the Great Distortion,29,223,36,14,28,330,0,0,0,1,1,1,10,0,0,0,1,0,0,0,0,1,0,0,2,3.59,1,0,0
Kozilek's Return,16,278,0,13,7,314,0,1,-1,1,0,1,3,0,0,0,0,1,0,0,0,0,0,0,1,3.19,1,0,0
Kresh the Bloodbraided,22,121,72,16,34,265,3,3,0,1,2,1,5,0,0,0,1,0,0,0,0,1,0,0,3,2.7,1,0,0
Kruphix  God of Horizons,24,219,0,7,36,286,2,2,0,2,1,1,5,0,0,0,1,0,0,1,0,1,0,0,2,6.99,1,1,0
Kytheon  Hero of Akros,22,243,0,13,34,312,1,1,0,1,2,1,1,0,0,0,1,0,0,0,0,1,0,0,1,3.89,1,0,0
Lazav  Dimir Mastermind,23,286,0,12,33,354,2,2,0,1,1,1,4,0,0,0,1,0,0,0,0,1,0,0,4,2.35,1,0,0
Legion's Initiative,19,296,0,11,11,337,2,2,0,1,0,1,2,0,0,0,0,0,0,1,0,0,0,0,2,1.48,1,0,0
Lich's Mirror,13,170,44,8,8,243,0,0,0,1,0,1,5,0,0,0,0,0,0,0,1,0,0,0,0,5,1,1,0
Liege of the Tangle,19,295,0,10,20,344,1,1,0,1,1,1,8,0,0,0,0,0,0,0,0,1,0,0,2,3.03,1,0,0
Lighthouse Chronologist,23,196,0,15,23,257,1,1,0,1,2,1,2,0,0,0,0,0,0,0,0,1,0,0,1,11.78,1,1,1
Lightning Runner,16,240,22,16,24,318,1,1,0,1,2,1,5,0,0,0,0,0,0,0,0,1,0,0,2,0.67,0,0,0
Liliana  Death Wielder,22,180,0,13,32,247,1,1,0,1,1,1,7,0,0,0,1,0,0,0,0,0,0,1,2,5.64,1,1,0
Liliana  Death's Majesty,24,289,0,12,32,357,1,1,0,1,1,1,5,0,0,0,1,0,0,0,0,0,0,1,2,6.83,1,1,0
Liliana  Defiant Necromancer,28,286,0,11,32,357,1,1,0,1,1,1,3,0,0,0,1,0,0,0,0,0,0,1,0,9.01,1,1,0
Liliana  Heretical Healer,25,221,0,11,33,290,1,1,0,1,2,1,3,0,0,0,1,0,0,0,0,1,0,0,2,9.01,1,1,0
Liliana  the Last Hope,22,357,0,15,32,426,1,1,0,1,1,1,3,0,0,0,1,0,0,0,0,0,0,1,2,26.99,1,1,1
Liliana of the Dark Realms,26,306,0,20,32,384,1,1,0,1,1,1,4,0,0,0,1,0,0,0,0,0,0,1,2,8.04,1,1,0
Liliana of the Dark Realms,26,306,0,20,32,384,1,1,0,1,1,1,4,0,0,0,1,0,0,0,0,0,0,1,2,8.05,1,1,0
Liliana of the Veil,19,212,0,12,32,275,1,1,0,1,1,1,3,0,0,0,1,0,0,0,0,0,0,1,2,88.3,1,1,1
Liliana Vess,12,216,0,14,32,274,1,1,0,1,1,1,5,0,0,0,1,0,0,0,0,0,0,1,2,6.99,1,1,0
Liliana Vess,12,216,0,14,32,274,1,1,0,1,1,1,5,0,0,0,1,0,0,0,0,0,0,1,2,7.03,1,1,0
Liliana Vess,12,216,0,14,32,274,1,1,0,1,1,1,5,0,0,0,1,0,0,0,0,0,0,1,2,7.5,1,1,0
Linvala  Keeper of Silence,26,82,89,13,26,236,1,1,0,1,1,1,4,0,0,0,1,0,0,0,0,1,0,0,2,14.99,1,1,1
Linvala  the Preserver,22,253,0,17,26,318,1,1,0,1,1,1,6,0,0,0,1,0,0,0,0,1,0,0,2,1,1,0,0
Lord of Extinction,18,97,56,4,20,195,2,2,0,1,1,1,5,0,0,0,0,0,0,0,0,1,0,0,2,15.57,1,1,1
Lord of the Void,16,199,0,10,16,241,1,1,0,1,1,1,7,0,0,0,0,0,0,0,0,1,0,0,3,4.08,1,0,0
Lorthos  the Tidemaker,22,176,114,12,28,352,1,1,0,1,1,1,8,0,0,0,1,0,0,0,0,1,0,0,3,1.13,1,0,0
Lotus Cobra,11,122,60,6,16,215,1,1,0,1,1,1,2,0,0,0,0,0,0,0,0,1,0,0,1,9,1,1,0
Lux Cannon,10,117,75,17,8,227,0,0,0,1,0,1,4,0,0,0,0,0,0,0,1,0,0,0,0,3.98,1,0,0
Maelstrom Archangel,19,141,45,20,16,241,5,5,0,1,1,1,5,0,0,0,0,0,0,0,0,1,0,0,5,14.63,1,1,1
Maelstrom Nexus,15,286,0,15,11,327,5,5,0,1,0,1,5,0,0,0,0,0,0,1,0,0,0,0,5,19.99,1,1,1
Majestic Myriarch,17,365,0,12,18,412,1,1,0,1,1,1,5,0,0,0,0,0,0,0,0,1,0,0,1,1.24,1,0,0
Malfegor,8,133,58,10,33,242,2,2,0,1,2,1,6,0,0,0,1,0,0,0,0,1,0,0,4,1.4,1,0,0
Malignus,8,169,90,9,27,303,1,1,0,1,2,1,5,0,0,0,0,0,0,0,0,1,0,0,2,2.51,1,0,0
Massacre Wurm,13,177,0,10,15,215,1,1,0,1,1,1,6,0,0,0,0,0,0,0,0,1,0,0,3,8.99,1,1,0
Master Biomancer,16,185,72,13,21,307,2,2,0,1,2,1,4,0,0,0,0,0,0,0,0,1,0,0,2,2.19,1,0,0
Master of Cruelties,19,226,0,11,16,272,2,2,0,1,1,1,5,0,0,0,0,0,0,0,0,1,0,0,2,7.48,1,1,0
Master of the Wild Hunt,23,314,0,10,23,370,1,1,0,1,2,1,4,0,0,0,0,0,0,0,0,1,0,0,2,11.6,1,1,1
Master of Waves,15,285,0,13,25,338,1,1,0,1,2,1,4,0,0,0,0,0,0,0,0,1,0,0,1,2.84,1,0,0
Mayael the Anima,16,209,65,10,31,331,3,3,0,1,2,1,3,0,0,0,1,0,0,0,0,1,0,0,3,1.03,1,0,0
Maze's End,10,288,0,12,4,314,0,0,0,1,0,1,0,0,0,0,0,0,0,0,0,0,1,0,0,0.79,0,0,0
Mechanized Production,21,210,60,13,18,322,1,1,0,1,1,1,4,0,0,0,0,0,0,1,0,0,0,0,2,3.33,1,0,0
Medomai the Ageless,19,156,0,13,27,215,2,2,0,1,1,1,6,0,0,0,1,0,0,0,0,1,0,0,2,0.89,0,0,0
Metallurgic Summonings,22,327,0,13,11,373,1,1,0,1,0,1,5,0,0,0,0,0,0,1,0,0,0,0,2,1.24,1,0,0
Mikaeus  the Lunarch,20,207,0,15,33,275,1,1,0,1,2,1,1,0,0,0,1,0,0,0,0,1,0,0,1,4.29,1,0,0
Mikaeus  the Unhallowed,23,388,0,10,34,455,1,1,0,1,2,1,6,0,0,0,1,0,0,0,0,1,0,0,3,25.64,1,1,1
Mindbreak Trap,14,146,75,19,14,268,1,1,0,1,1,1,4,0,0,0,0,1,0,0,0,0,0,0,2,10,1,1,1
Mind's Dilation,15,185,57,11,11,279,1,1,0,1,0,1,7,0,0,0,0,0,0,1,0,0,0,0,2,1.82,1,0,0
Mindslaver,10,170,56,11,18,265,0,0,0,1,0,1,6,0,0,0,1,0,0,0,1,0,0,0,0,4.01,1,0,0
Mindwrack Demon,15,252,0,12,16,295,1,1,0,1,1,1,4,0,0,0,0,0,0,0,0,1,0,0,2,0.89,0,0,0
Mirror-Mad Phantasm,19,317,0,11,17,364,1,1,0,1,1,1,5,0,0,0,0,0,0,0,0,1,0,0,2,0.64,0,0,0
Mirrorpool,10,295,0,12,4,321,0,0,0,1,0,1,0,0,0,0,0,0,0,0,0,0,1,0,0,1.51,1,0,0
Mirror-Sigil Sergeant,21,136,54,10,24,245,1,1,0,1,2,1,6,0,0,0,0,0,0,0,0,1,0,0,1,1.9,1,0,0
Mirrorwing Dragon,17,251,0,7,17,292,1,1,0,1,1,1,5,0,0,0,0,0,0,0,0,1,0,0,2,0.9,0,0,0
Misthollow Griffin,18,50,44,11,18,141,1,1,0,1,1,1,4,0,0,0,0,0,0,0,0,1,0,0,2,0.95,0,0,0
Mogis  God of Slaughter,23,220,0,16,36,295,2,2,0,2,1,1,4,0,0,0,1,0,0,1,0,1,0,0,2,5.42,1,1,0
Molten-Tail Masticore,21,245,0,12,29,307,0,0,0,2,1,1,4,0,0,0,0,0,0,0,1,1,0,0,0,0.62,0,0,0
Monastery Mentor,16,184,24,17,21,262,1,1,0,1,2,1,3,0,0,0,0,0,0,0,0,1,0,0,1,8.95,1,1,0
Moonveil Dragon,15,67,135,13,17,247,1,1,0,1,1,1,6,0,0,0,0,0,0,0,0,1,0,0,3,1.76,1,0,0
Mox Opal,8,129,58,11,18,224,0,0,0,1,0,1,0,0,0,0,1,0,0,0,1,0,0,0,0,71.09,1,1,1
Nahiri  the Harbinger,21,310,0,14,31,376,2,2,0,1,1,1,4,0,0,0,1,0,0,0,0,0,0,1,2,8.21,1,1,0
Nahiri's Wrath,14,210,40,10,7,281,1,1,0,1,0,1,3,0,0,0,0,0,1,0,0,0,0,0,1,0.84,0,0,0
Narset  Enlightened Master,26,221,0,17,31,295,3,3,0,1,2,1,6,0,0,0,1,0,0,0,0,1,0,0,3,0.79,0,0,0
Narset Transcendent,19,295,0,17,31,362,2,2,0,1,1,1,4,0,0,0,1,0,0,0,0,0,0,1,2,8.19,1,1,0
Necropolis Regent,17,107,75,13,18,230,1,1,0,1,1,1,6,0,0,0,0,0,0,0,0,1,0,0,3,3.96,1,0,0
Neheb  the Eternal,18,208,45,10,44,325,1,1,0,1,3,1,5,0,0,0,1,0,0,0,0,1,0,0,2,2.54,1,0,0
Nicol Bolas  God-Pharaoh,24,390,0,16,30,460,3,3,0,1,1,1,7,0,0,0,1,0,0,0,0,0,0,1,3,7.88,1,1,0
Nicol Bolas  Planeswalker,25,209,0,20,30,284,3,3,0,1,1,1,8,0,0,0,1,0,0,0,0,0,0,1,4,7.55,1,1,0
Nicol Bolas  Planeswalker,25,209,0,20,30,284,3,3,0,1,1,1,8,0,0,0,1,0,0,0,0,0,0,1,4,9.19,1,1,0
Nicol Bolas  the Deceiver,25,228,0,15,30,298,3,3,0,1,1,1,8,0,0,0,1,0,0,0,0,0,0,1,3,4.97,1,0,0
Nirkana Revenant,16,157,71,13,24,281,1,1,0,1,2,1,6,0,0,0,0,0,0,0,0,1,0,0,2,21.02,1,1,1
Nissa  Genesis Mage,19,315,0,12,30,376,1,1,0,1,1,1,7,0,0,0,1,0,0,0,0,0,0,1,2,4,1,0,0
Nissa  Nature's Artisan,23,224,0,13,30,290,1,1,0,1,1,1,6,0,0,0,1,0,0,0,0,0,0,1,2,3.8,1,0,0
Nissa  Sage Animist,19,306,0,11,30,366,1,1,0,1,1,1,3,0,0,0,1,0,0,0,0,0,0,1,0,6.37,1,1,0
Nissa  Steward of Elements,26,388,0,11,30,455,2,2,0,1,1,1,2,0,0,0,1,0,0,0,0,0,0,1,2,8.55,1,1,0
Nissa  Vastwood Seer,20,345,0,11,30,406,1,1,0,1,2,1,3,0,0,0,1,0,0,0,0,1,0,0,1,6.37,1,1,0
Nissa  Vital Force,18,299,0,13,30,360,1,1,0,1,1,1,5,0,0,0,1,0,0,0,0,0,0,1,2,2.99,1,0,0
Nissa  Voice of Zendikar,24,180,0,16,30,250,1,1,0,1,1,1,3,0,0,0,1,0,0,0,0,0,0,1,2,3.73,1,0,0
Nissa  Worldwaker,17,326,0,16,30,389,1,1,0,1,1,1,5,0,0,0,1,0,0,0,0,0,0,1,2,5.96,1,1,0
Nissa Revane,12,284,0,11,30,337,1,1,0,1,1,1,4,0,0,0,1,0,0,0,0,0,0,1,2,9.11,1,1,0
Niv-Mizzet  Dracogenius,23,163,74,13,34,307,2,2,0,1,2,1,6,0,0,0,1,0,0,0,0,1,0,0,4,0.89,0,0,0
Novablast Wurm,14,61,150,15,15,255,2,2,0,1,1,1,7,0,0,0,0,0,0,0,0,1,0,0,4,1.99,1,0,0
Noxious Gearhulk,16,168,0,13,29,226,1,1,0,2,1,1,6,0,0,0,0,0,0,0,1,1,0,0,2,2.76,1,0,0
Nylea  God of the Hunt,22,280,0,10,36,348,1,1,0,2,1,1,4,0,0,0,1,0,0,1,0,1,0,0,1,5.08,1,1,0
Ob Nixilis  the Fallen,22,172,89,11,26,320,1,1,0,1,1,1,5,0,0,0,1,0,0,0,0,1,0,0,2,5.75,1,1,0
Ob Nixilis Reignited,20,160,0,10,32,222,1,1,0,1,1,1,5,0,0,0,1,0,0,0,0,0,0,1,2,2.14,1,0,0
Oblivion Sower,14,205,59,11,18,307,0,0,0,1,1,1,6,0,0,0,0,0,0,0,0,1,0,0,0,1.1,1,0,0
Obsidian Fireheart,18,283,0,16,20,337,1,1,0,1,1,1,4,0,0,0,0,0,0,0,0,1,0,0,3,1.26,1,0,0
Obzedat  Ghost Council,22,279,0,15,35,351,2,2,0,1,2,1,5,0,0,0,1,0,0,0,0,1,0,0,4,1.47,1,0,0
Ojutai Exemplars,16,238,0,13,21,288,1,1,0,1,2,1,4,0,0,0,0,0,0,0,0,1,0,0,2,0.78,0,0,0
Oketra the True,15,184,0,11,24,234,1,1,0,1,1,1,4,0,0,0,1,0,0,0,0,1,0,0,1,2.77,1,0,0
Olivia  Mobilized for War,25,239,0,14,35,313,2,2,0,1,2,1,3,0,0,0,1,0,0,0,0,1,0,0,2,1.83,1,0,0
Olivia Voldaren,15,263,0,14,28,320,2,2,0,1,1,1,4,0,0,0,1,0,0,0,0,1,0,0,2,7.07,1,1,0
Omnath  Locus of Mana,21,141,36,11,30,239,1,1,0,1,1,1,3,0,0,0,1,0,0,0,0,1,0,0,1,13.79,1,1,1
Omnath  Locus of Rage,21,244,0,11,30,306,2,2,0,1,1,1,7,0,0,0,1,0,0,0,0,1,0,0,4,1.29,1,0,0
Omniscience,11,67,146,10,11,245,1,1,0,1,0,1,10,0,0,0,0,0,0,1,0,0,0,0,3,25.58,1,1,1
Overflowing Insight,19,32,151,14,7,223,1,1,0,1,0,1,7,0,0,0,0,0,1,0,0,0,0,0,3,0.73,0,0,0
Overwhelming Splendor,21,199,0,14,24,258,1,1,0,1,2,1,8,0,0,0,0,0,0,1,0,0,0,0,2,1.58,1,0,0
Paradox Engine,14,68,152,14,18,266,0,0,0,1,0,1,5,0,0,0,1,0,0,0,1,0,0,0,0,9,1,1,0
Part the Waterveil,18,251,0,12,7,288,1,1,0,1,0,1,6,0,0,0,0,0,1,0,0,0,0,0,2,1.58,1,0,0
Past in Flames,14,229,0,13,7,263,1,1,0,1,0,1,4,0,0,0,0,0,1,0,0,0,0,0,1,3.74,1,0,0
Pearl Lake Ancient,18,238,0,14,20,290,1,1,0,1,1,1,7,0,0,0,0,0,0,0,0,1,0,0,2,0.66,0,0,0
Perilous Vault,14,61,137,10,8,230,0,0,0,1,0,1,4,0,0,0,0,0,0,0,1,0,0,0,0,1.63,1,0,0
Persistent Nightmare,20,161,20,13,20,234,1,1,0,1,1,1,4,0,0,0,0,0,0,0,0,1,0,0,0,2.59,1,0,0
Pharika  God of Affliction,26,247,0,16,36,325,2,2,0,2,1,1,3,0,0,0,1,0,0,1,0,1,0,0,2,2.06,1,0,0
Phenax  God of Deception,24,258,0,11,36,329,2,2,0,2,1,1,5,0,0,0,1,0,0,1,0,1,0,0,2,5.99,1,1,0
Phyrexian Obliterator,21,122,55,13,17,228,1,1,0,1,1,1,4,0,0,0,0,0,0,0,0,1,0,0,4,35.9,1,1,1
Planar Bridge,13,107,56,11,18,205,0,0,0,1,0,1,6,0,0,0,1,0,0,0,1,0,0,0,0,2.25,1,0,0
Platinum Angel,14,69,92,4,25,204,0,0,0,2,1,1,7,0,0,0,0,0,0,0,1,1,0,0,0,4.91,1,0,0
Platinum Angel,14,69,44,4,25,156,0,0,0,2,1,1,7,0,0,0,0,0,0,0,1,1,0,0,0,4.99,1,0,0
Platinum Emperion,17,103,65,10,25,220,0,0,0,2,1,1,8,0,0,0,0,0,0,0,1,1,0,0,0,18.95,1,1,1
Polukranos  World Eater,23,334,0,12,26,395,1,1,0,1,1,1,4,0,0,0,1,0,0,0,0,1,0,0,2,0.89,0,0,0
Praetor's Counsel,17,131,99,7,7,261,1,1,0,1,0,1,8,0,0,0,0,0,1,0,0,0,0,0,3,2.13,1,0,0
Primal Surge,12,130,59,12,7,220,1,1,0,1,0,1,10,0,0,0,0,0,1,0,0,0,0,0,2,1.95,1,0,0
Prime Speaker Zegana,20,218,0,13,35,286,2,2,0,1,2,1,6,0,0,0,1,0,0,0,0,1,0,0,4,1.2,1,0,0
Primeval Bounty,15,248,0,14,11,288,1,1,0,1,0,1,6,0,0,0,0,0,0,1,0,0,0,0,1,4.62,1,0,0
Primeval Titan,14,185,23,14,16,252,1,1,0,1,1,1,6,0,0,0,0,0,0,0,0,1,0,0,2,8.11,1,1,0
Primeval Titan,14,185,23,14,16,252,1,1,0,1,1,1,6,0,0,0,0,0,0,0,0,1,0,0,2,8.69,1,1,0
Primordial Hydra,16,239,0,14,16,285,1,1,0,1,1,1,2,0,0,0,0,0,0,0,0,1,0,0,2,6.75,1,1,0
Primordial Hydra,16,239,0,14,16,285,1,1,0,1,1,1,2,0,0,0,0,0,0,0,0,1,0,0,2,7.12,1,1,0
Prince of Thralls,17,154,86,11,16,284,3,3,0,1,1,1,8,0,0,0,0,0,0,0,0,1,0,0,4,3.41,1,0,0
Progenitor Mimic,16,227,0,7,23,273,2,2,0,1,1,1,6,0,0,0,0,0,0,0,0,1,0,0,2,2.38,1,0,0
Progenitus,10,152,35,11,33,241,5,5,0,1,2,1,10,0,0,0,1,0,0,0,0,1,0,0,10,10,1,1,1
Prophetic Flamespeaker,22,150,32,16,23,243,1,1,0,1,2,1,3,0,0,0,0,0,0,0,0,1,0,0,2,0.89,0,0,0
Protean Hydra,13,297,0,10,16,336,1,1,0,1,1,1,1,0,0,0,0,0,0,0,0,1,0,0,1,2.01,1,0,0
Purphoros  God of the Forge,27,264,0,14,36,341,1,1,0,2,1,1,4,0,0,0,1,0,0,1,0,1,0,0,1,16.16,1,1,1
Pyromancer's Goggles,20,156,77,11,18,282,0,1,-1,1,0,1,5,0,0,0,1,0,0,0,1,0,0,0,0,3.1,1,0,0
Quarantine Field,16,261,0,7,11,295,1,1,0,1,0,1,2,0,0,0,0,0,0,1,0,0,0,0,2,0.76,0,0,0
Quicksilver Gargantuan,22,126,115,15,23,301,1,1,0,1,1,1,7,0,0,0,0,0,0,0,0,1,0,0,2,0.9,0,0,0
Rafiq of the Many,17,189,25,15,33,279,3,3,0,1,2,1,4,0,0,0,1,0,0,0,0,1,0,0,3,6.33,1,1,0
Rakdos  Lord of Riots,21,191,0,13,26,251,2,2,0,1,1,1,4,0,0,0,1,0,0,0,0,1,0,0,4,2.53,1,0,0
Rakdos's Return,15,80,75,7,7,184,2,2,0,1,0,1,2,0,0,0,0,0,1,0,0,0,0,0,2,0.87,0,0,0
Ral Zarek,9,211,0,14,28,262,2,2,0,1,1,1,4,0,0,0,1,0,0,0,0,0,0,1,2,6.52,1,1,0
Rampaging Baloths,17,126,52,14,16,225,1,1,0,1,1,1,6,0,0,0,0,0,0,0,0,1,0,0,2,1.42,1,0,0
Rashmi  Eternities Crafter,26,260,0,17,30,333,2,2,0,1,2,1,4,0,0,0,1,0,0,0,0,1,0,0,2,0.97,0,0,0
Ravager of the Fells,20,281,0,10,19,330,2,2,0,1,1,1,4,0,0,0,0,0,0,0,0,1,0,0,0,9.49,1,1,0
Razaketh  the Foulblooded,25,147,104,12,26,314,1,1,0,1,1,1,8,0,0,0,1,0,0,0,0,1,0,0,3,3.44,1,0,0
Reap Intellect,14,296,0,15,7,332,2,2,0,1,0,1,4,0,0,0,0,0,1,0,0,0,0,0,2,0.62,0,0,0
Reaper from the Abyss,21,115,64,12,16,228,1,1,0,1,1,1,6,0,0,0,0,0,0,0,0,1,0,0,3,1.16,1,0,0
Relentless Dead,15,323,0,8,17,363,1,1,0,1,1,1,2,0,0,0,0,0,0,0,0,1,0,0,2,5.46,1,1,0
Rhonas the Indomitable,22,212,0,11,24,269,1,1,0,1,1,1,3,0,0,0,1,0,0,0,0,1,0,0,1,8.06,1,1,0
Ring of Three Wishes,20,226,0,12,8,266,0,0,0,1,0,1,5,0,0,0,0,0,0,0,1,0,0,0,0,2.66,1,0,0
Rise of the Dark Realms,23,83,105,15,7,233,1,1,0,1,0,1,9,0,0,0,0,0,1,0,0,0,0,0,2,11.01,1,1,1
Risen Executioner,17,206,0,16,25,264,1,1,0,1,2,1,4,0,0,0,0,0,0,0,0,1,0,0,2,1.84,1,0,0
Rowdy Crew,10,197,0,14,23,244,1,1,0,1,2,1,4,0,0,0,0,0,0,0,0,1,0,0,2,0.88,0,0,0
Sage of Hours,13,211,0,12,23,259,1,1,0,1,2,1,2,0,0,0,0,0,0,0,0,1,0,0,1,2.48,1,0,0
Saheeli Rai,11,396,0,13,32,452,2,2,0,1,1,1,3,0,0,0,1,0,0,0,0,0,0,1,2,4.37,1,0,0
Samut  the Tested,17,309,0,14,30,370,2,2,0,1,1,1,4,0,0,0,1,0,0,0,0,0,0,1,2,3.29,1,0,0
Samut  Voice of Dissent,23,118,82,14,34,271,2,3,-1,1,2,1,5,0,0,0,1,0,0,0,0,1,0,0,2,1,1,0,0
Sarkhan  the Dragonspeaker,26,407,0,7,32,472,1,1,0,1,1,1,5,0,0,0,1,0,0,0,0,0,0,1,2,2.25,1,0,0
Sarkhan the Mad,15,352,0,6,32,405,2,2,0,1,1,1,5,0,0,0,1,0,0,0,0,0,0,1,2,7.14,1,1,0
Sarkhan Unbroken,16,248,0,14,32,310,3,3,0,1,1,1,5,0,0,0,1,0,0,0,0,0,0,1,3,10.49,1,1,1
Sarkhan Vol,11,239,0,7,32,289,2,2,0,1,1,1,4,0,0,0,1,0,0,0,0,0,0,1,2,10.4,1,1,1
Savageborn Hydra,16,195,0,16,16,243,2,2,0,1,1,1,2,0,0,0,0,0,0,0,0,1,0,0,2,1.56,1,0,0
Scourge of Valkas,17,241,0,14,17,289,1,1,0,1,1,1,5,0,0,0,0,0,0,0,0,1,0,0,3,2.23,1,0,0
Seasons Past,12,151,51,14,7,235,1,1,0,1,0,1,6,0,0,0,0,0,1,0,0,0,0,0,2,1.12,1,0,0
Sedris  the Traitor King,24,240,58,11,35,368,3,3,0,1,2,1,6,0,0,0,1,0,0,0,0,1,0,0,3,2.99,1,0,0
See the Unwritten,17,274,0,11,7,309,1,1,0,1,0,1,6,0,0,0,0,0,1,0,0,0,0,0,2,0.75,0,0,0
Sen Triplets,12,214,34,12,42,314,3,3,0,2,2,1,5,0,0,0,1,0,0,0,1,1,0,0,3,22.97,1,1,1
Serra Avatar,12,163,44,12,17,248,1,1,0,1,1,1,7,0,0,0,0,0,0,0,0,1,0,0,3,1,1,0,0
Shadowborn Demon,16,204,0,14,16,250,1,1,0,1,1,1,5,0,0,0,0,0,0,0,0,1,0,0,2,0.85,0,0,0
Shaman of Forgotten Ways,24,300,0,14,23,361,1,1,0,1,2,1,3,0,0,0,0,0,0,0,0,1,0,0,1,3.6,1,0,0
Shaman of the Great Hunt,24,191,0,18,21,254,1,3,-2,1,2,1,4,0,0,0,0,0,0,0,0,1,0,0,1,0.75,0,0,0
Sharuum the Hegemon,19,131,77,4,36,267,3,3,0,2,1,1,6,0,0,0,1,0,0,0,1,1,0,0,3,0.95,0,0,0
Sheoldred  Whispering One,25,268,0,29,28,350,1,1,0,1,1,1,7,0,0,0,1,0,0,0,0,1,0,0,2,15.99,1,1,1
Shorecrasher Elemental,22,330,0,13,20,385,1,1,0,1,1,1,3,0,0,0,0,0,0,0,0,1,0,0,3,0.7,0,0,0
Sidisi  Brood Tyrant,20,250,0,13,32,315,3,3,0,1,2,1,4,0,0,0,1,0,0,0,0,1,0,0,3,0.75,0,0,0
Sigarda  Heron's Grace,22,136,0,10,26,194,2,2,0,1,1,1,5,0,0,0,1,0,0,0,0,1,0,0,2,1,1,0,0
Sigarda  Host of Herons,23,101,35,10,26,195,2,2,0,1,1,1,5,0,0,0,1,0,0,0,0,1,0,0,3,14.48,1,1,1
Sire of Stagnation,18,183,67,14,18,300,0,2,-2,1,1,1,6,0,0,0,0,0,0,0,0,1,0,0,2,0.81,0,0,0
Skaab Ruinator,14,149,0,10,24,197,1,1,0,1,2,1,3,0,0,0,0,0,0,0,0,1,0,0,2,0.94,0,0,0
Skithiryx  the Blight Dragon,28,227,0,6,36,297,1,1,0,1,2,1,5,0,0,0,1,0,0,0,0,1,0,0,2,22,1,1,1
Skysovereign  Consul Flagship,29,293,0,9,28,359,0,0,0,1,1,1,5,0,0,0,1,0,0,0,1,0,0,0,0,2,1,0,0
Sliver Hivelord,15,109,124,14,27,289,5,5,0,1,1,1,5,0,0,0,1,0,0,0,0,1,0,0,5,10.5,1,1,1
Sorin  Grim Nemesis,19,356,0,14,30,419,2,2,0,1,1,1,6,0,0,0,1,0,0,0,0,0,0,1,2,4.74,1,0,0
Sorin  Lord of Innistrad,24,277,0,15,30,346,2,2,0,1,1,1,4,0,0,0,1,0,0,0,0,0,0,1,2,9.49,1,1,0
Sorin  Solemn Visitor,21,243,0,16,30,310,2,2,0,1,1,1,4,0,0,0,1,0,0,0,0,0,0,1,2,5.48,1,1,0
Sorin Markov,12,188,0,15,30,245,1,1,0,1,1,1,6,0,0,0,1,0,0,0,0,0,0,1,3,16.76,1,1,1
Sorin Markov,12,188,0,15,30,245,1,1,0,1,1,1,6,0,0,0,1,0,0,0,0,0,0,1,3,17.3,1,1,1
Soul of Innistrad,17,227,0,13,17,274,1,1,0,1,1,1,6,0,0,0,0,0,0,0,0,1,0,0,2,0.95,0,0,0
Soul of New Phyrexia,20,189,0,7,26,242,0,0,0,2,1,1,6,0,0,0,0,0,0,0,1,1,0,0,0,2.02,1,0,0
Soul of Ravnica,15,185,0,18,17,235,1,1,0,1,1,1,6,0,0,0,0,0,0,0,0,1,0,0,2,0.61,0,0,0
Soul of Shandalar,17,307,0,16,17,357,1,1,0,1,1,1,6,0,0,0,0,0,0,0,0,1,0,0,2,0.68,0,0,0
Soul of Theros,14,245,0,11,17,287,1,1,0,1,1,1,6,0,0,0,0,0,0,0,0,1,0,0,2,0.85,0,0,0
Soul of Zendikar,16,153,0,13,17,199,1,1,0,1,1,1,6,0,0,0,0,0,0,0,0,1,0,0,2,0.66,0,0,0
Soulfire Grand Master,21,230,0,13,21,285,1,3,-2,1,2,1,2,0,0,0,0,0,0,0,0,1,0,0,1,2.45,1,0,0
Sphinx Ambassador,17,312,0,10,17,356,1,1,0,1,1,1,7,0,0,0,0,0,0,0,0,1,0,0,2,4.25,1,0,0
Sphinx of the Final Word,24,143,79,13,17,276,1,1,0,1,1,1,7,0,0,0,0,0,0,0,0,1,0,0,2,1.42,1,0,0
Sphinx of the Steel Wind,24,77,81,10,26,218,3,3,0,2,1,1,8,0,0,0,0,0,0,0,1,1,0,0,3,1.34,1,0,0
Sphinx Sovereign,16,129,103,6,26,280,3,3,0,2,1,1,8,0,0,0,0,0,0,0,1,1,0,0,4,2.59,1,0,0
Sphinx's Revelation,19,33,81,15,7,155,2,2,0,1,0,1,3,0,0,0,0,1,0,0,0,0,0,0,3,3.59,1,0,0
Star of Extinction,18,95,114,10,7,244,1,1,0,1,0,1,7,0,0,0,0,0,1,0,0,0,0,0,2,1.07,1,0,0
Starfield of Nyx,16,327,0,14,11,368,1,1,0,1,0,1,5,0,0,0,0,0,0,1,0,0,0,0,1,2.91,1,0,0
Startled Awake,14,238,0,13,7,272,1,1,0,1,0,1,4,0,0,0,0,0,1,0,0,0,0,0,2,2.59,1,0,0
Stormbreath Dragon,18,283,0,15,17,333,1,1,0,1,1,1,5,0,0,0,0,0,0,0,0,1,0,0,2,3.99,1,0,0
Sublime Archangel,17,226,0,16,16,275,1,1,0,1,1,1,4,0,0,0,0,0,0,0,0,1,0,0,2,7.72,1,1,0
Sun Titan,9,175,30,13,16,243,1,1,0,1,1,1,6,0,0,0,0,0,0,0,0,1,0,0,2,3.56,1,0,0
Sun Titan,9,175,30,13,16,243,1,1,0,1,1,1,6,0,0,0,0,0,0,0,0,1,0,0,2,3.83,1,0,0
Surrak Dragonclaw,17,133,77,11,34,272,3,3,0,1,2,1,5,0,0,0,1,0,0,0,0,1,0,0,3,0.78,0,0,0
Sword of Body and Mind,22,274,0,10,20,326,0,0,0,1,1,1,3,0,0,0,0,0,0,0,1,0,0,0,0,11.49,1,1,1
Sword of Feast and Famine,25,209,0,10,20,264,0,0,0,1,1,1,3,0,0,0,0,0,0,0,1,0,0,0,0,26.99,1,1,1
Sword of War and Peace,22,289,0,10,20,341,0,0,0,1,1,1,3,0,0,0,0,0,0,0,1,0,0,0,0,15.26,1,1,1
Tamiyo  Field Researcher,24,353,0,9,31,417,3,3,0,1,1,1,4,0,0,0,1,0,0,0,0,0,0,1,3,4.78,1,0,0
Tamiyo  the Moon Sage,21,303,0,14,31,369,1,1,0,1,1,1,5,0,0,0,1,0,0,0,0,0,0,1,2,18.93,1,1,1
Temporal Mastery,16,179,30,15,7,247,1,1,0,1,0,1,7,0,0,0,0,0,1,0,0,0,0,0,2,5.17,1,1,0
Temporal Trespass,17,146,29,13,7,212,1,1,0,1,0,1,11,0,0,0,0,0,1,0,0,0,0,0,3,2.08,1,0,0
Tezzeret  Agent of Bolas,24,369,0,14,33,440,2,2,0,1,1,1,4,0,0,0,1,0,0,0,0,0,0,1,2,18.33,1,1,1
Tezzeret  Master of Metal,25,322,0,14,33,394,2,2,0,1,1,1,6,0,0,0,1,0,0,0,0,0,0,1,2,3.75,1,0,0
Tezzeret the Schemer,20,399,0,18,33,470,2,2,0,1,1,1,4,0,0,0,1,0,0,0,0,0,0,1,2,4,1,0,0
Tezzeret the Seeker,19,282,0,17,33,351,1,1,0,1,1,1,5,0,0,0,1,0,0,0,0,0,0,1,2,11.3,1,1,1
Thassa  God of the Sea,22,288,0,10,36,356,1,1,0,2,1,1,3,0,0,0,1,0,0,1,0,1,0,0,1,6.99,1,1,0
The Chain Veil,14,298,0,11,18,341,0,0,0,1,0,1,4,0,0,0,1,0,0,0,1,0,0,0,0,4.36,1,0,0
The Gitrog Monster,18,244,0,10,32,304,2,2,0,1,2,1,5,0,0,0,1,0,0,0,0,1,0,0,2,1.53,1,0,0
The Great Aurora,16,250,0,10,7,283,1,1,0,1,0,1,9,0,0,0,0,0,1,0,0,0,0,0,3,0.82,0,0,0
The Locust God,14,243,0,13,24,294,2,2,0,1,1,1,6,0,0,0,1,0,0,0,0,1,0,0,2,6,1,1,0
The Scarab God,14,340,0,13,24,391,2,2,0,1,1,1,5,0,0,0,1,0,0,0,0,1,0,0,2,32.49,1,1,1
The Scorpion God,16,221,0,13,24,274,2,2,0,1,1,1,5,0,0,0,1,0,0,0,0,1,0,0,2,2.38,1,0,0
Thornling,9,238,0,10,33,290,1,1,0,1,2,1,5,0,0,0,0,0,0,0,0,1,0,0,2,1.99,1,0,0
Thraximundar,12,162,45,16,36,271,3,3,0,1,2,1,7,0,0,0,1,0,0,0,0,1,0,0,3,1.59,1,0,0
Thrun  the Last Troll,21,159,55,10,33,278,1,1,0,1,2,1,4,0,0,0,1,0,0,0,0,1,0,0,2,9.89,1,1,0
Thundermaw Hellkite,19,228,0,15,17,279,1,1,0,1,1,1,5,0,0,0,0,0,0,0,0,1,0,0,2,5.99,1,1,0
Tibalt  the Fiend-Blooded,25,259,0,16,31,331,1,1,0,1,1,1,2,0,0,0,1,0,0,0,0,0,0,1,2,2.71,1,0,0
Time Reversal,13,120,134,11,7,285,1,1,0,1,0,1,5,0,0,0,0,0,1,0,0,0,0,0,2,1.81,1,0,0
Time Reversal,13,120,91,11,7,242,1,1,0,1,0,1,5,0,0,0,0,0,1,0,0,0,0,0,2,1.87,1,0,0
Time Warp,9,49,52,10,7,127,1,1,0,1,0,1,5,0,0,0,0,0,1,0,0,0,0,0,2,16.91,1,1,1
Tishana  Voice of Thunder,25,210,0,15,35,285,2,2,0,1,2,1,7,0,0,0,1,0,0,0,0,1,0,0,2,1.79,1,0,0
Torrent Elemental,17,226,0,11,20,274,1,3,-2,1,1,1,5,0,0,0,0,0,0,0,0,1,0,0,1,0.75,0,0,0
Torrential Gearhulk,19,212,0,15,29,275,1,1,0,2,1,1,6,0,0,0,0,0,0,0,1,1,0,0,2,12.47,1,1,1
Transcendent Master,19,139,0,15,30,203,1,1,0,1,3,1,3,0,0,0,0,0,0,0,0,1,0,0,2,4.5,1,0,0
Tree of Perdition,17,87,28,9,16,157,1,1,0,1,1,1,4,0,0,0,0,0,0,0,0,1,0,0,1,4.51,1,0,0
Tree of Redemption,18,75,105,13,16,227,1,1,0,1,1,1,4,0,0,0,0,0,0,0,0,1,0,0,1,2.4,1,0,0
Trostani  Selesnya's Voice,26,208,0,6,26,266,2,2,0,1,1,1,4,0,0,0,1,0,0,0,0,1,0,0,4,3.59,1,0,0
Ugin  the Spirit Dragon,23,273,0,16,29,341,0,0,0,1,1,1,8,0,0,0,1,0,0,0,0,0,0,1,0,33,1,1,1
Ugin's Nexus,12,199,39,10,18,278,0,0,0,1,0,1,5,0,0,0,1,0,0,0,1,0,0,0,0,0.69,0,0,0
Ulamog  the Ceaseless Hunger,28,180,36,15,28,287,0,0,0,1,1,1,10,0,0,0,1,0,0,0,0,1,0,0,0,13.04,1,1,1
Ulamog  the Infinite Gyre,25,290,0,14,28,357,0,0,0,1,1,1,11,0,0,0,1,0,0,0,0,1,0,0,0,18.98,1,1,1
Ulrich  Uncontested Alpha,25,252,0,15,29,321,2,2,0,1,1,1,5,0,0,0,1,0,0,0,0,1,0,0,0,0.89,0,0,0
Ulrich of the Krallenhorde,26,243,0,15,35,319,2,2,0,1,2,1,5,0,0,0,1,0,0,0,0,1,0,0,2,0.89,0,0,0
Ulvenwald Hydra,15,247,0,16,16,294,1,1,0,1,1,1,6,0,0,0,0,0,0,0,0,1,0,0,2,1.24,1,0,0
Uncage the Menagerie,20,170,75,13,7,285,1,1,0,1,0,1,2,0,0,0,0,0,1,0,0,0,0,0,2,0.9,0,0,0
Undergrowth Champion,20,273,0,14,20,327,1,1,0,1,1,1,3,0,0,0,0,0,0,0,0,1,0,0,2,0.99,0,0,0
Underworld Cerberus,19,265,0,15,16,315,2,2,0,1,1,1,5,0,0,0,0,0,0,0,0,1,0,0,2,0.64,0,0,0
Unesh  Criosphinx Sovereign,27,306,0,15,27,375,1,1,0,1,1,1,6,0,0,0,1,0,0,0,0,1,0,0,2,0.72,0,0,0
Urabrask the Hidden,19,96,135,11,28,289,1,1,0,1,1,1,5,0,0,0,1,0,0,0,0,1,0,0,2,6.61,1,1,0
Uril  the Miststalker,21,154,76,11,26,288,3,3,0,1,1,1,5,0,0,0,1,0,0,0,0,1,0,0,3,6.2,1,1,0
Utvara Hellkite,15,97,74,8,17,211,1,1,0,1,1,1,8,0,0,0,0,0,0,0,0,1,0,0,2,2.86,1,0,0
Vampire Nocturnus,17,183,34,16,18,268,1,1,0,1,1,1,4,0,0,0,0,0,0,0,0,1,0,0,3,5.97,1,1,0
Vampire Nocturnus,17,183,34,16,18,268,1,1,0,1,1,1,4,0,0,0,0,0,0,0,0,1,0,0,3,6.49,1,1,0
Vengevine,9,151,66,16,20,262,1,1,0,1,1,1,4,0,0,0,0,0,0,0,0,1,0,0,2,19,1,1,1
Venser  the Sojourner,21,244,0,14,31,310,2,2,0,1,1,1,5,0,0,0,1,0,0,0,0,0,0,1,2,11.65,1,1,1
Verdurous Gearhulk,18,136,0,11,29,194,1,1,0,2,1,1,5,0,0,0,0,0,0,0,1,1,0,0,2,4.99,1,0,0
Vizier of the Menagerie,23,222,0,20,22,287,1,1,0,1,2,1,4,0,0,0,0,0,0,0,0,1,0,0,1,2.42,1,0,0
Voice of Resurgence,19,233,0,13,20,285,2,2,0,1,1,1,2,0,0,0,0,0,0,0,0,1,0,0,2,11.51,1,1,1
Void Winnower,13,154,76,11,18,272,0,0,0,1,1,1,9,0,0,0,0,0,0,0,0,1,0,0,0,2.89,1,0,0
Vona  Butcher of Magan,22,115,108,11,35,291,2,2,0,1,2,1,5,0,0,0,1,0,0,0,0,1,0,0,2,3.19,1,0,0
Vorapede,8,171,69,15,17,280,1,1,0,1,1,1,5,0,0,0,0,0,0,0,0,1,0,0,3,1.08,1,0,0
Vorinclex  Voice of Hunger,26,212,0,13,28,279,1,1,0,1,1,1,8,0,0,0,1,0,0,0,0,1,0,0,2,18.79,1,1,1
Vraska  Relic Seeker,20,280,0,10,31,341,2,2,0,1,1,1,6,0,0,0,1,0,0,0,0,0,0,1,2,12,1,1,1
Vraska the Unseen,17,291,0,14,31,353,2,2,0,1,1,1,5,0,0,0,1,0,0,0,0,0,0,1,2,4.4,1,0,0
Wakening Sun's Avatar,21,117,109,14,26,287,1,1,0,1,2,1,8,0,0,0,0,0,0,0,0,1,0,0,3,1.7,1,0,0
Warden of the First Tree,24,303,0,18,16,361,1,3,-2,1,1,1,1,0,0,0,0,0,0,0,0,1,0,0,1,0.81,0,0,0
Warren Instigator,17,141,55,15,27,255,1,1,0,1,2,1,2,0,0,0,0,0,0,0,0,1,0,0,2,7.32,1,1,0
Whisperwood Elemental,21,362,0,16,20,419,1,1,0,1,1,1,5,0,0,0,0,0,0,0,0,1,0,0,2,0.71,0,0,0
Windreader Sphinx,17,68,99,7,17,208,1,1,0,1,1,1,7,0,0,0,0,0,0,0,0,1,0,0,2,0.81,0,0,0
Wingmate Roc,12,226,0,8,15,261,1,1,0,1,1,1,5,0,0,0,0,0,0,0,0,1,0,0,2,0.86,0,0,0
Withengar Unbound,17,231,78,14,26,366,1,1,0,1,1,1,7,0,0,0,1,0,0,0,0,1,0,0,0,3.84,1,0,0
Wolf of Devil's Breach,22,212,84,9,25,352,1,1,0,1,2,1,5,0,0,0,0,0,0,0,0,1,0,0,2,0.58,0,0,0
Woodland Bellower,17,205,0,14,16,252,1,1,0,1,1,1,6,0,0,0,0,0,0,0,0,1,0,0,2,1.35,1,0,0
World Breaker,13,226,0,11,18,268,0,1,-1,1,1,1,7,0,0,0,0,0,0,0,0,1,0,0,1,2.71,1,0,0
Worldfire,9,104,47,4,7,171,1,1,0,1,0,1,9,0,0,0,0,0,1,0,0,0,0,0,3,1.41,1,0,0
Worldspine Wurm,15,189,0,14,15,233,1,1,0,1,1,1,11,0,0,0,0,0,0,0,0,1,0,0,3,4.92,1,0,0
Worst Fears,11,157,66,14,7,255,1,1,0,1,0,1,8,0,0,0,0,0,1,0,0,0,0,0,1,0.77,0,0,0
Wrexial  the Risen Deep,23,354,0,14,27,418,2,2,0,1,1,1,6,0,0,0,1,0,0,0,0,1,0,0,3,3.73,1,0,0
Wurmcoil Engine,15,179,0,16,24,234,0,0,0,2,1,1,6,0,0,0,0,0,0,0,1,1,0,0,0,18.58,1,1,1
Xathrid Demon,13,241,0,14,16,284,1,1,0,1,1,1,6,0,0,0,0,0,0,0,0,1,0,0,3,0.91,0,0,0
Xenagos  God of Revels,22,259,0,10,36,327,2,2,0,2,1,1,5,0,0,0,1,0,0,1,0,1,0,0,2,8.55,1,1,0
Xenagos  the Reveler,20,319,0,10,32,381,2,2,0,1,1,1,4,0,0,0,1,0,0,0,0,0,0,1,2,4.65,1,0,0
Zurgo Helmsmasher,17,228,0,14,32,291,3,3,0,1,2,1,5,0,0,0,1,0,0,0,0,1,0,0,3,0.63,0,0,0
Abandoned Sarcophagus,21,170,79,7,8,285,0,0,0,1,0,1,3,0,0,1,0,0,0,0,1,0,0,0,0,0.38,0,0,0
Abbot of Keral Keep,19,220,0,20,21,280,1,1,0,1,2,1,2,0,0,1,0,0,0,0,0,1,0,0,1,0.85,0,0,0
Abhorrent Overlord,18,298,0,15,16,347,1,1,0,1,1,1,7,0,0,1,0,0,0,0,0,1,0,0,2,0.28,0,0,0
Abolisher of Bloodlines,23,110,65,11,26,235,0,1,-1,1,2,1,5,0,0,1,0,0,0,0,0,1,0,0,0,0.74,0,0,0
Abrupt Decay,12,124,64,15,7,222,2,2,0,1,0,1,2,0,0,1,0,1,0,0,0,0,0,0,2,3.99,1,0,0
Abundance,9,269,0,12,11,301,1,1,0,1,0,1,4,0,0,1,0,0,0,1,0,0,0,0,2,2.29,1,0,0
Abyssal Nocturnus,17,175,131,10,17,350,1,1,0,1,1,1,3,0,0,1,0,0,0,0,0,1,0,0,2,1.13,1,0,0
Abzan Ascendancy,16,196,0,12,11,235,3,3,0,1,0,1,3,0,0,1,0,0,0,1,0,0,0,0,3,0.34,0,0,0
Academy Ruins,13,113,110,29,14,279,0,1,-1,1,0,1,0,0,0,1,1,0,0,0,0,0,1,0,0,21.47,1,1,1
Acquire,7,158,80,11,7,263,1,1,0,1,0,1,5,0,0,1,0,0,1,0,0,0,0,0,2,2.08,1,0,0
Ad Nauseam,10,166,79,13,7,275,1,1,0,1,0,1,5,0,0,1,0,1,0,0,0,0,0,0,2,8.98,1,1,0
Adamaro  First to Desire,24,141,82,13,27,287,1,1,0,1,1,1,3,0,0,1,1,0,0,0,0,1,0,0,2,0.59,0,0,0
Adanto  the First Fort,22,137,0,15,14,188,0,1,-1,1,0,1,1,0,0,1,1,0,0,0,0,0,1,0,0,5.62,1,1,0
Adaptive Automaton,18,197,30,13,29,287,0,0,0,2,1,1,3,0,0,1,0,0,0,0,1,1,0,0,0,6,1,1,0
Adarkar Valkyrie,16,143,93,13,21,286,1,1,0,1,1,1,6,0,0,1,0,0,0,0,0,1,0,0,2,1.13,1,0,0
Adarkar Wastes,14,108,0,9,4,135,0,2,-2,1,0,1,0,0,0,1,0,0,0,0,0,0,1,0,0,6.24,1,1,0
Adarkar Wastes,14,108,0,9,4,135,0,2,-2,1,0,1,0,0,0,1,0,0,0,0,0,0,1,0,0,8.17,1,1,0
Adorned Pouncer,15,204,0,15,14,248,1,1,0,1,1,1,2,0,0,1,0,0,0,0,0,1,0,0,1,1.12,1,0,0
Advent of the Wurm,18,52,74,14,7,165,2,2,0,1,0,1,4,0,0,1,0,1,0,0,0,0,0,0,3,0.45,0,0,0
Aegis Angel,11,316,0,14,16,357,1,1,0,1,1,1,6,0,0,1,0,0,0,0,0,1,0,0,2,0.46,0,0,0
Aegis Angel,11,316,0,14,16,357,1,1,0,1,1,1,6,0,0,1,0,0,0,0,0,1,0,0,2,0.46,0,0,0
Aegis Angel,11,316,0,14,16,357,1,1,0,1,1,1,6,0,0,1,0,0,0,0,0,1,0,0,2,0.49,0,0,0
Aegis of the Gods,17,91,116,15,36,275,1,1,0,2,2,1,2,0,0,1,0,0,0,1,0,1,0,0,1,1.6,1,0,0
Aeon Chronicler,15,454,0,14,17,500,1,1,0,1,1,1,5,0,0,1,0,0,0,0,0,1,0,0,2,0.42,0,0,0
Aether Snap,11,61,68,10,7,157,1,1,0,1,0,1,5,0,0,1,0,0,1,0,0,0,0,0,2,0.62,0,0,0
Aetherflux Reservoir,20,160,119,12,8,319,0,0,0,1,0,1,4,0,0,1,0,0,0,0,1,0,0,0,0,0.82,0,0,0
Aethergeode Miner,17,171,85,13,22,308,1,1,0,1,2,1,2,0,0,1,0,0,0,0,0,1,0,0,1,0.33,0,0,0
Aetherling,10,252,0,14,23,299,1,1,0,1,1,1,6,0,0,1,0,0,0,0,0,1,0,0,2,0.37,0,0,0
Aethermage's Touch,18,289,0,14,7,328,2,2,0,1,0,1,4,0,0,1,0,1,0,0,0,0,0,0,2,0.37,0,0,0
Aethersphere Harvester,22,300,0,14,18,354,0,0,0,1,1,1,3,0,0,1,0,0,0,0,1,0,0,0,0,2.88,1,0,0
Aetherspouts,12,90,80,9,7,198,1,1,0,1,0,1,5,0,0,1,0,1,0,0,0,0,0,0,2,0.49,0,0,0
Aethersquall Ancient,20,225,0,10,20,275,1,1,0,1,1,1,7,0,0,1,0,0,0,0,0,1,0,0,2,0.28,0,0,0
Aetherstorm Roc,15,279,0,12,15,321,1,1,0,1,1,1,4,0,0,1,0,0,0,0,0,1,0,0,2,0.28,0,0,0
Aethertide Whale,16,165,108,15,16,320,1,1,0,1,1,1,6,0,0,1,0,0,0,0,0,1,0,0,2,0.3,0,0,0
Agadeem Occultist,17,184,0,12,28,241,1,1,0,1,3,1,3,0,0,1,0,0,0,0,0,1,0,0,1,0.6,0,0,0
Ageless Entity,14,71,108,13,20,226,1,1,0,1,1,1,5,0,0,1,0,0,0,0,0,1,0,0,2,0.51,0,0,0
Agent of the Fates,18,115,33,12,25,203,1,1,0,1,2,1,3,0,0,1,0,0,0,0,0,1,0,0,2,0.34,0,0,0
Aggressive Mining,17,98,26,15,11,167,1,1,0,1,0,1,4,0,0,1,0,0,0,1,0,0,0,0,1,0.39,0,0,0
Agrus Kos  Wojek Veteran,24,135,98,15,34,306,2,2,0,1,2,1,5,0,0,1,1,0,0,0,0,1,0,0,2,0.54,0,0,0
Aid from the Cowl,17,262,0,12,11,302,1,1,0,1,0,1,5,0,0,1,0,0,0,1,0,0,0,0,2,0.31,0,0,0
Ajani Goldmane,14,246,0,14,30,304,1,1,0,1,1,1,4,0,0,1,1,0,0,0,0,0,0,1,2,8.52,1,1,0
Ajani's Aid,11,312,0,14,11,348,2,2,0,1,0,1,4,0,0,1,0,0,0,1,0,0,0,0,2,0.29,0,0,0
Ajani's Chosen,14,169,40,14,22,259,1,1,0,1,2,1,4,0,0,1,0,0,0,0,0,1,0,0,2,0.39,0,0,0
Akki Lavarunner,15,68,0,12,25,120,1,1,0,1,2,1,4,0,0,1,0,0,0,0,0,1,0,0,1,0.39,0,0,0
Akoum Hellkite,14,230,0,11,17,272,1,1,0,1,1,1,6,0,0,1,0,0,0,0,0,1,0,0,2,0.3,0,0,0
Akroan Horse,12,174,0,12,25,223,0,0,0,2,1,1,4,0,0,1,0,0,0,0,1,1,0,0,0,0.29,0,0,0
Akroma  Angel of Fury,21,277,0,11,26,335,1,1,0,1,1,1,8,0,0,1,1,0,0,0,0,1,0,0,3,2.75,1,0,0
Akroma's Memorial,17,115,58,9,18,217,0,0,0,1,0,1,7,0,0,1,1,0,0,0,1,0,0,0,0,18.24,1,1,1
Akuta  Born of Ash,18,193,0,12,27,250,1,1,0,1,1,1,4,0,0,1,1,0,0,0,0,1,0,0,2,0.38,0,0,0
Aladdin's Ring,14,69,84,11,8,186,0,0,0,1,0,1,8,0,0,1,0,0,0,0,1,0,0,0,0,0.33,0,0,0
Aladdin's Ring,14,69,84,11,8,186,0,0,0,1,0,1,8,0,0,1,0,0,0,0,1,0,0,0,0,0.35,0,0,0
Alchemist's Refuge,18,100,103,9,4,234,0,2,-2,1,0,1,0,0,0,1,0,0,0,0,0,0,1,0,0,1.47,1,0,0
Alesha  Who Smiles at Death,27,203,33,22,34,319,1,3,-2,1,2,1,3,0,0,1,1,0,0,0,0,1,0,0,1,0.4,0,0,0
Alhammarret  High Arbiter,25,259,0,14,27,325,1,1,0,1,1,1,7,0,0,1,1,0,0,0,0,1,0,0,2,0.34,0,0,0
Aligned Hedron Network,22,202,89,14,8,335,0,0,0,1,0,1,4,0,0,1,0,0,0,0,1,0,0,0,0,0.33,0,0,0
All Suns' Dawn,14,114,0,10,7,145,1,1,0,1,0,1,5,0,0,1,0,0,1,0,0,0,0,0,1,0.5,0,0,0
Allosaurus Rider,16,187,0,11,22,236,1,1,0,1,2,1,7,0,0,1,0,0,0,0,0,1,0,0,2,2.52,1,0,0
Ally Encampment,15,214,0,11,4,244,0,0,0,1,0,1,0,0,0,1,0,0,0,0,0,0,1,0,0,0.42,0,0,0
Alms Beast,10,58,52,9,16,145,2,2,0,1,1,1,4,0,0,1,0,0,0,0,0,1,0,0,2,0.29,0,0,0
Alpha Brawl,11,192,48,14,7,272,1,1,0,1,0,1,8,0,0,1,0,0,1,0,0,0,0,0,2,0.36,0,0,0
Altar Golem,11,213,0,13,25,262,0,0,0,2,1,1,7,0,0,1,0,0,0,0,1,1,0,0,0,0.37,0,0,0
Altar of Shadows,16,199,0,8,8,231,0,1,-1,1,0,1,7,0,0,1,0,0,0,0,1,0,0,0,0,0.45,0,0,0
Altar of the Brood,18,150,122,10,8,308,0,0,0,1,0,1,1,0,0,1,0,0,0,0,1,0,0,0,0,1.05,1,0,0
Altered Ego,11,181,0,10,23,225,2,2,0,1,1,1,4,0,0,1,0,0,0,0,0,1,0,0,2,0.35,0,0,0
Always Watching,15,60,163,11,11,260,1,1,0,1,0,1,3,0,0,1,0,0,0,1,0,0,0,0,2,1.1,1,0,0
Ambassador Laquatus,19,92,83,10,35,239,1,1,0,1,2,1,3,0,0,1,1,0,0,0,0,1,0,0,2,1.22,1,0,0
Ammit Eternal,13,247,0,11,33,304,1,1,0,1,3,1,3,0,0,1,0,0,0,0,0,1,0,0,1,0.9,0,0,0
Amulet of Vigor,15,84,125,11,8,243,0,0,0,1,0,1,1,0,0,1,0,0,0,0,1,0,0,0,0,8.1,1,1,0
Anafenza  Kin-Tree Spirit,25,192,65,8,35,325,1,1,0,1,2,1,2,0,0,1,1,0,0,0,0,1,0,0,2,0.9,0,0,0
Anax and Cymede,15,156,45,13,34,263,2,2,0,1,2,1,3,0,0,1,1,0,0,0,0,1,0,0,2,0.32,0,0,0
Ancestral Vision,16,263,0,10,7,296,1,1,0,1,0,1,0,0,0,1,0,0,1,0,0,0,0,0,0,24,1,1,1
Ancient Amphitheater,20,196,82,13,4,315,0,2,-2,1,0,1,0,0,0,1,0,0,0,0,0,0,1,0,0,0.69,0,0,0
Ancient Hellkite,16,150,47,10,17,240,1,1,0,1,1,1,7,0,0,1,0,0,0,0,0,1,0,0,3,0.41,0,0,0
Ancient Silverback,18,175,0,16,14,223,1,1,0,1,1,1,6,0,0,1,0,0,0,0,0,1,0,0,2,0.36,0,0,0
Angel of Condemnation,21,349,0,15,16,401,1,1,0,1,1,1,4,0,0,1,0,0,0,0,0,1,0,0,2,0.45,0,0,0
Angel of Deliverance,20,173,0,13,16,222,1,1,0,1,1,1,8,0,0,1,0,0,0,0,0,1,0,0,2,0.31,0,0,0
Angel of Despair,16,78,128,13,16,251,2,2,0,1,1,1,7,0,0,1,0,0,0,0,0,1,0,0,4,2.95,1,0,0
Angel of Flight Alabaster,25,99,85,11,16,236,1,1,0,1,1,1,5,0,0,1,0,0,0,0,0,1,0,0,1,0.34,0,0,0
Angel of Glory's Rise,21,153,45,11,16,246,1,1,0,1,1,1,7,0,0,1,0,0,0,0,0,1,0,0,2,0.4,0,0,0
Angel of Jubilation,19,138,77,14,16,264,1,1,0,1,1,1,4,0,0,1,0,0,0,0,0,1,0,0,3,2.69,1,0,0
Angel of Salvation,18,339,0,20,16,393,1,1,0,1,1,1,8,0,0,1,0,0,0,0,0,1,0,0,2,0.49,0,0,0
Angelheart Vial,15,180,42,6,8,251,0,0,0,1,0,1,5,0,0,1,0,0,0,0,1,0,0,0,0,0.36,0,0,0
Angelic Arbiter,15,148,0,12,16,191,1,1,0,1,1,1,7,0,0,1,0,0,0,0,0,1,0,0,2,1.31,1,0,0
Angelic Captain,15,103,113,11,21,263,2,2,0,1,2,1,5,0,0,1,0,0,0,0,0,1,0,0,2,0.31,0,0,0
Angelic Chorus,14,100,53,10,11,188,1,1,0,1,0,1,5,0,0,1,0,0,0,1,0,0,0,0,2,5.56,1,1,0
Angelic Skirmisher,18,143,59,12,16,248,1,1,0,1,1,1,6,0,0,1,0,0,0,0,0,1,0,0,2,0.69,0,0,0
Angel's Grace,13,312,0,8,7,340,1,1,0,1,0,1,1,0,0,1,0,1,0,0,0,0,0,0,1,6.08,1,1,0
Anger of the Gods,17,125,65,12,7,226,1,1,0,1,0,1,3,0,0,1,0,0,1,0,0,0,0,0,2,2,1,0,0
Angrath's Marauders,19,132,107,20,23,301,1,1,0,1,2,1,7,0,0,1,0,0,0,0,0,1,0,0,2,0.33,0,0,0
Anguished Unmaking,18,48,132,11,7,216,2,2,0,1,0,1,3,0,0,1,0,1,0,0,0,0,0,0,2,2.06,1,0,0
Animation Module,16,271,25,12,8,332,0,0,0,1,0,1,1,0,0,1,0,0,0,0,1,0,0,0,0,0.49,0,0,0
Animist's Awakening,19,272,0,10,7,308,1,1,0,1,0,1,1,0,0,1,0,0,1,0,0,0,0,0,1,0.62,0,0,0
Ankle Shanker,13,111,66,12,27,229,3,3,0,1,2,1,5,0,0,1,0,0,0,0,0,1,0,0,3,0.26,0,0,0
Anointed Procession,19,116,83,20,11,249,1,1,0,1,0,1,4,0,0,1,0,0,0,1,0,0,0,0,1,7.49,1,1,0
Anowon  the Ruin Sage,21,79,112,9,35,256,1,1,0,1,2,1,5,0,0,1,1,0,0,0,0,1,0,0,2,2,1,0,0
Ant Queen,9,49,150,14,17,239,1,1,0,1,1,1,5,0,0,1,0,0,0,0,0,1,0,0,2,0.61,0,0,0
Anthem of Rakdos,16,296,0,13,11,336,2,2,0,1,0,1,5,0,0,1,0,0,0,1,0,0,0,0,3,0.5,0,0,0
Anthousa  Setessan Hero,23,183,80,11,34,331,1,1,0,1,2,1,5,0,0,1,1,0,0,0,0,1,0,0,2,0.25,0,0,0
Apocalypse Demon,16,195,0,15,16,242,1,1,0,1,1,1,6,0,0,1,0,0,0,0,0,1,0,0,2,0.32,0,0,0
Approach of the Second Sun,26,254,0,12,7,299,1,1,0,1,0,1,7,0,0,1,0,0,1,0,0,0,0,0,1,1.22,1,0,0
Arachnus Spinner,16,218,0,13,17,264,1,1,0,1,1,1,6,0,0,1,0,0,0,0,0,1,0,0,1,0.35,0,0,0
Arashi  the Sky Asunder,23,172,0,10,27,232,1,1,0,1,1,1,5,0,0,1,1,0,0,0,0,1,0,0,2,0.75,0,0,0
Arashin Foremost,16,157,69,13,24,279,1,1,0,1,2,1,3,0,0,1,0,0,0,0,0,1,0,0,2,0.44,0,0,0
Arashin Sovereign,17,95,114,9,17,252,2,2,0,1,1,1,7,0,0,1,0,0,0,0,0,1,0,0,2,0.34,0,0,0
Arbiter of Knollridge,21,135,125,14,23,318,1,1,0,1,2,1,7,0,0,1,0,0,0,0,0,1,0,0,1,0.37,0,0,0
Arbiter of the Ideal,20,284,0,15,17,336,1,1,0,1,1,1,6,0,0,1,0,0,0,0,0,1,0,0,2,0.29,0,0,0
Arbor Colossus,14,224,0,11,16,265,1,1,0,1,1,1,5,0,0,1,0,0,0,0,0,1,0,0,3,0.29,0,0,0
Arcane Adaptation,17,252,0,9,11,289,1,1,0,1,0,1,3,0,0,1,0,0,0,1,0,0,0,0,1,0.46,0,0,0
Arcane Melee,12,49,50,11,11,133,1,1,0,1,0,1,5,0,0,1,0,0,0,1,0,0,0,0,1,0.35,0,0,0
Arcanis the Omnipotent,22,84,120,12,27,265,1,1,0,1,1,1,6,0,0,1,1,0,0,0,0,1,0,0,3,1.75,1,0,0
Arcbond,7,139,87,15,7,255,1,1,0,1,0,1,3,0,0,1,0,1,0,0,0,0,0,0,1,0.29,0,0,0
Arcbound Overseer,17,240,0,14,25,296,0,0,0,2,1,1,8,0,0,1,0,0,0,0,1,1,0,0,0,1.45,1,0,0
Arcbound Ravager,16,205,0,14,25,260,0,0,0,2,1,1,2,0,0,1,0,0,0,0,1,1,0,0,0,42.58,1,1,1
Arcbound Reclaimer,18,261,0,10,25,314,0,0,0,2,1,1,4,0,0,1,0,0,0,0,1,1,0,0,0,1.09,1,0,0
Archdemon of Greed,18,134,39,13,16,220,1,1,0,1,1,1,5,0,0,1,0,0,0,0,0,1,0,0,0,0.35,0,0,0
Archdemon of Unx,16,128,77,11,16,248,1,1,0,1,1,1,7,0,0,1,0,0,0,0,0,1,0,0,2,0.38,0,0,0
Archfiend of Depravity,22,138,65,7,16,248,1,1,0,1,1,1,5,0,0,1,0,0,0,0,0,1,0,0,2,0.82,0,0,0
Archfiend of Ifnir,18,162,0,12,16,208,1,1,0,1,1,1,5,0,0,1,0,0,0,0,0,1,0,0,2,0.48,0,0,0
Architect of the Untamed,24,175,54,12,30,295,1,1,0,1,3,1,3,0,0,1,0,0,0,0,0,1,0,0,1,0.29,0,0,0
Archive Trap,12,204,0,11,14,241,1,1,0,1,1,1,5,0,0,1,0,1,0,0,0,0,0,0,2,8.38,1,1,0
Archivist,9,17,91,15,23,155,1,1,0,1,2,1,4,0,0,1,0,0,0,0,0,1,0,0,2,0.34,0,0,0
Archivist,9,17,171,15,23,235,1,1,0,1,2,1,4,0,0,1,0,0,0,0,0,1,0,0,2,0.39,0,0,0
Archmage Ascension,18,325,0,19,11,373,1,1,0,1,0,1,3,0,0,1,0,0,0,1,0,0,0,0,1,1.19,1,0,0
Archon of Justice,17,59,35,10,17,138,1,1,0,1,1,1,5,0,0,1,0,0,0,0,0,1,0,0,2,0.38,0,0,0
Archon of Justice,17,59,35,10,17,138,1,1,0,1,1,1,5,0,0,1,0,0,0,0,0,1,0,0,2,0.43,0,0,0
Archon of Redemption,20,161,55,15,17,268,1,1,0,1,1,1,5,0,0,1,0,0,0,0,0,1,0,0,2,0.33,0,0,0
Archon of the Triumvirate,25,230,0,12,17,284,2,2,0,1,1,1,7,0,0,1,0,0,0,0,0,1,0,0,2,0.29,0,0,0
Archwing Dragon,15,91,71,7,17,201,1,1,0,1,1,1,4,0,0,1,0,0,0,0,0,1,0,0,2,0.44,0,0,0
Arc-Slogger,11,102,91,11,16,231,1,1,0,1,1,1,5,0,0,1,0,0,0,0,0,1,0,0,2,0.39,0,0,0
Arcum Dagsson,13,194,68,12,36,323,1,1,0,1,2,1,4,0,0,1,1,0,0,0,0,1,0,0,1,12.33,1,1,1
Argent Sphinx,13,199,44,10,17,283,1,1,0,1,1,1,4,0,0,1,0,0,0,0,0,1,0,0,2,0.28,0,0,0
Argentum Armor,14,101,91,12,20,238,0,0,0,1,1,1,6,0,0,1,0,0,0,0,1,0,0,0,0,0.89,0,0,0
Arguel's Blood Fast,19,132,56,7,21,235,1,1,0,1,0,1,2,0,0,1,1,0,0,1,0,0,0,0,1,0.74,0,0,0
Arid Mesa,9,147,0,16,4,176,0,0,0,1,0,1,0,0,0,1,0,0,0,0,0,0,1,0,0,32.48,1,1,1
Armament Master,15,89,156,15,22,297,1,1,0,1,2,1,2,0,0,1,0,0,0,0,0,1,0,0,2,0.33,0,0,0
Artificer's Intuition,21,179,0,13,11,224,1,1,0,1,0,1,2,0,0,1,0,0,0,1,0,0,0,0,1,1.14,1,0,0
Artisan of Forms,16,151,0,7,23,197,1,1,0,1,2,1,2,0,0,1,0,0,0,0,0,1,0,0,1,0.29,0,0,0
Ascendant Evincar,17,144,83,8,28,280,1,1,0,1,1,1,6,0,0,1,1,0,0,0,0,1,0,0,2,0.98,0,0,0
Asceticism,10,147,99,7,11,274,1,1,0,1,0,1,5,0,0,1,0,0,0,1,0,0,0,0,2,12.26,1,1,1
Ash Zealot,10,111,66,14,24,225,1,1,0,1,2,1,2,0,0,1,0,0,0,0,0,1,0,0,2,0.46,0,0,0
Ashenmoor Liege,15,201,87,8,27,338,2,2,0,1,2,1,4,0,0,1,0,0,0,0,0,1,0,0,3,4.26,1,0,0
Ashes of the Abhorrent,22,130,48,7,11,218,1,1,0,1,0,1,2,0,0,1,0,0,0,1,0,0,0,0,1,0.48,0,0,0
Ashes of the Fallen,19,168,67,11,8,273,0,0,0,1,0,1,2,0,0,1,0,0,0,0,1,0,0,0,0,0.46,0,0,0
Ashling  the Extinguisher,25,148,70,14,37,294,1,1,0,1,2,1,4,0,0,1,1,0,0,0,0,1,0,0,2,4.12,1,0,0
Ashling the Pilgrim,19,230,0,14,37,300,1,1,0,1,2,1,2,0,0,1,1,0,0,0,0,1,0,0,1,1.85,1,0,0
Ashling's Prerogative,21,247,0,11,11,290,1,1,0,1,0,1,2,0,0,1,0,0,0,1,0,0,0,0,1,0.41,0,0,0
Assault Formation,17,243,0,13,11,284,1,1,0,1,0,1,2,0,0,1,0,0,0,1,0,0,0,0,1,0.95,0,0,0
Assemble the Legion,19,191,0,14,11,235,2,2,0,1,0,1,5,0,0,1,0,0,0,1,0,0,0,0,2,1.7,1,0,0
Assembled Alphas,16,159,42,19,15,251,1,1,0,1,1,1,6,0,0,1,0,0,0,0,0,1,0,0,1,0.29,0,0,0
Astral Cornucopia,17,182,0,14,8,221,0,0,0,1,0,1,0,0,0,1,0,0,0,0,1,0,0,0,0,0.43,0,0,0
Asylum Visitor,14,254,59,18,25,370,1,1,0,1,2,1,2,0,0,1,0,0,0,0,0,1,0,0,1,0.5,0,0,0
Atarka  World Render,20,96,97,13,27,253,2,2,0,1,1,1,7,0,0,1,1,0,0,0,0,1,0,0,2,0.5,0,0,0
Atarka's Command,16,239,0,10,7,272,2,2,0,1,0,1,2,0,0,1,0,1,0,0,0,0,0,0,2,4.71,1,0,0
Augury Adept,12,172,60,14,25,283,2,2,0,1,2,1,3,0,0,1,0,0,0,0,0,1,0,0,2,0.7,0,0,0
Auntie's Hovel,14,185,85,14,4,302,0,2,-2,1,0,1,0,0,0,1,0,0,0,0,0,0,1,0,0,2.5,1,0,0
Auntie's Snitch,15,311,0,11,23,360,1,1,0,1,2,1,3,0,0,1,0,0,0,0,0,1,0,0,1,0.33,0,0,0
Auriok Champion,15,105,130,14,23,287,1,1,0,1,2,1,2,0,0,1,0,0,0,0,0,1,0,0,2,15.82,1,1,1
Auriok Steelshaper,18,144,70,11,24,267,1,1,0,1,2,1,2,0,0,1,0,0,0,0,0,1,0,0,1,1.3,1,0,0
Auriok Windwalker,17,79,133,13,23,265,1,1,0,1,2,1,4,0,0,1,0,0,0,0,0,1,0,0,1,0.47,0,0,0
Austere Command,15,188,0,13,7,223,1,1,0,1,0,1,6,0,0,1,0,0,1,0,0,0,0,0,2,8.73,1,1,0
Authority of the Consuls,24,151,82,12,11,280,1,1,0,1,0,1,1,0,0,1,0,0,0,1,0,0,0,0,1,2.49,1,0,0
Autochthon Wurm,15,156,110,17,15,313,2,2,0,1,1,1,15,0,0,1,0,0,0,0,0,1,0,0,5,0.74,0,0,0
Avacyn  Guardian Angel,22,258,0,13,26,319,1,1,0,1,1,1,5,0,0,1,1,0,0,0,0,1,0,0,3,0.67,0,0,0
Avacyn's Judgment,17,378,0,20,7,422,1,1,0,1,0,1,2,0,0,1,0,0,1,0,0,0,0,0,1,0.42,0,0,0
Avalanche Tusker,16,107,79,12,27,241,3,3,0,1,2,1,5,0,0,1,0,0,0,0,0,1,0,0,3,0.28,0,0,0
Avarice Amulet,14,261,24,15,20,334,0,0,0,1,1,1,4,0,0,1,0,0,0,0,1,0,0,0,0,0.33,0,0,0
Avatar of Discord,17,140,82,7,17,263,2,2,0,1,1,1,3,0,0,1,0,0,0,0,0,1,0,0,3,1.26,1,0,0
Avatar of Hope,14,123,0,8,17,162,1,1,0,1,1,1,8,0,0,1,0,0,0,0,0,1,0,0,2,0.6,0,0,0
Avatar of Might,15,209,78,7,17,326,1,1,0,1,1,1,8,0,0,1,0,0,0,0,0,1,0,0,2,0.73,0,0,0
Avatar of the Resolute,22,151,69,12,17,271,1,1,0,1,1,1,2,0,0,1,0,0,0,0,0,1,0,0,2,1.78,1,0,0
Aven Mimeomancer,16,209,67,13,22,327,2,2,0,1,2,1,3,0,0,1,0,0,0,0,0,1,0,0,2,0.47,0,0,0
Aven Mindcensor,15,116,86,14,22,253,1,1,0,1,2,1,3,0,0,1,0,0,0,0,0,1,0,0,1,0.68,0,0,0
Awaken the Ancient,18,94,85,11,18,226,1,1,0,1,1,1,4,0,0,1,0,0,0,1,0,0,0,0,3,0.43,0,0,0
Awakening Zone,14,154,77,12,11,268,1,1,0,1,0,1,3,0,0,1,0,0,0,1,0,0,0,0,1,3.1,1,0,0
Awoken Horror,13,105,136,15,24,293,1,1,0,1,2,1,2,0,0,1,0,0,0,0,0,1,0,0,0,2.99,1,0,0
Ayli  Eternal Pilgrim,21,266,0,16,31,334,2,2,0,1,2,1,2,0,0,1,1,0,0,0,0,1,0,0,2,0.61,0,0,0
Ayumi  the Last Visitor,23,106,174,7,27,337,1,1,0,1,1,1,5,0,0,1,1,0,0,0,0,1,0,0,2,0.54,0,0,0
Azami  Lady of Scrolls,22,48,192,6,33,301,1,1,0,1,2,1,5,0,0,1,1,0,0,0,0,1,0,0,3,1.15,1,0,0
Azcanta  the Sunken Ruin,24,269,0,17,14,324,0,1,-1,1,0,1,2,0,0,1,1,0,0,0,0,0,1,0,0,17.07,1,1,1
Azor's Elocutors,16,255,0,13,24,308,2,2,0,1,2,1,5,0,0,1,0,0,0,0,0,1,0,0,2,0.32,0,0,0
Azusa  Lost but Seeking,23,56,143,13,31,266,1,1,0,1,2,1,3,0,0,1,1,0,0,0,0,1,0,0,1,49.99,1,1,1
Back from the Brink,19,169,44,15,11,258,1,1,0,1,0,1,6,0,0,1,0,0,0,1,0,0,0,0,2,0.29,0,0,0
Baku Altar,10,176,0,20,8,214,0,0,0,1,0,1,2,0,0,1,0,0,0,0,1,0,0,0,0,0.38,0,0,0
Bala Ged Thief,14,242,0,12,27,295,1,1,0,1,3,1,4,0,0,1,0,0,0,0,0,1,0,0,1,0.4,0,0,0
Balance of Power,16,87,61,8,7,179,1,1,0,1,0,1,5,0,0,1,0,0,1,0,0,0,0,0,2,0.39,0,0,0
Balefire Liege,14,216,0,13,24,267,2,2,0,1,2,1,5,0,0,1,0,0,0,0,0,1,0,0,3,6.64,1,1,0
Ball Lightning,14,247,0,14,20,295,1,1,0,1,1,1,3,0,0,1,0,0,0,0,0,1,0,0,3,2.35,1,0,0
Banefire,8,158,79,16,7,268,1,1,0,1,0,1,1,0,0,1,0,0,1,0,0,0,0,0,1,1.24,1,0,0
Baneful Omen,12,157,42,13,11,235,1,1,0,1,0,1,7,0,0,1,0,0,0,1,0,0,0,0,3,0.4,0,0,0
Baral  Chief of Compliance,26,164,42,11,33,276,1,1,0,1,2,1,2,0,0,1,1,0,0,0,0,1,0,0,1,4.27,1,0,0
Baral's Expertise,17,176,20,13,7,233,1,1,0,1,0,1,5,0,0,1,0,0,1,0,0,0,0,0,2,0.49,0,0,0
Barrage Tyrant,14,177,29,12,18,250,0,1,-1,1,1,1,5,0,0,1,0,0,0,0,0,1,0,0,1,0.29,0,0,0
Barren Glory,12,130,102,12,11,267,1,1,0,1,0,1,6,0,0,1,0,0,0,1,0,0,0,0,2,0.47,0,0,0
Baru  Fist of Krosa,19,259,0,14,32,324,1,1,0,1,2,1,5,0,0,1,1,0,0,0,0,1,0,0,2,0.7,0,0,0
Basilisk Collar,15,56,114,11,20,216,0,0,0,1,1,1,1,0,0,1,0,0,0,0,1,0,0,0,0,4.61,1,0,0
Battle at the Bridge,20,195,48,12,7,282,1,1,0,1,0,1,1,0,0,1,0,0,1,0,0,0,0,0,1,0.47,0,0,0
Battle of Wits,14,97,103,20,11,245,1,1,0,1,0,1,5,0,0,1,0,0,0,1,0,0,0,0,2,0.35,0,0,0
Battle of Wits,14,97,59,10,11,191,1,1,0,1,0,1,5,0,0,1,0,0,0,1,0,0,0,0,2,0.35,0,0,0
Battlefield Forge,17,111,0,13,4,145,0,2,-2,1,0,1,0,0,0,1,0,0,0,0,0,0,1,0,0,0.81,0,0,0
Battlefield Forge,17,111,0,13,4,145,0,2,-2,1,0,1,0,0,0,1,0,0,0,0,0,0,1,0,0,0.87,0,0,0
Battlefield Forge,17,111,0,13,4,145,0,2,-2,1,0,1,0,0,0,1,0,0,0,0,0,0,1,0,0,1.58,1,0,0
Battlefield Forge,17,111,0,13,4,145,0,2,-2,1,0,1,0,0,0,1,0,0,0,0,0,0,1,0,0,1.61,1,0,0
Battlefield Thaumaturge,23,223,0,9,23,278,1,1,0,1,2,1,2,0,0,1,0,0,0,0,0,1,0,0,1,0.36,0,0,0
Battlegrace Angel,17,191,0,12,16,236,1,1,0,1,1,1,5,0,0,1,0,0,0,0,0,1,0,0,2,0.76,0,0,0
Battletide Alchemist,20,122,134,14,25,315,1,1,0,1,2,1,5,0,0,1,0,0,0,0,0,1,0,0,2,0.77,0,0,0
Bazaar Trader,13,83,126,12,17,251,1,1,0,1,1,1,2,0,0,1,0,0,0,0,0,1,0,0,1,0.96,0,0,0
Beacon of Creation,18,122,61,10,7,218,1,1,0,1,0,1,4,0,0,1,0,0,1,0,0,0,0,0,1,2.83,1,0,0
Beacon of Destruction,21,122,92,16,7,258,1,1,0,1,0,1,5,0,0,1,0,1,0,0,0,0,0,0,2,0.47,0,0,0
Beacon of Destruction,21,122,92,16,7,258,1,1,0,1,0,1,5,0,0,1,0,1,0,0,0,0,0,0,2,0.47,0,0,0
Beacon of Immortality,21,90,74,13,7,205,1,1,0,1,0,1,6,0,0,1,0,1,0,0,0,0,0,0,1,7.43,1,1,0
Beacon of Immortality,21,90,74,13,7,205,1,1,0,1,0,1,6,0,0,1,0,1,0,0,0,0,0,0,1,7.59,1,1,0
Beacon of Tomorrows,19,103,54,13,7,196,1,1,0,1,0,1,8,0,0,1,0,0,1,0,0,0,0,0,2,4.44,1,0,0
Beacon of Unrest,16,145,75,12,7,255,1,1,0,1,0,1,5,0,0,1,0,0,1,0,0,0,0,0,2,2.69,1,0,0
Beacon of Unrest,16,145,75,12,7,255,1,1,0,1,0,1,5,0,0,1,0,0,1,0,0,0,0,0,2,2.82,1,0,0
Bear Umbra,10,230,0,11,18,269,1,1,0,1,1,1,4,0,0,1,0,0,0,1,0,0,0,0,2,6.99,1,1,0
Bearer of Silence,17,206,0,14,18,255,0,1,-1,1,1,1,2,0,0,1,0,0,0,0,0,1,0,0,1,0.34,0,0,0
Bearer of the Heavens,21,94,77,18,16,226,1,1,0,1,1,1,8,0,0,1,0,0,0,0,0,1,0,0,1,0.38,0,0,0
Beast of Burden,15,99,42,6,25,187,0,0,0,2,1,1,6,0,0,1,0,0,0,0,1,1,0,0,0,0.39,0,0,0
Beast of Burden,15,99,100,6,25,245,0,0,0,2,1,1,6,0,0,1,0,0,0,0,1,1,0,0,0,0.41,0,0,0
Beastcaller Savant,18,102,55,15,26,216,1,1,0,1,3,1,2,0,0,1,0,0,0,0,0,1,0,0,1,0.36,0,0,0
Beastmaster Ascension,21,200,0,22,11,254,1,1,0,1,0,1,3,0,0,1,0,0,0,1,0,0,0,0,1,1.42,1,0,0
Bedlam Reveler,14,269,0,13,23,319,1,1,0,1,2,1,8,0,0,1,0,0,0,0,0,1,0,0,2,0.91,0,0,0
Benalish Commander,18,492,0,13,24,547,1,1,0,1,2,1,4,0,0,1,0,0,0,0,0,1,0,0,1,1.35,1,0,0
Ben-Ben  Akki Hermit,20,122,140,12,34,328,1,1,0,1,2,1,4,0,0,1,1,0,0,0,0,1,0,0,2,0.42,0,0,0
Berserkers' Onslaught,21,51,175,12,11,270,1,1,0,1,0,1,5,0,0,1,0,0,0,1,0,0,0,0,2,0.45,0,0,0
Bident of Thassa,16,157,54,13,30,270,1,1,0,2,0,1,4,0,0,1,1,0,0,1,1,0,0,0,2,0.32,0,0,0
Biomantic Mastery,17,120,114,9,7,267,2,2,0,1,0,1,7,0,0,1,0,0,1,0,0,0,0,0,3,0.45,0,0,0
Biomass Mutation,16,74,130,9,7,236,2,2,0,1,0,1,2,0,0,1,0,1,0,0,0,0,0,0,2,0.27,0,0,0
Bioplasm,8,194,0,10,15,227,1,1,0,1,1,1,5,0,0,1,0,0,0,0,0,1,0,0,2,0.34,0,0,0
Biorhythm,9,76,74,10,7,176,1,1,0,1,0,1,8,0,0,1,0,0,1,0,0,0,0,0,2,0.59,0,0,0
Biovisionary,12,109,148,11,23,303,2,2,0,1,2,1,3,0,0,1,0,0,0,0,0,1,0,0,2,0.39,0,0,0
Birds of Paradise,17,56,104,15,15,207,1,1,0,1,1,1,1,0,0,1,0,0,0,0,0,1,0,0,1,6.4,1,1,0
Birds of Paradise,17,56,104,15,15,207,1,1,0,1,1,1,1,0,0,1,0,0,0,0,0,1,0,0,1,6.41,1,1,0
Birds of Paradise,17,56,119,15,15,222,1,1,0,1,1,1,1,0,0,1,0,0,0,0,0,1,0,0,1,6.65,1,1,0
Birds of Paradise,17,56,84,15,15,187,1,1,0,1,1,1,1,0,0,1,0,0,0,0,0,1,0,0,1,6.9,1,1,0
Birds of Paradise,17,56,0,15,15,103,1,1,0,1,1,1,1,0,0,1,0,0,0,0,0,1,0,0,1,7.12,1,1,0
Birds of Paradise,17,56,0,20,15,108,1,1,0,1,1,1,1,0,0,1,0,0,0,0,0,1,0,0,1,7.43,1,1,0
Birthing Pod,12,336,0,7,8,363,1,1,0,1,0,1,4,0,0,1,0,0,0,0,1,0,0,0,1,7.79,1,1,0
Bishop of Rebirth,17,156,64,12,25,274,1,1,0,1,2,1,5,0,0,1,0,0,0,0,0,1,0,0,2,0.39,0,0,0
Bitter Ordeal,13,242,0,7,7,269,1,1,0,1,0,1,3,0,0,1,0,0,1,0,0,0,0,0,1,7.53,1,1,0
Bitterblossom,13,112,142,12,27,306,1,1,0,2,1,1,2,0,0,1,0,0,0,1,0,0,0,0,1,35.67,1,1,1
Black Sun's Zenith,18,91,86,16,7,218,1,1,0,1,0,1,2,0,0,1,0,0,1,0,0,0,0,0,2,3.99,1,0,0
Blackcleave Cliffs,18,132,119,12,4,285,0,2,-2,1,0,1,0,0,0,1,0,0,0,0,0,0,1,0,0,20.05,1,1,1
Blade of the Bloodchief,23,150,0,9,20,202,0,0,0,1,1,1,1,0,0,1,0,0,0,0,1,0,0,0,0,2.59,1,0,0
Blade Splicer,13,143,0,12,26,194,1,1,0,1,2,1,3,0,0,1,0,0,0,0,0,1,0,0,1,1.58,1,0,0
Blasphemous Act,15,126,120,7,7,275,1,1,0,1,0,1,9,0,0,1,0,0,1,0,0,0,0,0,1,3.04,1,0,0
Blazing Archon,14,34,178,29,17,272,1,1,0,1,1,1,9,0,0,1,0,0,0,0,0,1,0,0,3,1.61,1,0,0
Blazing Shoal,13,155,0,10,16,194,1,1,0,1,1,1,2,0,0,1,0,1,0,0,0,0,0,0,2,1.43,1,0,0
Blessed Reincarnation,21,411,0,10,7,449,1,1,0,1,0,1,4,0,0,1,0,1,0,0,0,0,0,0,1,0.33,0,0,0
Blessed Reversal,16,48,37,19,7,127,1,1,0,1,0,1,2,0,0,1,0,1,0,0,0,0,0,0,1,0.41,0,0,0
Blight Herder,13,244,0,13,28,298,0,0,0,1,2,1,5,0,0,1,0,0,0,0,0,1,0,0,0,0.34,0,0,0
Blind Obedience,15,198,93,12,11,329,1,1,0,1,0,1,2,0,0,1,0,0,0,1,0,0,0,0,1,1.05,1,0,0
Blinding Angel,14,186,64,13,16,293,1,1,0,1,1,1,5,0,0,1,0,0,0,0,0,1,0,0,2,2.21,1,0,0
Blinding Angel,14,186,64,13,16,293,1,1,0,1,1,1,5,0,0,1,0,0,0,0,0,1,0,0,2,2.37,1,0,0
Blinking Spirit,15,48,72,14,17,166,1,1,0,1,1,1,4,0,0,1,0,0,0,0,0,1,0,0,1,0.35,0,0,0
Blinkmoth Infusion,18,110,19,12,7,166,1,1,0,1,0,1,14,0,0,1,0,1,0,0,0,0,0,0,2,0.35,0,0,0
Blinkmoth Nexus,15,210,0,12,4,241,0,0,0,1,0,1,0,0,0,1,0,0,0,0,0,0,1,0,0,6.25,1,1,0
Blinkmoth Urn,13,168,64,12,8,265,0,0,0,1,0,1,5,0,0,1,0,0,0,0,1,0,0,0,0,1.51,1,0,0
Blitz Hellion,13,107,121,17,18,276,2,2,0,1,1,1,5,0,0,1,0,0,0,0,0,1,0,0,2,0.35,0,0,0
Blood Clock,11,142,60,14,8,235,0,0,0,1,0,1,4,0,0,1,0,0,0,0,1,0,0,0,0,0.51,0,0,0
Blood Crypt,11,156,54,13,21,255,0,2,-2,1,2,1,0,0,0,1,0,0,0,0,0,0,1,0,0,9.95,1,1,0
Blood Crypt,11,156,0,13,21,201,0,2,-2,1,2,1,0,0,0,1,0,0,0,0,0,0,1,0,0,14.24,1,1,1
Blood Funnel,12,141,0,14,11,178,1,1,0,1,0,1,2,0,0,1,0,0,0,1,0,0,0,0,1,0.42,0,0,0
Blood Moon,10,29,78,15,11,143,1,1,0,1,0,1,3,0,0,1,0,0,0,1,0,0,0,0,1,22.46,1,1,1
Blood Moon,10,29,78,15,11,143,1,1,0,1,0,1,3,0,0,1,0,0,0,1,0,0,0,0,1,23.09,1,1,1
Blood Scrivener,15,97,35,16,24,187,1,1,0,1,2,1,2,0,0,1,0,0,0,0,0,1,0,0,1,0.36,0,0,0
Blood Tribute,13,266,0,22,7,308,1,1,0,1,0,1,6,0,0,1,0,0,1,0,0,0,0,0,2,0.74,0,0,0
Blood Tyrant,12,216,0,13,18,259,3,3,0,1,1,1,7,0,0,1,0,0,0,0,0,1,0,0,3,0.5,0,0,0
Bloodbond March,15,150,79,10,11,265,2,2,0,1,0,1,4,0,0,1,0,0,0,1,0,0,0,0,2,0.46,0,0,0
Bloodchief Ascension,20,360,0,10,11,401,1,1,0,1,0,1,1,0,0,1,0,0,0,1,0,0,0,0,1,7.75,1,1,0
Blood-Chin Fanatic,18,135,93,13,22,281,1,1,0,1,2,1,3,0,0,1,0,0,0,0,0,1,0,0,2,0.35,0,0,0
Bloodcrazed Paladin,19,114,118,7,25,283,1,1,0,1,2,1,2,0,0,1,0,0,0,0,0,1,0,0,1,0.5,0,0,0
Bloodfire Colossus,18,102,52,12,16,200,1,1,0,1,1,1,8,0,0,1,0,0,0,0,0,1,0,0,2,0.33,0,0,0
Bloodfire Colossus,18,102,52,12,16,200,1,1,0,1,1,1,8,0,0,1,0,0,0,0,0,1,0,0,2,0.35,0,0,0
Bloodghast,10,224,0,7,25,266,1,1,0,1,2,1,2,0,0,1,0,0,0,0,0,1,0,0,2,13.14,1,1,1
Bloodgift Demon,15,84,101,16,16,232,1,1,0,1,1,1,5,0,0,1,0,0,0,0,0,1,0,0,2,0.83,0,0,0
Bloodhall Ooze,14,227,46,11,15,313,1,1,0,1,1,1,1,0,0,1,0,0,0,0,0,1,0,0,1,0.68,0,0,0
Bloodhall Priest,16,294,0,12,25,347,2,2,0,1,2,1,4,0,0,1,0,0,0,0,0,1,0,0,2,0.38,0,0,0
Bloodletter Quill,17,185,0,9,8,219,0,2,-2,1,0,1,3,0,0,1,0,0,0,0,1,0,0,0,0,0.34,0,0,0
Bloodline Keeper,16,164,0,10,18,208,1,1,0,1,1,1,4,0,0,1,0,0,0,0,0,1,0,0,2,12.65,1,1,1
Bloodshot Cyclops,17,128,57,11,24,237,1,1,0,1,2,1,6,0,0,1,0,0,0,0,0,1,0,0,1,0.41,0,0,0
Bloodsoaked Champion,20,186,54,12,24,296,1,1,0,1,2,1,1,0,0,1,0,0,0,0,0,1,0,0,1,0.5,0,0,0
Bloodstained Mire,17,154,53,7,4,235,0,0,0,1,0,1,0,0,0,1,0,0,0,0,0,0,1,0,0,17.78,1,1,1
Bloom Tender,12,95,61,6,20,194,1,1,0,1,2,1,2,0,0,1,0,0,0,0,0,1,0,0,1,28.52,1,1,1
Blooming Marsh,14,128,61,13,4,220,0,2,-2,1,0,1,0,0,0,1,0,0,0,0,0,0,1,0,0,5.49,1,1,0
Bludgeon Brawl,14,155,0,10,11,190,1,1,0,1,0,1,3,0,0,1,0,0,0,1,0,0,0,0,1,0.35,0,0,0
Blue Sun's Zenith,17,80,98,4,7,206,1,1,0,1,0,1,3,0,0,1,0,1,0,0,0,0,0,0,3,1.04,1,0,0
Boartusk Liege,14,95,113,13,24,259,2,2,0,1,2,1,4,0,0,1,0,0,0,0,0,1,0,0,3,4.44,1,0,0
Body Double,11,93,78,14,23,219,1,1,0,1,1,1,5,0,0,1,0,0,0,0,0,1,0,0,1,1.17,1,0,0
Bogardan Hellkite,17,152,0,16,17,202,1,1,0,1,1,1,8,0,0,1,0,0,0,0,0,1,0,0,2,0.91,0,0,0
Bogbrew Witch,13,146,53,14,23,249,1,1,0,1,2,1,4,0,0,1,0,0,0,0,0,1,0,0,1,0.41,0,0,0
Boggart Mob,11,302,0,14,25,352,1,1,0,1,2,1,4,0,0,1,0,0,0,0,0,1,0,0,1,0.6,0,0,0
Boldwyr Heavyweights,20,225,69,14,24,352,1,1,0,1,2,1,4,0,0,1,0,0,0,0,0,1,0,0,2,0.53,0,0,0
Boltwing Marauder,17,121,99,16,17,270,2,2,0,1,1,1,5,0,0,1,0,0,0,0,0,1,0,0,2,0.34,0,0,0
Bomat Courier,13,222,0,16,29,280,0,1,-1,2,1,1,1,0,0,1,0,0,0,0,1,1,0,0,0,1.11,1,0,0
Bonehoard,9,222,0,6,20,257,0,0,0,1,1,1,4,0,0,1,0,0,0,0,1,0,0,0,0,0.32,0,0,0
Bonescythe Sliver,17,105,97,14,17,250,1,1,0,1,1,1,4,0,0,1,0,0,0,0,0,1,0,0,1,1.75,1,0,0
Bontu's Last Reckoning,22,81,76,20,7,206,1,1,0,1,0,1,3,0,0,1,0,0,1,0,0,0,0,0,2,2.88,1,0,0
Booby Trap,10,294,0,12,8,324,0,0,0,1,0,1,6,0,0,1,0,0,0,0,1,0,0,0,0,0.5,0,0,0
Boon Reflection,15,62,104,28,11,220,1,1,0,1,0,1,5,0,0,1,0,0,0,1,0,0,0,0,1,7.11,1,1,0
Boon Satyr,10,204,0,11,28,253,1,1,0,2,1,1,3,0,0,1,0,0,0,1,0,1,0,0,2,0.35,0,0,0
Borborygmos,11,111,118,13,28,281,2,2,0,1,1,1,7,0,0,1,1,0,0,0,0,1,0,0,4,0.64,0,0,0
Borderland Behemoth,19,72,36,13,24,164,1,1,0,1,2,1,7,0,0,1,0,0,0,0,0,1,0,0,2,0.52,0,0,0
Boros Battleshaper,18,161,89,12,27,307,2,2,0,1,2,1,7,0,0,1,0,0,0,0,0,1,0,0,2,0.29,0,0,0
Boros Reckoner,14,156,98,11,26,305,2,2,0,1,2,1,3,0,0,1,0,0,0,0,0,1,0,0,3,0.9,0,0,0
Boseiju  Who Shelters All,25,208,0,13,14,260,0,0,0,1,0,1,0,0,0,1,1,0,0,0,0,0,1,0,0,16.96,1,1,1
Bosh  Iron Golem,16,153,112,4,35,320,0,1,-1,2,1,1,8,0,0,1,1,0,0,0,1,1,0,0,0,0.38,0,0,0
Botanical Sanctum,17,131,54,14,4,220,0,2,-2,1,0,1,0,0,0,1,0,0,0,0,0,0,1,0,0,9.69,1,1,0
Bottled Cloister,16,204,0,12,8,240,0,0,0,1,0,1,4,0,0,1,0,0,0,0,1,0,0,0,0,0.68,0,0,0
Boundless Realms,16,162,87,12,7,284,1,1,0,1,0,1,7,0,0,1,0,0,1,0,0,0,0,0,1,3.11,1,0,0
Bounteous Kirin,15,111,131,10,33,300,1,1,0,1,2,1,7,0,0,1,1,0,0,0,0,1,0,0,2,0.4,0,0,0
Bounty of the Luxa,18,238,0,11,11,278,2,2,0,1,0,1,4,0,0,1,0,0,0,1,0,0,0,0,2,0.37,0,0,0
Bow of Nylea,12,291,0,13,30,346,1,1,0,2,0,1,3,0,0,1,1,0,0,1,1,0,0,0,2,1.79,1,0,0
Braid of Fire,13,194,61,20,11,299,1,1,0,1,0,1,2,0,0,1,0,0,0,1,0,0,0,0,1,9.96,1,1,0
Braids  Conjurer Adept,22,140,117,29,33,341,1,1,0,1,2,1,4,0,0,1,1,0,0,0,0,1,0,0,2,2.79,1,0,0
Brain in a Jar,14,285,0,16,8,323,0,0,0,1,0,1,2,0,0,1,0,0,0,0,1,0,0,0,0,0.41,0,0,0
Brass Herald,12,320,0,11,25,368,0,0,0,2,1,1,6,0,0,1,0,0,0,0,1,1,0,0,0,0.5,0,0,0
Breath of Fury,14,253,0,10,18,295,1,1,0,1,1,1,4,0,0,1,0,0,0,1,0,0,0,0,2,0.58,0,0,0
Breeding Pool,13,160,58,11,20,262,0,2,-2,1,2,1,0,0,0,1,0,0,0,0,0,0,1,0,0,12.39,1,1,1
Breeding Pool,13,160,0,13,20,206,0,2,-2,1,2,1,0,0,0,1,0,0,0,0,0,0,1,0,0,17.99,1,1,1
Bribery,7,157,73,15,7,259,1,1,0,1,0,1,5,0,0,1,0,0,1,0,0,0,0,0,2,19.43,1,1,1
Bridge from Below,17,304,0,22,11,354,1,1,0,1,0,1,3,0,0,1,0,0,0,1,0,0,0,0,3,8.1,1,1,0
Brightflame,11,159,56,11,7,244,2,2,0,1,0,1,4,0,0,1,0,0,1,0,0,0,0,0,4,0.54,0,0,0
Brigid  Hero of Kinsbaile,25,121,107,14,35,302,1,1,0,1,2,1,4,0,0,1,1,0,0,0,0,1,0,0,2,0.81,0,0,0
Brilliant Ultimatum,19,181,84,17,7,308,3,3,0,1,0,1,7,0,0,1,0,0,1,0,0,0,0,0,7,0.38,0,0,0
Bring to Light,14,274,0,11,7,306,2,2,0,1,0,1,5,0,0,1,0,0,1,0,0,0,0,0,2,0.42,0,0,0
Bringer of the Black Dawn,25,244,0,14,18,301,1,5,-4,1,1,1,9,0,0,1,0,0,0,0,0,1,0,0,2,2.25,1,0,0
Bringer of the Blue Dawn,24,146,0,12,18,200,1,5,-4,1,1,1,9,0,0,1,0,0,0,0,0,1,0,0,2,2.56,1,0,0
Bringer of the Green Dawn,25,172,0,10,18,225,1,5,-4,1,1,1,9,0,0,1,0,0,0,0,0,1,0,0,2,0.93,0,0,0
Bringer of the Red Dawn,23,238,0,19,18,298,1,5,-4,1,1,1,9,0,0,1,0,0,0,0,0,1,0,0,2,1.1,1,0,0
Bringer of the White Dawn,25,199,0,10,18,252,1,5,-4,1,1,1,9,0,0,1,0,0,0,0,0,1,0,0,2,1.23,1,0,0
Brion Stoutarm,14,153,0,29,34,230,2,2,0,1,2,1,4,0,0,1,1,0,0,0,0,1,0,0,2,0.77,0,0,0
Bristling Hydra,15,179,0,10,16,220,1,1,0,1,1,1,4,0,0,1,0,0,0,0,0,1,0,0,2,1.35,1,0,0
Brittle Effigy,14,54,109,9,8,194,0,0,0,1,0,1,1,0,0,1,0,0,0,0,1,0,0,0,0,0.45,0,0,0
Bronze Bombshell,16,156,91,17,29,309,0,0,0,2,1,1,4,0,0,1,0,0,0,0,1,1,0,0,0,1.3,1,0,0
Brood Butcher,13,265,0,7,24,309,0,2,-2,1,2,1,5,0,0,1,0,0,0,0,0,1,0,0,2,0.29,0,0,0
Brooding Saurian,16,103,157,7,17,300,1,1,0,1,1,1,4,0,0,1,0,0,0,0,0,1,0,0,2,0.44,0,0,0
Broodmate Dragon,16,104,108,12,17,257,3,3,0,1,1,1,6,0,0,1,0,0,0,0,0,1,0,0,3,0.85,0,0,0
Broodstar,9,183,0,10,16,218,1,1,0,1,1,1,10,0,0,1,0,0,0,0,0,1,0,0,2,0.58,0,0,0
Bruna  the Fading Light,23,186,36,13,33,291,1,1,0,1,2,1,7,0,0,1,1,0,0,0,0,1,0,0,2,1.11,1,0,0
Brushland,9,103,0,12,4,128,0,2,-2,1,0,1,0,0,0,1,0,0,0,0,0,0,1,0,0,8.34,1,1,0
Brushland,9,103,0,12,4,128,0,2,-2,1,0,1,0,0,0,1,0,0,0,0,0,0,1,0,0,10.85,1,1,1
Brutal Expulsion,16,255,0,20,7,298,0,2,-2,1,0,1,4,0,0,1,0,1,0,0,0,0,0,0,2,0.32,0,0,0
Budoka Gardener,15,121,0,10,21,167,1,1,0,1,2,1,2,0,0,1,0,0,0,0,0,1,0,0,1,3,1,0,0
Burn at the Stake,17,220,0,12,7,256,1,1,0,1,0,1,5,0,0,1,0,0,1,0,0,0,0,0,3,0.51,0,0,0
Burn from Within,16,200,0,11,7,234,1,1,0,1,0,1,1,0,0,1,0,0,1,0,0,0,0,0,1,0.35,0,0,0
Burning Anger,13,122,58,15,18,226,1,1,0,1,1,1,5,0,0,1,0,0,0,1,0,0,0,0,1,0.31,0,0,0
Burning Earth,13,93,110,7,11,234,1,1,0,1,0,1,4,0,0,1,0,0,0,1,0,0,0,0,1,0.38,0,0,0
Burning Sun's Avatar,20,129,120,12,26,307,1,1,0,1,2,1,6,0,0,1,0,0,0,0,0,1,0,0,3,0.39,0,0,0
Burning-Tree Shaman,19,116,170,9,25,339,2,2,0,1,2,1,3,0,0,1,0,0,0,0,0,1,0,0,2,1.3,1,0,0
Butcher of Malakir,18,109,59,10,26,222,1,1,0,1,2,1,7,0,0,1,0,0,0,0,0,1,0,0,2,0.48,0,0,0
Butcher of the Horde,20,125,0,13,16,174,3,3,0,1,1,1,4,0,0,1,0,0,0,0,0,1,0,0,3,0.35,0,0,0
Bygone Bishop,13,181,0,14,24,232,1,1,0,1,2,1,3,0,0,1,0,0,0,0,0,1,0,0,1,0.5,0,0,0
Cackling Counterpart,20,164,0,12,7,203,1,1,0,1,0,1,3,0,0,1,0,1,0,0,0,0,0,0,2,0.4,0,0,0
Caged Sun,9,249,0,10,8,276,0,0,0,1,0,1,6,0,0,1,0,0,0,0,1,0,0,0,0,7.97,1,1,0
Cairn Wanderer,14,277,0,9,23,323,1,1,0,1,1,1,5,0,0,1,0,0,0,0,0,1,0,0,1,2.17,1,0,0
Caldera Hellion,15,240,0,16,18,289,1,1,0,1,1,1,5,0,0,1,0,0,0,0,0,1,0,0,2,0.4,0,0,0
Call for Unity,14,218,65,21,11,329,1,1,0,1,0,1,5,0,0,1,0,0,0,1,0,0,0,0,2,0.3,0,0,0
Call of the Wild,16,140,71,13,11,251,1,1,0,1,0,1,4,0,0,1,0,0,0,1,0,0,0,0,2,0.36,0,0,0
Call the Gatewatch,18,109,161,15,7,310,1,1,0,1,0,1,3,0,0,1,0,0,1,0,0,0,0,0,1,0.37,0,0,0
Call the Skybreaker,19,181,52,14,7,273,2,2,0,1,0,1,7,0,0,1,0,0,1,0,0,0,0,0,2,0.4,0,0,0
Call to the Grave,17,190,0,7,11,225,1,1,0,1,0,1,5,0,0,1,0,0,0,1,0,0,0,0,1,1,1,0,0
Call to the Kindred,19,311,0,14,18,362,1,1,0,1,1,1,4,0,0,1,0,0,0,1,0,0,0,0,1,0.47,0,0,0
Candles of Leng,15,151,97,12,8,283,0,0,0,1,0,1,2,0,0,1,0,0,0,0,1,0,0,0,0,0.39,0,0,0
Canopy Vista,12,127,152,13,20,324,0,2,-2,1,2,1,0,0,0,1,0,0,0,0,0,0,1,0,0,1.55,1,0,0
Canyon Slough,13,136,0,12,21,182,0,2,-2,1,2,1,0,0,0,1,0,0,0,0,0,0,1,0,0,2.24,1,0,0
Capricious Efreet,17,166,56,12,17,268,1,1,0,1,1,1,6,0,0,1,0,0,0,0,0,1,0,0,2,0.36,0,0,0
Captain Lannery Storm,21,257,0,12,33,323,1,1,0,1,2,1,3,0,0,1,1,0,0,0,0,1,0,0,1,0.71,0,0,0
Captain of the Mists,20,145,90,14,23,292,1,1,0,1,2,1,3,0,0,1,0,0,0,0,0,1,0,0,1,0.34,0,0,0
Captain of the Watch,20,221,0,12,24,277,1,1,0,1,2,1,6,0,0,1,0,0,0,0,0,1,0,0,2,0.65,0,0,0
Captain of the Watch,20,221,0,12,24,277,1,1,0,1,2,1,6,0,0,1,0,0,0,0,0,1,0,0,2,0.82,0,0,0
Captain's Claws,15,147,40,15,20,237,0,0,0,1,1,1,2,0,0,1,0,0,0,0,1,0,0,0,0,0.43,0,0,0
Captivating Crew,16,196,37,13,23,285,1,1,0,1,2,1,4,0,0,1,0,0,0,0,0,1,0,0,1,0.39,0,0,0
Captivating Vampire,19,172,0,14,18,223,1,1,0,1,1,1,3,0,0,1,0,0,0,0,0,1,0,0,2,4.52,1,0,0
Captured by the Consulate,25,179,45,14,18,281,1,1,0,1,1,1,4,0,0,1,0,0,0,1,0,0,0,0,1,0.27,0,0,0
Carnifex Demon,14,168,27,14,16,239,1,1,0,1,1,1,6,0,0,1,0,0,0,0,0,1,0,0,2,0.48,0,0,0
Carnival Hellsteed,18,162,55,11,26,272,2,2,0,1,2,1,6,0,0,1,0,0,0,0,0,1,0,0,2,0.31,0,0,0
Cascade Bluffs,14,92,80,17,4,207,0,2,-2,1,0,1,0,0,0,1,0,0,0,0,0,0,1,0,0,22.98,1,1,1
Cascading Cataracts,19,118,84,12,4,237,0,0,0,1,0,1,0,0,0,1,0,0,0,0,0,0,1,0,0,0.62,0,0,0
Cathars' Crusade,16,112,108,13,11,260,1,1,0,1,0,1,5,0,0,1,0,0,0,1,0,0,0,0,2,2.68,1,0,0
Cathedral of War,16,180,0,12,4,212,0,0,0,1,0,1,0,0,0,1,0,0,0,0,0,0,1,0,0,1.4,1,0,0
Cauldron of Souls,17,234,0,9,8,268,0,0,0,1,0,1,5,0,0,1,0,0,0,0,1,0,0,0,0,3.75,1,0,0
Cavern of Souls,15,249,0,12,4,280,0,0,0,1,0,1,0,0,0,1,0,0,0,0,0,0,1,0,0,58.61,1,1,1
Caves of Koilos,15,109,0,10,4,138,0,2,-2,1,0,1,0,0,0,1,0,0,0,0,0,0,1,0,0,0.83,0,0,0
Caves of Koilos,15,109,0,10,4,138,0,2,-2,1,0,1,0,0,0,1,0,0,0,0,0,0,1,0,0,0.86,0,0,0
Caves of Koilos,15,109,0,10,4,138,0,2,-2,1,0,1,0,0,0,1,0,0,0,0,0,0,1,0,0,1.95,1,0,0
Caves of Koilos,15,109,0,10,4,138,0,2,-2,1,0,1,0,0,0,1,0,0,0,0,0,0,1,0,0,2,1,0,0
Celestial Ancient,17,96,115,10,20,258,1,1,0,1,1,1,5,0,0,1,0,0,0,0,0,1,0,0,2,0.57,0,0,0
Celestial Archon,16,251,0,12,29,308,1,1,0,2,1,1,5,0,0,1,0,0,0,1,0,1,0,0,2,0.32,0,0,0
Celestial Colonnade,19,233,0,14,4,270,0,2,-2,1,0,1,0,0,0,1,0,0,0,0,0,0,1,0,0,51.89,1,1,1
Celestial Kirin,15,112,67,8,33,235,1,1,0,1,2,1,4,0,0,1,1,0,0,0,0,1,0,0,2,0.55,0,0,0
Celestial Mantle,16,144,45,12,18,235,1,1,0,1,1,1,6,0,0,1,0,0,0,1,0,0,0,0,3,3.65,1,0,0
Cemetery Puca,13,123,104,11,23,274,2,2,0,1,1,1,3,0,0,1,0,0,0,0,0,1,0,0,2,1.75,1,0,0
Cemetery Reaper,15,145,30,11,17,218,1,1,0,1,1,1,3,0,0,1,0,0,0,0,0,1,0,0,2,3.25,1,0,0
Cemetery Reaper,15,145,30,11,17,218,1,1,0,1,1,1,3,0,0,1,0,0,0,0,0,1,0,0,2,3.41,1,0,0
Cephalid Constable,18,145,53,12,26,254,1,1,0,1,2,1,3,0,0,1,0,0,0,0,0,1,0,0,2,0.86,0,0,0
Cerebral Eruption,17,275,0,10,7,309,1,1,0,1,0,1,4,0,0,1,0,0,1,0,0,0,0,0,2,0.31,0,0,0
Cerebral Vortex,15,139,56,13,7,230,2,2,0,1,0,1,3,0,0,1,0,1,0,0,0,0,0,0,2,0.99,0,0,0
Cerulean Sphinx,15,72,108,10,17,222,1,1,0,1,1,1,6,0,0,1,0,0,0,0,0,1,0,0,2,0.35,0,0,0
Chain Reaction,14,102,143,14,7,280,1,1,0,1,0,1,4,0,0,1,0,0,1,0,0,0,0,0,2,0.42,0,0,0
Chained to the Rocks,20,223,0,12,18,273,1,1,0,1,1,1,1,0,0,1,0,0,0,1,0,0,0,0,1,0.37,0,0,0
Chalice of the Void,19,212,0,8,8,247,0,0,0,1,0,1,0,0,0,1,0,0,0,0,1,0,0,0,0,79,1,1,1
Chameleon Colossus,18,150,0,13,23,204,1,1,0,1,1,1,4,0,0,1,0,0,0,0,0,1,0,0,2,4.8,1,0,0
Champion of Lambholt,20,208,0,19,24,271,1,1,0,1,2,1,3,0,0,1,0,0,0,0,0,1,0,0,2,1.48,1,0,0
Champion of Rhonas,18,188,78,13,25,322,1,1,0,1,2,1,4,0,0,1,0,0,0,0,0,1,0,0,1,0.54,0,0,0
Champion of the Parish,22,112,81,15,24,254,1,1,0,1,2,1,1,0,0,1,0,0,0,0,0,1,0,0,1,4.33,1,0,0
Champion of Wits,16,313,0,13,22,364,1,1,0,1,2,1,3,0,0,1,0,0,0,0,0,1,0,0,1,2.61,1,0,0
Chancellor of the Annex,23,251,0,7,16,297,1,1,0,1,1,1,7,0,0,1,0,0,0,0,0,1,0,0,3,4.75,1,0,0
Chancellor of the Dross,23,194,0,18,18,253,1,1,0,1,1,1,7,0,0,1,0,0,0,0,0,1,0,0,3,0.48,0,0,0
Chancellor of the Forge,23,301,0,6,16,346,1,1,0,1,1,1,7,0,0,1,0,0,0,0,0,1,0,0,3,0.84,0,0,0
Chancellor of the Spires,24,349,0,9,17,399,1,1,0,1,1,1,7,0,0,1,0,0,0,0,0,1,0,0,3,0.47,0,0,0
Chancellor of the Tangle,24,146,0,14,16,200,1,1,0,1,1,1,7,0,0,1,0,0,0,0,0,1,0,0,3,0.42,0,0,0
Chandra Nalaar,14,195,0,14,32,255,1,1,0,1,1,1,5,0,0,1,1,0,0,0,0,0,0,1,2,3.33,1,0,0
Chandra's Ignition,18,101,110,14,7,250,1,1,0,1,0,1,5,0,0,1,0,0,1,0,0,0,0,0,2,0.44,0,0,0
Chandra's Phoenix,17,267,0,14,18,316,1,1,0,1,1,1,3,0,0,1,0,0,0,0,0,1,0,0,2,0.45,0,0,0
Chandra's Phoenix,17,267,0,14,18,316,1,1,0,1,1,1,3,0,0,1,0,0,0,0,0,1,0,0,2,0.48,0,0,0
Channeler Initiate,18,202,0,12,22,254,1,1,0,1,2,1,2,0,0,1,0,0,0,0,0,1,0,0,1,0.61,0,0,0
Chaos Imps,10,213,0,14,14,251,1,1,0,1,1,1,6,0,0,1,0,0,0,0,0,1,0,0,2,0.27,0,0,0
Chaos Maw,9,80,40,12,18,159,1,1,0,1,1,1,7,0,0,1,0,0,0,0,0,1,0,0,2,0.29,0,0,0
Char,4,69,121,8,7,209,1,1,0,1,0,1,3,0,0,1,0,1,0,0,0,0,0,0,1,0.5,0,0,0
Charmbreaker Devils,19,207,0,9,16,251,1,1,0,1,1,1,6,0,0,1,0,0,0,0,0,1,0,0,1,0.29,0,0,0
Charnelhoard Wurm,17,124,71,15,15,242,3,3,0,1,1,1,7,0,0,1,0,0,0,0,0,1,0,0,3,0.36,0,0,0
Chasm Skulker,13,275,24,9,23,344,1,1,0,1,2,1,3,0,0,1,0,0,0,0,0,1,0,0,1,3.02,1,0,0
Chief Engineer,14,188,59,15,29,305,1,1,0,1,2,1,2,0,0,1,0,0,0,0,0,1,0,0,1,0.48,0,0,0
Chimeric Mass,13,240,0,13,8,274,0,0,0,1,0,1,0,0,0,1,0,0,0,0,1,0,0,0,0,0.3,0,0,0
Chimeric Staff,14,81,100,14,8,217,0,0,0,1,0,1,4,0,0,1,0,0,0,0,1,0,0,0,0,0.35,0,0,0
Chisei  Heart of Oceans,23,131,0,12,27,193,1,1,0,1,1,1,4,0,0,1,1,0,0,0,0,1,0,0,2,0.36,0,0,0
Choice of Damnations,20,146,69,15,16,266,1,1,0,1,1,1,6,0,0,1,0,0,1,0,0,0,0,0,1,3.84,1,0,0
Choked Estuary,14,195,0,13,4,226,0,2,-2,1,0,1,0,0,0,1,0,0,0,0,0,0,1,0,0,1.13,1,0,0
Cho-Manno  Revolutionary,24,67,74,15,32,212,1,1,0,1,2,1,4,0,0,1,1,0,0,0,0,1,0,0,2,0.58,0,0,0
Chord of Calling,16,283,0,13,7,319,1,1,0,1,0,1,3,0,0,1,0,1,0,0,0,0,0,0,3,10.76,1,1,1
Chord of Calling,16,283,0,14,7,320,1,1,0,1,0,1,3,0,0,1,0,1,0,0,0,0,0,0,3,12.53,1,1,1
Chorus of the Conclave,22,265,102,13,26,428,2,2,0,1,1,1,8,0,0,1,1,0,0,0,0,1,0,0,4,0.4,0,0,0
Chromatic Lantern,17,124,110,9,8,268,0,0,0,1,0,1,3,0,0,1,0,0,0,0,1,0,0,0,0,14.25,1,1,1
Chrome Mox,10,179,0,15,8,212,0,0,0,1,0,1,0,0,0,1,0,0,0,0,1,0,0,0,0,19.68,1,1,1
Chromescale Drake,17,277,0,12,16,322,1,1,0,1,1,1,9,0,0,1,0,0,0,0,0,1,0,0,3,0.31,0,0,0
Chronosavant,12,99,172,12,16,311,1,1,0,1,1,1,6,0,0,1,0,0,0,0,0,1,0,0,1,0.37,0,0,0
Chronozoa,9,289,0,10,19,327,1,1,0,1,1,1,4,0,0,1,0,0,0,0,0,1,0,0,1,2.48,1,0,0
Cinder Glade,12,127,131,13,22,305,0,2,-2,1,2,1,0,0,0,1,0,0,0,0,0,0,1,0,0,1.99,1,0,0
Circu  Dimir Lobotomist,23,239,0,20,33,315,2,2,0,1,2,1,4,0,0,1,1,0,0,0,0,1,0,0,2,2.56,1,0,0
Citadel Siege,13,277,0,15,11,316,1,1,0,1,0,1,4,0,0,1,0,0,0,1,0,0,0,0,2,0.32,0,0,0
Citanul Flute,13,150,60,16,8,247,0,0,0,1,0,1,5,0,0,1,0,0,0,0,1,0,0,0,0,2.23,1,0,0
City of Brass,13,114,0,12,4,143,0,0,0,1,0,1,0,0,0,1,0,0,0,0,0,0,1,0,0,6.49,1,1,0
Clan Defiance,13,198,0,7,7,225,2,2,0,1,0,1,2,0,0,1,0,0,1,0,0,0,0,0,2,0.27,0,0,0
Clarion Ultimatum,17,214,58,15,7,311,3,3,0,1,0,1,7,0,0,1,0,0,1,0,0,0,0,0,7,0.35,0,0,0
Clash of Realities,18,251,0,10,11,290,1,1,0,1,0,1,4,0,0,1,0,0,0,1,0,0,0,0,1,0.35,0,0,0
Clearwater Goblet,17,219,0,11,8,255,0,0,0,1,0,1,5,0,0,1,0,0,0,0,1,0,0,0,0,0.85,0,0,0
Cliffrunner Behemoth,20,146,117,14,22,319,1,1,0,1,2,1,4,0,0,1,0,0,0,0,0,1,0,0,1,0.36,0,0,0
Clifftop Retreat,16,128,81,9,4,238,0,2,-2,1,0,1,0,0,0,1,0,0,0,0,0,0,1,0,0,5.92,1,1,0
Clockwork Dragon,16,217,0,12,26,271,0,0,0,2,1,1,7,0,0,1,0,0,0,0,1,1,0,0,0,0.48,0,0,0
Clone,5,86,68,10,23,192,1,1,0,1,1,1,4,0,0,1,0,0,0,0,0,1,0,0,1,0.33,0,0,0
Clone,5,86,68,10,23,192,1,1,0,1,1,1,4,0,0,1,0,0,0,0,0,1,0,0,1,0.37,0,0,0
Clone,5,86,20,10,23,144,1,1,0,1,1,1,4,0,0,1,0,0,0,0,0,1,0,0,1,0.43,0,0,0
Clone,5,86,103,10,23,227,1,1,0,1,1,1,4,0,0,1,0,0,0,0,0,1,0,0,1,0.43,0,0,0
Clone,5,86,0,10,23,124,1,1,0,1,1,1,4,0,0,1,0,0,0,0,0,1,0,0,1,0.56,0,0,0
Clone,5,86,0,10,23,124,1,1,0,1,1,1,4,0,0,1,0,0,0,0,0,1,0,0,1,0.65,0,0,0
Cloud Key,9,155,69,15,8,256,0,0,0,1,0,1,3,0,0,1,0,0,0,0,1,0,0,0,0,8.83,1,1,0
Cloudhoof Kirin,15,191,0,14,33,253,1,1,0,1,2,1,5,0,0,1,1,0,0,0,0,1,0,0,2,0.4,0,0,0
Cloudstone Curio,16,178,89,14,8,305,0,0,0,1,0,1,3,0,0,1,0,0,0,0,1,0,0,0,0,9.7,1,1,0
Cloudthresher,13,239,0,19,20,291,1,1,0,1,1,1,6,0,0,1,0,0,0,0,0,1,0,0,4,0.55,0,0,0
Cloven Casting,14,144,107,12,11,288,2,2,0,1,0,1,7,0,0,1,0,0,0,1,0,0,0,0,2,0.35,0,0,0
Coalition Relic,15,277,0,15,8,315,0,0,0,1,0,1,3,0,0,1,0,0,0,0,1,0,0,0,0,12.7,1,1,1
Coastal Piracy,14,88,95,17,11,225,1,1,0,1,0,1,4,0,0,1,0,0,0,1,0,0,0,0,2,4.38,1,0,0
Coat of Arms,12,214,38,16,8,288,0,0,0,1,0,1,5,0,0,1,0,0,0,0,1,0,0,0,0,7.49,1,1,0
Coat of Arms,12,214,64,16,8,314,0,0,0,1,0,1,5,0,0,1,0,0,0,0,1,0,0,0,0,7.51,1,1,0
Coat of Arms,12,214,52,16,8,302,0,0,0,1,0,1,5,0,0,1,0,0,0,0,1,0,0,0,0,7.78,1,1,0
Coat of Arms,12,214,52,16,8,302,0,0,0,1,0,1,5,0,0,1,0,0,0,0,1,0,0,0,0,8.12,1,1,0
Coax from the Blind Eternities,30,118,99,11,7,265,1,1,0,1,0,1,3,0,0,1,0,0,1,0,0,0,0,0,1,0.33,0,0,0
Cold-Eyed Selkie,16,180,74,11,24,305,2,2,0,1,2,1,3,0,0,1,0,0,0,0,0,1,0,0,2,0.93,0,0,0
Colfenor's Plans,16,226,0,13,11,266,1,1,0,1,0,1,4,0,0,1,0,0,0,1,0,0,0,0,2,0.35,0,0,0
Colfenor's Urn,14,301,0,11,8,334,0,0,0,1,0,1,3,0,0,1,0,0,0,0,1,0,0,0,0,0.42,0,0,0
Collected Company,17,201,36,15,7,276,1,1,0,1,0,1,4,0,0,1,0,1,0,0,0,0,0,0,1,14.9,1,1,1
Collective Blessing,19,32,153,15,11,230,2,2,0,1,0,1,6,0,0,1,0,0,0,1,0,0,0,0,3,0.4,0,0,0
Collective Brutality,20,322,0,12,7,361,1,1,0,1,0,1,2,0,0,1,0,0,1,0,0,0,0,0,1,13,1,1,1
Collective Defiance,19,289,0,13,7,328,1,1,0,1,0,1,3,0,0,1,0,0,1,0,0,0,0,0,2,0.85,0,0,0
Collective Effort,17,266,0,14,7,304,1,1,0,1,0,1,3,0,0,1,0,0,1,0,0,0,0,0,2,0.5,0,0,0
Collective Unconscious,22,42,101,15,7,187,1,1,0,1,0,1,6,0,0,1,0,0,1,0,0,0,0,0,2,0.49,0,0,0
Colossal Whale,14,276,0,13,16,319,1,1,0,1,1,1,7,0,0,1,0,0,0,0,0,1,0,0,2,0.32,0,0,0
Colossus of Akros,17,245,0,11,25,298,0,0,0,2,1,1,8,0,0,1,0,0,0,0,1,1,0,0,0,0.95,0,0,0
Colossus of Sardia,18,241,78,12,25,374,0,0,0,2,1,1,9,0,0,1,0,0,0,0,1,1,0,0,0,0.37,0,0,0
Commandeer,10,279,0,11,7,307,1,1,0,1,0,1,7,0,0,1,0,1,0,0,0,0,0,0,2,7.76,1,1,0
Commune with Lava,17,97,132,11,7,264,1,1,0,1,0,1,2,0,0,1,0,1,0,0,0,0,0,0,2,0.36,0,0,0
Concealed Courtyard,19,133,50,9,4,215,0,2,-2,1,0,1,0,0,0,1,0,0,0,0,0,0,1,0,0,5.91,1,1,0
Concerted Effort,16,224,0,14,11,265,1,1,0,1,0,1,4,0,0,1,0,0,0,1,0,0,0,0,2,2.69,1,0,0
Conduit of Ruin,15,264,0,15,18,312,0,0,0,1,1,1,6,0,0,1,0,0,0,0,0,1,0,0,0,0.64,0,0,0
Confirm Suspicions,18,153,31,13,7,222,1,1,0,1,0,1,5,0,0,1,0,1,0,0,0,0,0,0,2,0.33,0,0,0
Confiscation Coup,17,192,104,13,7,333,1,1,0,1,0,1,5,0,0,1,0,0,1,0,0,0,0,0,2,0.39,0,0,0
Confusion in the Ranks,22,205,0,11,11,249,1,1,0,1,0,1,5,0,0,1,0,0,0,1,0,0,0,0,2,1.97,1,0,0
Conjured Currency,17,128,57,12,11,225,1,1,0,1,0,1,6,0,0,1,0,0,0,1,0,0,0,0,1,0.27,0,0,0
Conjurer's Closet,17,138,54,11,8,228,0,0,0,1,0,1,5,0,0,1,0,0,0,0,1,0,0,0,0,1.98,1,0,0
Conquering Manticore,20,183,43,10,20,276,1,1,0,1,1,1,6,0,0,1,0,0,0,0,0,1,0,0,2,0.38,0,0,0
Conqueror's Foothold,20,200,0,13,4,237,0,0,0,1,0,1,4,0,0,1,0,0,0,0,0,0,1,0,0,0.39,0,0,0
Conqueror's Galleon,19,264,0,13,18,314,0,0,0,1,1,1,4,0,0,1,0,0,0,0,1,0,0,0,0,0.39,0,0,0
Conqueror's Pledge,18,189,0,10,7,224,1,1,0,1,0,1,5,0,0,1,0,0,1,0,0,0,0,0,3,0.4,0,0,0
Consulate Crackdown,19,141,108,11,11,290,1,1,0,1,0,1,5,0,0,1,0,0,0,1,0,0,0,0,2,0.27,0,0,0
Consume the Meek,16,84,103,6,7,216,1,1,0,1,0,1,5,0,0,1,0,1,0,0,0,0,0,0,2,0.48,0,0,0
Consuming Aberration,20,287,0,13,17,337,2,2,0,1,1,1,5,0,0,1,0,0,0,0,0,1,0,0,2,1.89,1,0,0
Consuming Vapors,16,262,0,14,7,299,1,1,0,1,0,1,4,0,0,1,0,0,1,0,0,0,0,0,1,0.78,0,0,0
Contagion Engine,16,303,0,7,8,334,0,0,0,1,0,1,6,0,0,1,0,0,0,0,1,0,0,0,0,8.12,1,1,0
Contested War Zone,18,202,0,10,4,234,0,0,0,1,0,1,0,0,0,1,0,0,0,0,0,0,1,0,0,0.47,0,0,0
Conundrum Sphinx,16,309,0,15,17,357,1,1,0,1,1,1,4,0,0,1,0,0,0,0,0,1,0,0,2,0.33,0,0,0
Copperhoof Vorrac,17,80,84,12,21,214,1,1,0,1,2,1,5,0,0,1,0,0,0,0,0,1,0,0,2,0.37,0,0,0
Copperline Gorge,16,130,107,29,4,286,0,2,-2,1,0,1,0,0,0,1,0,0,0,0,0,0,1,0,0,9.4,1,1,0
Copy Enchantment,16,100,100,11,11,238,1,1,0,1,0,1,3,0,0,1,0,0,0,1,0,0,0,0,1,7.51,1,1,0
Coralhelm Commander,19,164,0,11,26,220,1,1,0,1,2,1,2,0,0,1,0,0,0,0,0,1,0,0,2,1.85,1,0,0
Corpsejack Menace,17,123,43,10,17,210,2,2,0,1,1,1,4,0,0,1,0,0,0,0,0,1,0,0,2,0.5,0,0,0
Corpseweft,10,171,34,9,11,235,1,1,0,1,0,1,3,0,0,1,0,0,0,1,0,0,0,0,1,0.33,0,0,0
Corrupted Crossroads,20,176,70,13,4,283,0,0,0,1,0,1,0,0,0,1,0,0,0,0,0,0,1,0,0,0.34,0,0,0
Corrupted Grafstone,19,145,48,18,8,238,0,0,0,1,0,1,2,0,0,1,0,0,0,0,1,0,0,0,0,0.34,0,0,0
Cosi's Trickster,16,98,87,13,25,239,1,1,0,1,2,1,1,0,0,1,0,0,0,0,0,1,0,0,1,0.56,0,0,0
Cosmic Larva,12,95,105,11,16,239,1,1,0,1,1,1,3,0,0,1,0,0,0,0,0,1,0,0,2,0.33,0,0,0
Counterbore,11,183,0,13,7,214,1,1,0,1,0,1,5,0,0,1,0,1,0,0,0,0,0,0,2,0.53,0,0,0
Counterflux,11,244,0,16,7,278,2,2,0,1,0,1,3,0,0,1,0,1,0,0,0,0,0,0,3,0.43,0,0,0
Counterlash,11,132,42,10,7,202,1,1,0,1,0,1,6,0,0,1,0,1,0,0,0,0,0,0,2,0.3,0,0,0
Countryside Crusher,19,249,0,12,24,304,1,1,0,1,2,1,3,0,0,1,0,0,0,0,0,1,0,0,2,0.94,0,0,0
Courser of Kruphix,18,187,0,14,30,249,1,1,0,2,1,1,3,0,0,1,0,0,0,1,0,1,0,0,2,4,1,0,0
Covenant of Minds,17,184,62,12,7,282,1,1,0,1,0,1,5,0,0,1,0,0,1,0,0,0,0,0,1,0.38,0,0,0
Cover of Winter,15,440,0,14,16,485,1,1,0,1,0,1,3,0,0,1,0,0,0,1,0,0,0,0,1,0.37,0,0,0
Cowardice,9,151,124,14,11,309,1,1,0,1,0,1,5,0,0,1,0,0,0,1,0,0,0,0,2,0.35,0,0,0
Cowardice,9,151,124,16,11,311,1,1,0,1,0,1,5,0,0,1,0,0,0,1,0,0,0,0,2,0.37,0,0,0
Crackleburr,11,250,0,16,20,297,2,2,0,1,1,1,3,0,0,1,0,0,0,0,0,1,0,0,2,1.72,1,0,0
Crackling Doom,14,143,49,15,7,228,3,3,0,1,0,1,3,0,0,1,0,1,0,0,0,0,0,0,3,0.46,0,0,0
Cradle of Vitality,18,121,135,15,11,300,1,1,0,1,0,1,4,0,0,1,0,0,0,1,0,0,0,0,1,0.73,0,0,0
Cragganwick Cremator,20,195,49,13,23,300,1,1,0,1,2,1,4,0,0,1,0,0,0,0,0,1,0,0,2,0.34,0,0,0
Cranial Extraction,18,170,0,11,16,215,1,1,0,1,1,1,4,0,0,1,0,0,1,0,0,0,0,0,1,0.94,0,0,0
Crater Elemental,16,246,0,15,20,297,1,1,0,1,1,1,3,0,0,1,0,0,0,0,0,1,0,0,1,0.34,0,0,0
Crater's Claws,14,194,0,12,7,227,1,1,0,1,0,1,1,0,0,1,0,0,1,0,0,0,0,0,1,0.36,0,0,0
Creakwood Liege,15,180,0,13,17,225,2,2,0,1,1,1,4,0,0,1,0,0,0,0,0,1,0,0,3,3.29,1,0,0
Cream of the Crop,17,259,0,11,11,298,1,1,0,1,0,1,2,0,0,1,0,0,0,1,0,0,0,0,1,2.5,1,0,0
Creeping Corrosion,18,22,119,13,7,179,1,1,0,1,0,1,4,0,0,1,0,0,1,0,0,0,0,0,2,1.36,1,0,0
Creeping Renaissance,20,198,0,16,7,241,1,1,0,1,0,1,5,0,0,1,0,0,1,0,0,0,0,0,2,0.5,0,0,0
Creeping Tar Pit,16,231,0,11,4,262,0,2,-2,1,0,1,0,0,0,1,0,0,0,0,0,0,1,0,0,20.04,1,1,1
Creepy Doll,11,127,105,12,29,284,0,0,0,2,1,1,5,0,0,1,0,0,0,0,1,1,0,0,0,0.39,0,0,0
Crovax  Ascendant Hero,22,125,89,12,26,274,1,1,0,1,1,1,6,0,0,1,1,0,0,0,0,1,0,0,2,1.37,1,0,0
Crown of Convergence,20,247,0,8,8,283,0,2,-2,1,0,1,2,0,0,1,0,0,0,0,1,0,0,0,0,0.37,0,0,0
Crucible of Fire,16,39,80,16,11,162,1,1,0,1,0,1,4,0,0,1,0,0,0,1,0,0,0,0,1,0.86,0,0,0
Crucible of Fire,16,39,80,16,11,162,1,1,0,1,0,1,4,0,0,1,0,0,0,1,0,0,0,0,1,0.99,0,0,0
Crucible of the Spirit Dragon,29,300,0,9,4,342,0,0,0,1,0,1,0,0,0,1,0,0,0,0,0,0,1,0,0,0.35,0,0,0
Crucible of Worlds,18,44,50,11,8,131,0,0,0,1,0,1,3,0,0,1,0,0,0,0,1,0,0,0,0,64.39,1,1,1
Crucible of Worlds,18,44,50,11,8,131,0,0,0,1,0,1,3,0,0,1,0,0,0,0,1,0,0,0,0,64.99,1,1,1
Cruel Sadist,12,162,61,7,25,267,1,1,0,1,2,1,1,0,0,1,0,0,0,0,0,1,0,0,1,0.29,0,0,0
Cruel Ultimatum,15,176,32,13,7,243,3,3,0,1,0,1,7,0,0,1,0,0,1,0,0,0,0,0,7,0.49,0,0,0
Crux of Fate,12,80,161,15,7,275,1,1,0,1,0,1,5,0,0,1,0,0,1,0,0,0,0,0,2,0.56,0,0,0
Crypt Ghast,11,227,0,10,17,265,1,1,0,1,1,1,4,0,0,1,0,0,0,0,0,1,0,0,1,2.97,1,0,0
Crypt of Agadeem,16,163,0,11,4,194,0,1,-1,1,0,1,0,0,0,1,0,0,0,0,0,0,1,0,0,1.28,1,0,0
Cryptborn Horror,16,136,86,14,17,269,2,2,0,1,1,1,3,0,0,1,0,0,0,0,0,1,0,0,2,0.29,0,0,0
Cryptbreaker,12,147,0,14,17,190,1,1,0,1,1,1,1,0,0,1,0,0,0,0,0,1,0,0,1,1.64,1,0,0
Cryptic Command,15,142,0,13,7,177,1,1,0,1,0,1,4,0,0,1,0,1,0,0,0,0,0,0,3,30.3,1,1,1
Cryptolith Rite,15,78,63,11,11,178,1,1,0,1,0,1,2,0,0,1,0,0,0,1,0,0,0,0,1,1.67,1,0,0
Cryptoplasm,11,142,91,14,23,281,1,1,0,1,1,1,3,0,0,1,0,0,0,0,0,1,0,0,2,0.79,0,0,0
Culling Scales,14,180,0,11,8,213,0,0,0,1,0,1,3,0,0,1,0,0,0,0,1,0,0,0,0,0.33,0,0,0
Culling Sun,11,57,147,11,7,233,2,2,0,1,0,1,5,0,0,1,0,0,1,0,0,0,0,0,3,0.4,0,0,0
Cultivator of Blades,20,293,0,18,24,355,1,1,0,1,2,1,5,0,0,1,0,0,0,0,0,1,0,0,2,0.26,0,0,0
Cultivator's Caravan,20,187,0,8,18,233,0,0,0,1,1,1,3,0,0,1,0,0,0,0,1,0,0,0,0,0.47,0,0,0
Cunning Lethemancer,19,61,85,11,23,199,1,1,0,1,2,1,3,0,0,1,0,0,0,0,0,1,0,0,1,0.49,0,0,0
Curator of Mysteries,20,109,68,14,17,228,1,1,0,1,1,1,4,0,0,1,0,0,0,0,0,1,0,0,2,0.53,0,0,0
Curse of Bloodletting,21,117,69,16,24,247,1,1,0,1,2,1,5,0,0,1,0,0,0,1,0,0,0,0,2,0.83,0,0,0
Curse of Death's Hold,21,61,71,13,24,190,1,1,0,1,2,1,5,0,0,1,0,0,0,1,0,0,0,0,2,0.48,0,0,0
Curse of Echoes,15,173,0,15,24,227,1,1,0,1,2,1,5,0,0,1,0,0,0,1,0,0,0,0,1,0.37,0,0,0
Curse of Misfortunes,20,245,0,14,24,303,1,1,0,1,2,1,5,0,0,1,0,0,0,1,0,0,0,0,1,0.39,0,0,0
Curse of Stalked Prey,21,113,108,19,24,285,1,1,0,1,2,1,2,0,0,1,0,0,0,1,0,0,0,0,1,0.35,0,0,0
Curse of the Cabal,18,509,0,9,7,543,1,1,0,1,0,1,10,0,0,1,0,0,1,0,0,0,0,0,1,1.5,1,0,0
Curse of the Swine,18,116,72,11,7,224,1,1,0,1,0,1,2,0,0,1,0,0,1,0,0,0,0,0,2,0.32,0,0,0
Cyclonic Rift,13,214,43,10,7,287,1,1,0,1,0,1,2,0,0,1,0,1,0,0,0,0,0,0,1,7.12,1,1,0
Cyclops Gladiator,17,207,0,10,26,260,1,1,0,1,2,1,4,0,0,1,0,0,0,0,0,1,0,0,3,0.32,0,0,0
Cylian Sunsinger,16,105,40,13,21,195,1,3,-2,1,2,1,2,0,0,1,0,0,0,0,0,1,0,0,1,0.32,0,0,0
Cytoplast Manipulator,21,318,0,9,30,378,1,1,0,1,3,1,4,0,0,1,0,0,0,0,0,1,0,0,2,4.7,1,0,0
Cytoplast Root-Kin,18,400,0,14,27,459,1,1,0,1,2,1,4,0,0,1,0,0,0,0,0,1,0,0,2,0.96,0,0,0
Cytoshape,9,117,144,12,7,289,2,2,0,1,0,1,3,0,0,1,0,1,0,0,0,0,0,0,2,0.49,0,0,0
Daghatar the Adamant,20,173,52,11,34,290,1,3,-2,1,2,1,4,0,0,1,1,0,0,0,0,1,0,0,1,0.32,0,0,0
Damnable Pact,13,45,104,11,7,180,1,1,0,1,0,1,2,0,0,1,0,0,1,0,0,0,0,0,2,0.37,0,0,0
Damnation,9,49,0,10,7,75,1,1,0,1,0,1,4,0,0,1,0,0,1,0,0,0,0,0,2,26.68,1,1,1
Damping Matrix,14,96,92,16,8,226,0,0,0,1,0,1,3,0,0,1,0,0,0,0,1,0,0,0,0,0.75,0,0,0
Darien  King of Kjeldor,23,89,167,17,34,330,1,1,0,1,2,1,6,0,0,1,1,0,0,0,0,1,0,0,2,6.99,1,1,0
Daring Apprentice,17,55,66,11,23,172,1,1,0,1,2,1,3,0,0,1,0,0,0,0,0,1,0,0,2,0.39,0,0,0
Daring Apprentice,17,55,54,11,23,160,1,1,0,1,2,1,3,0,0,1,0,0,0,0,0,1,0,0,2,0.4,0,0,0
Daring Saboteur,15,157,30,20,23,245,1,1,0,1,2,1,2,0,0,1,0,0,0,0,0,1,0,0,1,0.36,0,0,0
Daring Thief,12,190,37,12,22,273,1,1,0,1,2,1,3,0,0,1,0,0,0,0,0,1,0,0,1,0.33,0,0,0
Dark Confidant,14,150,23,10,23,220,1,1,0,1,2,1,2,0,0,1,0,0,0,0,0,1,0,0,1,50.89,1,1,1
Dark Depths,11,279,0,18,19,327,0,0,0,1,0,1,0,0,0,1,1,0,0,0,0,0,1,0,0,46.95,1,1,1
Dark Impostor,13,154,74,13,27,281,1,1,0,1,2,1,3,0,0,1,0,0,0,0,0,1,0,0,1,0.79,0,0,0
Dark Intimations,16,338,0,11,7,372,3,3,0,1,0,1,5,0,0,1,0,0,1,0,0,0,0,0,3,0.44,0,0,0
Dark Petition,13,213,0,13,7,246,1,1,0,1,0,1,5,0,0,1,0,0,1,0,0,0,0,0,2,1.76,1,0,0
Dark Prophecy,13,74,82,10,11,190,1,1,0,1,0,1,3,0,0,1,0,0,0,1,0,0,0,0,3,0.37,0,0,0
Dark Salvation,14,155,91,16,7,283,1,1,0,1,0,1,1,0,0,1,0,0,1,0,0,0,0,0,1,0.81,0,0,0
Dark Tutelage,13,150,94,11,11,279,1,1,0,1,0,1,3,0,0,1,0,0,0,1,0,0,0,0,1,0.35,0,0,0
Darkslick Shores,16,130,86,14,4,250,0,2,-2,1,0,1,0,0,0,1,0,0,0,0,0,0,1,0,0,11.62,1,1,1
Darksteel Colossus,18,165,0,14,25,222,0,0,0,2,1,1,11,0,0,1,0,0,0,0,1,1,0,0,0,6.16,1,1,0
Darksteel Forge,15,160,132,17,8,332,0,0,0,1,0,1,9,0,0,1,0,0,0,0,1,0,0,0,0,8.99,1,1,0
Darksteel Garrison,18,294,0,12,24,348,0,0,0,1,1,1,2,0,0,1,0,0,0,0,1,0,0,0,0,0.69,0,0,0
Darksteel Juggernaut,20,162,54,13,30,279,0,0,0,2,1,1,5,0,0,1,0,0,0,0,1,1,0,0,0,1.09,1,0,0
Darksteel Plate,15,62,76,16,20,189,0,0,0,1,1,1,3,0,0,1,0,0,0,0,1,0,0,0,0,10.25,1,1,1
Darksteel Reactor,17,239,0,10,8,274,0,0,0,1,0,1,4,0,0,1,0,0,0,0,1,0,0,0,0,4.37,1,0,0
Dauntless Dourbark,18,205,0,13,27,263,1,1,0,1,2,1,4,0,0,1,0,0,0,0,0,1,0,0,1,4.06,1,0,0
Dauntless Escort,16,88,121,11,24,260,2,2,0,1,2,1,3,0,0,1,0,0,0,0,0,1,0,0,2,1.32,1,0,0
Dawnbringer Charioteers,23,137,63,18,24,265,1,1,0,1,2,1,4,0,0,1,0,0,0,0,0,1,0,0,2,0.28,0,0,0
Daxos of Meletis,16,352,0,11,34,413,2,2,0,1,2,1,3,0,0,1,1,0,0,0,0,1,0,0,2,0.34,0,0,0
Day of Destiny,14,42,98,11,21,186,1,1,0,1,0,1,4,0,0,1,1,0,0,1,0,0,0,0,1,1,1,0,0
Day of Judgment,15,22,0,13,7,57,1,1,0,1,0,1,4,0,0,1,0,0,1,0,0,0,0,0,2,2.64,1,0,0
Day of Judgment,15,22,0,13,7,57,1,1,0,1,0,1,4,0,0,1,0,0,1,0,0,0,0,0,2,2.64,1,0,0
Day of Judgment,15,22,130,13,7,187,1,1,0,1,0,1,4,0,0,1,0,0,1,0,0,0,0,0,2,2.68,1,0,0
Daybreak Coronet,16,208,0,13,18,255,1,1,0,1,1,1,2,0,0,1,0,0,0,1,0,0,0,0,2,7,1,1,0
Daybreak Ranger,15,161,0,14,32,222,1,2,-1,1,3,1,3,0,0,1,0,0,0,0,0,1,0,0,1,0.62,0,0,0
Deadbridge Goliath,18,174,68,11,17,288,1,1,0,1,1,1,4,0,0,1,0,0,0,0,0,1,0,0,2,0.3,0,0,0
Deadeye Navigator,17,339,0,16,17,389,1,1,0,1,1,1,6,0,0,1,0,0,0,0,0,1,0,0,2,1.3,1,0,0
Deadeye Tracker,15,278,0,20,23,336,1,1,0,1,2,1,1,0,0,1,0,0,0,0,0,1,0,0,1,0.97,0,0,0
Deadlock Trap,13,230,0,15,8,266,0,0,0,1,0,1,3,0,0,1,0,0,0,0,1,0,0,0,0,0.31,0,0,0
Dearly Departed,15,150,79,16,17,277,1,1,0,1,1,1,6,0,0,1,0,0,0,0,0,1,0,0,2,0.3,0,0,0
Death Baron,11,100,73,9,24,217,1,1,0,1,2,1,3,0,0,1,0,0,0,0,0,1,0,0,2,21.73,1,1,1
Death Cloud,11,92,54,14,7,178,1,1,0,1,0,1,3,0,0,1,0,0,1,0,0,0,0,0,3,2.26,1,0,0
Death Pit Offering,18,117,77,12,11,235,1,1,0,1,0,1,4,0,0,1,0,0,0,1,0,0,0,0,2,0.38,0,0,0
Death Pits of Rath,18,73,178,10,11,290,1,1,0,1,0,1,5,0,0,1,0,0,0,1,0,0,0,0,2,0.48,0,0,0
Death Pits of Rath,18,73,178,22,11,302,1,1,0,1,0,1,5,0,0,1,0,0,0,1,0,0,0,0,2,0.53,0,0,0
Deathbringer Liege,18,232,0,11,17,278,2,2,0,1,1,1,5,0,0,1,0,0,0,0,0,1,0,0,3,11.02,1,1,1
Deathbringer Regent,19,177,0,13,17,226,1,1,0,1,1,1,7,0,0,1,0,0,0,0,0,1,0,0,2,0.34,0,0,0
Deathbringer Thoctar,20,200,0,13,23,256,2,2,0,1,2,1,6,0,0,1,0,0,0,0,0,1,0,0,2,0.48,0,0,0
Deathcap Cultivator,19,160,88,11,22,300,1,2,-1,1,2,1,2,0,0,1,0,0,0,0,0,1,0,0,1,0.38,0,0,0
Deathgorge Scavenger,20,257,0,14,19,310,1,1,0,1,1,1,3,0,0,1,0,0,0,0,0,1,0,0,1,3.55,1,0,0
Deathless Angel,15,70,135,12,16,248,1,1,0,1,1,1,6,0,0,1,0,0,0,0,0,1,0,0,2,1.89,1,0,0
Deathrender,11,166,0,17,20,214,0,0,0,1,1,1,4,0,0,1,0,0,0,0,1,0,0,0,0,2.75,1,0,0
Deathrite Shaman,16,255,0,12,21,304,2,2,0,1,2,1,1,0,0,1,0,0,0,0,0,1,0,0,1,4.1,1,0,0
Death's Presence,16,138,107,11,11,283,1,1,0,1,0,1,6,0,0,1,0,0,0,1,0,0,0,0,1,0.38,0,0,0
Death's Shadow,14,54,64,11,17,160,1,1,0,1,1,1,1,0,0,1,0,0,0,0,0,1,0,0,1,8.99,1,1,0
Debtors' Knell,14,159,151,10,11,345,2,2,0,1,0,1,7,0,0,1,0,0,0,1,0,0,0,0,3,8.31,1,1,0
Deceiver of Form,16,313,0,12,18,359,0,0,0,1,1,1,7,0,0,1,0,0,0,0,0,1,0,0,1,0.31,0,0,0
Decimator Web,13,139,98,16,8,274,0,0,0,1,0,1,4,0,0,1,0,0,0,0,1,0,0,0,0,0.32,0,0,0
Declaration in Stone,20,175,68,14,7,284,1,1,0,1,0,1,2,0,0,1,0,0,1,0,0,0,0,0,1,0.8,0,0,0
Declaration of Naught,21,116,49,13,11,210,1,1,0,1,0,1,2,0,0,1,0,0,0,1,0,0,0,0,2,1.5,1,0,0
Deepfathom Skulker,18,203,0,13,18,252,0,1,-1,1,1,1,6,0,0,1,0,0,0,0,0,1,0,0,1,0.31,0,0,0
Deeproot Champion,17,80,100,16,25,238,1,1,0,1,2,1,2,0,0,1,0,0,0,0,0,1,0,0,1,0.75,0,0,0
Deep-Sea Kraken,15,392,130,19,17,573,1,1,0,1,1,1,10,0,0,1,0,0,0,0,0,1,0,0,3,0.72,0,0,0
Deep-Slumber Titan,18,161,15,14,24,232,1,1,0,1,2,1,4,0,0,1,0,0,0,0,0,1,0,0,2,0.4,0,0,0
Defense Grid,12,70,99,10,8,199,0,0,0,1,0,1,2,0,0,1,0,0,0,0,1,0,0,0,0,5.83,1,1,0
Defense Grid,12,70,59,10,8,159,0,0,0,1,0,1,2,0,0,1,0,0,0,0,1,0,0,0,0,6.29,1,1,0
Defiant Bloodlord,17,68,123,16,18,242,1,1,0,1,1,1,7,0,0,1,0,0,0,0,0,1,0,0,2,0.33,0,0,0
Deflecting Palm,15,195,0,14,7,231,2,2,0,1,0,1,2,0,0,1,0,1,0,0,0,0,0,0,2,1.55,1,0,0
Deflection,10,55,74,13,7,159,1,1,0,1,0,1,4,0,0,1,0,1,0,0,0,0,0,0,1,0.36,0,0,0
Deicide,7,230,22,10,7,276,1,1,0,1,0,1,2,0,0,1,0,1,0,0,0,0,0,0,1,0.34,0,0,0
Deity of Scars,14,154,44,14,24,250,2,2,0,1,2,1,5,0,0,1,0,0,0,0,0,1,0,0,5,3.17,1,0,0
Demigod of Revenge,18,129,106,10,24,287,2,2,0,1,2,1,5,0,0,1,0,0,0,0,0,1,0,0,5,3.59,1,0,0
Demonfire,9,257,0,12,7,285,1,1,0,1,0,1,1,0,0,1,0,0,1,0,0,0,0,0,1,0.76,0,0,0
Demonic Collusion,17,257,0,10,7,291,1,1,0,1,0,1,5,0,0,1,0,0,1,0,0,0,0,0,2,1.28,1,0,0
Demonic Rising,14,124,79,14,11,242,1,1,0,1,0,1,5,0,0,1,0,0,0,1,0,0,0,0,2,0.31,0,0,0
Demonlord of Ashmouth,21,258,0,14,16,309,1,1,0,1,1,1,4,0,0,1,0,0,0,0,0,1,0,0,2,0.42,0,0,0
Den Protector,13,317,0,12,24,366,1,1,0,1,2,1,2,0,0,1,0,0,0,0,0,1,0,0,1,0.8,0,0,0
Denizen of the Deep,19,108,134,11,18,290,1,1,0,1,1,1,8,0,0,1,0,0,0,0,0,1,0,0,2,0.33,0,0,0
Depala  Pilot Exemplar,22,347,0,14,32,415,2,2,0,1,2,1,3,0,0,1,1,0,0,0,0,1,0,0,2,0.38,0,0,0
Deranged Outcast,16,69,94,9,22,210,1,1,0,1,2,1,2,0,0,1,0,0,0,0,0,1,0,0,1,0.34,0,0,0
Descendants' Path,17,259,0,14,11,301,1,1,0,1,0,1,3,0,0,1,0,0,0,1,0,0,0,0,1,3.12,1,0,0
Desecration Demon,17,149,0,10,16,192,1,1,0,1,1,1,4,0,0,1,0,0,0,0,0,1,0,0,2,0.68,0,0,0
Desecration Elemental,21,145,69,12,20,267,1,1,0,1,1,1,4,0,0,1,0,0,0,0,0,1,0,0,1,0.36,0,0,0
Desolate Lighthouse,19,81,75,10,4,189,0,2,-2,1,0,1,0,0,0,1,0,0,0,0,0,0,1,0,0,0.94,0,0,0
Desolation Twin,15,79,153,9,18,274,0,0,0,1,1,1,10,0,0,1,0,0,0,0,0,1,0,0,0,0.5,0,0,0
Despoiler of Souls,18,157,40,12,17,244,1,1,0,1,1,1,2,0,0,1,0,0,0,0,0,1,0,0,2,0.35,0,0,0
Destructive Force,17,85,42,9,7,160,1,1,0,1,0,1,7,0,0,1,0,0,1,0,0,0,0,0,2,0.32,0,0,0
Detention Sphere,16,292,0,10,11,329,2,2,0,1,0,1,3,0,0,1,0,0,0,1,0,0,0,0,2,1.51,1,0,0
Detritivore,11,494,0,13,19,537,1,1,0,1,1,1,4,0,0,1,0,0,0,0,0,1,0,0,2,0.45,0,0,0
Deus of Calamity,16,114,115,13,24,282,2,2,0,1,2,1,5,0,0,1,0,0,0,0,0,1,0,0,5,1.34,1,0,0
Devastating Summons,19,115,38,9,7,188,1,1,0,1,0,1,1,0,0,1,0,0,1,0,0,0,0,0,1,0.6,0,0,0
Devastation Tide,16,174,52,16,7,265,1,1,0,1,0,1,5,0,0,1,0,0,1,0,0,0,0,0,2,0.54,0,0,0
Devil's Play,12,164,31,10,7,224,1,1,0,1,0,1,1,0,0,1,0,0,1,0,0,0,0,0,1,0.37,0,0,0
Devils' Playground,18,127,106,13,7,271,1,1,0,1,0,1,6,0,0,1,0,0,1,0,0,0,0,0,2,0.29,0,0,0
Devout Lightcaster,18,99,73,10,21,221,1,1,0,1,2,1,3,0,0,1,0,0,0,0,0,1,0,0,3,0.35,0,0,0
Diabolic Revelation,19,100,113,16,7,255,1,1,0,1,0,1,5,0,0,1,0,0,1,0,0,0,0,0,2,1.38,1,0,0
Diamond Faerie,14,125,140,14,22,315,3,3,0,1,1,1,5,0,0,1,0,0,0,0,0,1,0,0,3,0.38,0,0,0
Dichotomancy,12,486,0,15,7,520,1,1,0,1,0,1,9,0,0,1,0,0,1,0,0,0,0,0,2,0.42,0,0,0
Dictate of Erebos,17,80,123,16,11,247,1,1,0,1,0,1,5,0,0,1,0,0,0,1,0,0,0,0,2,5.06,1,1,0
Dictate of Heliod,17,38,145,14,11,225,1,1,0,1,0,1,5,0,0,1,0,0,0,1,0,0,0,0,2,0.35,0,0,0
Dictate of Karametra,20,127,73,12,11,243,1,1,0,1,0,1,5,0,0,1,0,0,0,1,0,0,0,0,2,0.37,0,0,0
Dictate of Kruphix,18,88,110,7,11,234,1,1,0,1,0,1,3,0,0,1,0,0,0,1,0,0,0,0,2,1.34,1,0,0
Dictate of the Twin Gods,24,126,74,11,11,246,1,1,0,1,0,1,5,0,0,1,0,0,0,1,0,0,0,0,2,0.31,0,0,0
Dig Through Time,16,219,0,8,7,250,1,1,0,1,0,1,8,0,0,1,0,1,0,0,0,0,0,0,2,1.14,1,0,0
Diluvian Primordial,19,270,0,18,17,324,1,1,0,1,1,1,7,0,0,1,0,0,0,0,0,1,0,0,2,0.46,0,0,0
Dimensional Infiltrator,23,226,0,11,18,278,0,1,-1,1,1,1,2,0,0,1,0,0,0,0,0,1,0,0,1,0.32,0,0,0
Dimir Cutpurse,14,105,142,10,17,288,2,2,0,1,1,1,3,0,0,1,0,0,0,0,0,1,0,0,2,0.72,0,0,0
Dimir Doppelganger,18,126,42,10,23,219,2,2,0,1,1,1,3,0,0,1,0,0,0,0,0,1,0,0,2,0.94,0,0,0
Din of the Fireherd,19,185,27,11,7,249,2,2,0,1,0,1,8,0,0,1,0,0,1,0,0,0,0,0,3,0.67,0,0,0
Dingus Egg,10,114,59,14,8,205,0,0,0,1,0,1,4,0,0,1,0,0,0,0,1,0,0,0,0,0.37,0,0,0
Dire Undercurrents,18,219,0,15,11,263,2,2,0,1,0,1,5,0,0,1,0,0,0,1,0,0,0,0,2,3.21,1,0,0
Diregraf Colossus,17,190,0,13,23,243,1,1,0,1,2,1,3,0,0,1,0,0,0,0,0,1,0,0,1,1.82,1,0,0
Disallow,8,98,66,7,7,186,1,1,0,1,0,1,3,0,0,1,0,1,0,0,0,0,0,0,2,5.53,1,1,0
Disaster Radius,15,209,0,11,7,242,1,1,0,1,0,1,7,0,0,1,0,0,1,0,0,0,0,0,2,0.33,0,0,0
Disciple of Bolas,17,142,80,15,23,277,1,1,0,1,2,1,4,0,0,1,0,0,0,0,0,1,0,0,1,1.3,1,0,0
Dismiss into Dream,18,167,67,18,11,281,1,1,0,1,0,1,7,0,0,1,0,0,0,1,0,0,0,0,1,0.29,0,0,0
Displacement Wave,17,88,55,12,7,179,1,1,0,1,0,1,2,0,0,1,0,0,1,0,0,0,0,0,2,0.32,0,0,0
Dispossess,10,190,0,9,7,216,1,1,0,1,0,1,3,0,0,1,0,0,1,0,0,0,0,0,1,0.42,0,0,0
Disrupting Scepter,18,85,90,14,8,215,0,0,0,1,0,1,3,0,0,1,0,0,0,0,1,0,0,0,0,0.34,0,0,0
Disrupting Scepter,18,85,90,14,8,215,0,0,0,1,0,1,3,0,0,1,0,0,0,0,1,0,0,0,0,0.35,0,0,0
Disrupting Shoal,16,167,0,16,16,215,1,1,0,1,1,1,2,0,0,1,0,1,0,0,0,0,0,0,2,9.16,1,1,0
Dissipation Field,17,72,112,12,11,224,1,1,0,1,0,1,4,0,0,1,0,0,0,1,0,0,0,0,2,1.07,1,0,0
Distant Memories,16,165,93,13,7,294,1,1,0,1,0,1,4,0,0,1,0,0,1,0,0,0,0,0,2,0.3,0,0,0
Distended Mindbender,20,373,0,15,25,433,0,1,-1,1,2,1,8,0,0,1,0,0,0,0,0,1,0,0,0,0.43,0,0,0
Distorting Lens,15,73,69,10,8,175,0,0,0,1,0,1,2,0,0,1,0,0,0,0,1,0,0,0,0,0.44,0,0,0
Divine Deflection,17,197,0,14,7,235,1,1,0,1,0,1,1,0,0,1,0,1,0,0,0,0,0,0,1,0.32,0,0,0
Divine Reckoning,16,172,23,12,7,230,1,1,0,1,0,1,4,0,0,1,0,0,1,0,0,0,0,0,2,0.33,0,0,0
Divinity of Pride,17,82,116,12,24,251,2,2,0,1,2,1,5,0,0,1,0,0,0,0,0,1,0,0,5,2.39,1,0,0
Djeru  With Eyes Open,21,261,0,13,34,329,1,1,0,1,2,1,5,0,0,1,1,0,0,0,0,1,0,0,2,0.36,0,0,0
Djinn Illuminatus,17,265,0,14,16,312,2,2,0,1,1,1,7,0,0,1,0,0,0,0,0,1,0,0,2,0.48,0,0,0
Djinn of Wishes,15,246,0,10,16,287,1,1,0,1,1,1,5,0,0,1,0,0,0,0,0,1,0,0,2,0.3,0,0,0
Djinn of Wishes,15,246,0,10,16,287,1,1,0,1,1,1,5,0,0,1,0,0,0,0,0,1,0,0,2,0.33,0,0,0
Docent of Perfection,20,175,48,9,24,276,1,1,0,1,2,1,5,0,0,1,0,0,0,0,0,1,0,0,2,0.83,0,0,0
Dolmen Gate,11,81,146,16,8,262,0,0,0,1,0,1,2,0,0,1,0,0,0,0,1,0,0,0,0,5.14,1,1,0
Domestication,13,155,0,13,18,199,1,1,0,1,1,1,4,0,0,1,0,0,0,1,0,0,0,0,2,0.27,0,0,0
Dominus of Fealty,17,157,88,10,24,296,2,2,0,1,2,1,5,0,0,1,0,0,0,0,0,1,0,0,5,3.18,1,0,0
Doomed Necromancer,18,107,86,11,33,255,1,1,0,1,3,1,3,0,0,1,0,0,0,0,0,1,0,0,1,3.8,1,0,0
Doomgape,8,112,65,11,20,216,2,2,0,1,1,1,7,0,0,1,0,0,0,0,0,1,0,0,3,0.75,0,0,0
Doomwake Giant,14,167,84,10,28,303,1,1,0,2,1,1,5,0,0,1,0,0,0,1,0,1,0,0,1,0.33,0,0,0
Door of Destinies,17,254,0,16,8,295,0,0,0,1,0,1,4,0,0,1,0,0,0,0,1,0,0,0,0,4.65,1,0,0
Door of Destinies,17,254,0,16,8,295,0,0,0,1,0,1,4,0,0,1,0,0,0,0,1,0,0,0,0,5.7,1,1,0
Door to Nothingness,19,148,105,9,8,289,0,5,-5,1,0,1,5,0,0,1,0,0,0,0,1,0,0,0,0,1.15,1,0,0
Door to Nothingness,19,148,71,15,8,261,0,5,-5,1,0,1,5,0,0,1,0,0,0,0,1,0,0,0,0,1.24,1,0,0
Doran  the Siege Tower,22,81,111,8,36,258,3,3,0,1,2,1,3,0,0,1,1,0,0,0,0,1,0,0,3,9.06,1,1,0
Dormant Gomazoa,15,181,0,10,20,226,1,1,0,1,1,1,3,0,0,1,0,0,0,0,0,1,0,0,2,0.33,0,0,0
Dosan the Falling Leaf,22,52,220,8,31,333,1,1,0,1,2,1,3,0,0,1,1,0,0,0,0,1,0,0,2,3.49,1,0,0
Doubling Chant,14,180,53,13,7,267,1,1,0,1,0,1,6,0,0,1,0,0,1,0,0,0,0,0,1,0.37,0,0,0
Doubling Cube,13,67,86,10,8,184,0,0,0,1,0,1,2,0,0,1,0,0,0,0,1,0,0,0,0,13.55,1,1,1
Doubling Cube,13,67,86,10,8,184,0,0,0,1,0,1,2,0,0,1,0,0,0,0,1,0,0,0,0,13.94,1,1,1
Doubling Season,15,257,0,14,11,297,1,1,0,1,0,1,5,0,0,1,0,0,0,1,0,0,0,0,1,56.98,1,1,1
Dovescape,9,227,0,10,11,257,2,2,0,1,0,1,6,0,0,1,0,0,0,1,0,0,0,0,3,4.63,1,0,0
Dowsing Dagger,14,252,0,21,20,307,0,0,0,1,1,1,2,0,0,1,0,0,0,0,1,0,0,0,0,1.24,1,0,0
Dragon Roost,12,126,70,11,11,230,1,1,0,1,0,1,6,0,0,1,0,0,0,1,0,0,0,0,2,1.45,1,0,0
Dragon Tempest,14,263,0,13,11,301,1,1,0,1,0,1,2,0,0,1,0,0,0,1,0,0,0,0,1,1.23,1,0,0
Dragon Throne of Tarkir,23,164,60,7,30,284,0,0,0,1,1,1,4,0,0,1,1,0,0,0,1,0,0,0,0,0.31,0,0,0
Dragonlord's Prerogative,24,253,0,12,7,296,1,1,0,1,0,1,6,0,0,1,0,1,0,0,0,0,0,0,2,0.35,0,0,0
Dragonscale General,19,205,39,11,24,298,1,1,0,1,2,1,4,0,0,1,0,0,0,0,0,1,0,0,1,0.34,0,0,0
Dragonshift,11,303,0,15,7,336,2,2,0,1,0,1,3,0,0,1,0,1,0,0,0,0,0,0,2,0.26,0,0,0
Dragonskull Summit,18,129,99,13,4,263,0,2,-2,1,0,1,0,0,0,1,0,0,0,0,0,0,1,0,0,2.6,1,0,0
Dragonskull Summit,18,129,0,10,4,161,0,2,-2,1,0,1,0,0,0,1,0,0,0,0,0,0,1,0,0,2.8,1,0,0
Dragonskull Summit,18,129,0,10,4,161,0,2,-2,1,0,1,0,0,0,1,0,0,0,0,0,0,1,0,0,2.82,1,0,0
Dragonskull Summit,18,129,0,10,4,161,0,2,-2,1,0,1,0,0,0,1,0,0,0,0,0,0,1,0,0,2.88,1,0,0
Dragonskull Summit,18,129,0,10,4,161,0,2,-2,1,0,1,0,0,0,1,0,0,0,0,0,0,1,0,0,3,1,0,0
Dragon-Style Twins,18,106,80,11,21,236,1,1,0,1,2,1,5,0,0,1,0,0,0,0,0,1,0,0,2,0.32,0,0,0
Draining Whelk,14,225,0,10,19,268,1,1,0,1,1,1,6,0,0,1,0,0,0,0,0,1,0,0,2,2.99,1,0,0
Drake Haven,11,117,129,21,11,289,1,1,0,1,0,1,3,0,0,1,0,0,0,1,0,0,0,0,1,0.48,0,0,0
Dralnu  Lich Lord,17,305,0,12,34,368,2,2,0,1,2,1,5,0,0,1,1,0,0,0,0,1,0,0,2,1.36,1,0,0
Dramatic Entrance,17,70,37,16,7,147,1,1,0,1,0,1,5,0,0,1,0,1,0,0,0,0,0,0,2,1.54,1,0,0
Drana  Kalastria Bloodchief,27,124,111,11,35,308,1,1,0,1,2,1,5,0,0,1,1,0,0,0,0,1,0,0,2,0.96,0,0,0
Drana's Chosen,14,96,68,20,30,228,1,1,0,1,3,1,4,0,0,1,0,0,0,0,0,1,0,0,1,0.25,0,0,0
Dread,5,230,0,12,32,279,1,1,0,1,2,1,6,0,0,1,0,0,0,0,0,1,0,0,3,2.86,1,0,0
Dread Defiler,13,177,65,15,18,288,0,1,-1,1,1,1,7,0,0,1,0,0,0,0,0,1,0,0,1,0.29,0,0,0
Dread Slag,10,57,72,17,17,173,2,2,0,1,1,1,5,0,0,1,0,0,0,0,0,1,0,0,2,0.34,0,0,0
Dread Slaver,12,188,32,12,24,268,1,1,0,1,2,1,5,0,0,1,0,0,0,0,0,1,0,0,2,0.36,0,0,0
Dread Wanderer,14,225,0,9,24,272,1,1,0,1,2,1,1,0,0,1,0,0,0,0,0,1,0,0,1,1.26,1,0,0
Dreadbore,9,40,65,14,7,135,2,2,0,1,0,1,2,0,0,1,0,0,1,0,0,0,0,0,2,2.04,1,0,0
Dream Leash,11,138,76,22,18,265,1,1,0,1,1,1,5,0,0,1,0,0,0,1,0,0,0,0,2,0.38,0,0,0
Dreamborn Muse,14,174,68,10,17,283,1,1,0,1,1,1,4,0,0,1,0,0,0,0,0,1,0,0,2,0.64,0,0,0
Dreamcaller Siren,17,187,0,14,23,241,1,1,0,1,2,1,4,0,0,1,0,0,0,0,0,1,0,0,2,0.4,0,0,0
Dreamstealer,12,299,0,12,23,346,1,1,0,1,2,1,3,0,0,1,0,0,0,0,0,1,0,0,1,0.55,0,0,0
Drogskol Cavalry,16,152,0,13,24,205,1,1,0,1,2,1,7,0,0,1,0,0,0,0,0,1,0,0,2,0.26,0,0,0
Dromoka  the Eternal,20,163,92,14,27,316,2,2,0,1,1,1,5,0,0,1,1,0,0,0,0,1,0,0,2,0.31,0,0,0
Dromoka's Command,17,244,0,11,7,279,2,2,0,1,0,1,2,0,0,1,0,1,0,0,0,0,0,0,2,1.44,1,0,0
Dross Harvester,15,116,0,14,17,162,1,1,0,1,1,1,3,0,0,1,0,0,0,0,0,1,0,0,2,0.35,0,0,0
Drowned Catacomb,16,126,102,9,4,257,0,2,-2,1,0,1,0,0,0,1,0,0,0,0,0,0,1,0,0,4.77,1,0,0
Drowned Catacomb,16,126,0,12,4,158,0,2,-2,1,0,1,0,0,0,1,0,0,0,0,0,0,1,0,0,5.12,1,1,0
Drowned Catacomb,16,126,0,12,4,158,0,2,-2,1,0,1,0,0,0,1,0,0,0,0,0,0,1,0,0,5.31,1,1,0
Drowned Catacomb,16,126,0,12,4,158,0,2,-2,1,0,1,0,0,0,1,0,0,0,0,0,0,1,0,0,5.4,1,1,0
Drowned Catacomb,16,126,0,12,4,158,0,2,-2,1,0,1,0,0,0,1,0,0,0,0,0,0,1,0,0,5.49,1,1,0
Drowner of Hope,15,246,0,16,18,295,0,1,-1,1,1,1,6,0,0,1,0,0,0,0,0,1,0,0,1,0.41,0,0,0
Drownyard Temple,16,107,59,9,4,195,0,0,0,1,0,1,0,0,0,1,0,0,0,0,0,0,1,0,0,0.37,0,0,0
Druidic Satchel,15,246,0,12,8,281,0,0,0,1,0,1,3,0,0,1,0,0,0,0,1,0,0,0,0,0.38,0,0,0
Druids' Repository,18,178,0,7,11,214,1,1,0,1,0,1,3,0,0,1,0,0,0,1,0,0,0,0,2,0.3,0,0,0
Dual Casting,12,142,79,13,18,264,1,1,0,1,1,1,2,0,0,1,0,0,0,1,0,0,0,0,1,0.48,0,0,0
Dubious Challenge,17,280,0,12,7,316,1,1,0,1,0,1,4,0,0,1,0,0,1,0,0,0,0,0,1,0.34,0,0,0
Duneblast,9,44,115,18,7,193,3,3,0,1,0,1,7,0,0,1,0,0,1,0,0,0,0,0,3,0.32,0,0,0
Dune-Brood Nephilim,19,131,67,10,19,246,4,4,0,1,1,1,4,0,0,1,0,0,0,0,0,1,0,0,4,0.92,0,0,0
Dungeon Geists,14,198,0,9,17,238,1,1,0,1,1,1,4,0,0,1,0,0,0,0,0,1,0,0,2,0.33,0,0,0
Dungrove Elder,14,181,68,12,19,294,1,1,0,1,1,1,3,0,0,1,0,0,0,0,0,1,0,0,1,4.11,1,0,0
Duplicant,9,279,0,14,32,334,0,0,0,2,1,1,6,0,0,1,0,0,0,0,1,1,0,0,0,3.84,1,0,0
Dusk Urchins,12,133,70,13,16,244,1,1,0,1,1,1,3,0,0,1,0,0,0,0,0,1,0,0,1,4.99,1,0,0
Dust Elemental,14,268,0,7,20,309,1,1,0,1,1,1,4,0,0,1,0,0,0,0,0,1,0,0,2,0.49,0,0,0
Dust Stalker,12,159,78,13,18,280,0,2,-2,1,1,1,4,0,0,1,0,0,0,0,0,1,0,0,2,0.33,0,0,0
Dwynen  Gilt-Leaf Daen,22,141,70,13,32,278,1,1,0,1,2,1,4,0,0,1,1,0,0,0,0,1,0,0,2,0.65,0,0,0
Dynavolt Tower,14,170,126,12,8,330,0,0,0,1,0,1,3,0,0,1,0,0,0,0,1,0,0,0,0,0.44,0,0,0
Early Harvest,13,56,172,14,7,262,1,1,0,1,0,1,3,0,0,1,0,1,0,0,0,0,0,0,2,0.77,0,0,0
Earth Surge,11,48,187,12,11,269,1,1,0,1,0,1,4,0,0,1,0,0,0,1,0,0,0,0,1,0.35,0,0,0
Earthquake,10,74,89,12,7,192,1,1,0,1,0,1,1,0,0,1,0,0,1,0,0,0,0,0,1,0.43,0,0,0
Earthshaker Khenra,18,354,0,14,25,411,1,1,0,1,2,1,2,0,0,1,0,0,0,0,0,1,0,0,1,1.49,1,0,0
Earwig Squad,12,305,0,11,23,351,1,1,0,1,2,1,5,0,0,1,0,0,0,0,0,1,0,0,2,0.67,0,0,0
Eastern Paladin,15,43,117,14,24,213,1,1,0,1,2,1,4,0,0,1,0,0,0,0,0,1,0,0,2,0.37,0,0,0
Eater of Days,13,88,101,10,29,241,0,0,0,2,1,1,4,0,0,1,0,0,0,0,1,1,0,0,0,1.99,1,0,0
Eater of Hope,13,129,43,16,16,217,1,1,0,1,1,1,7,0,0,1,0,0,0,0,0,1,0,0,2,0.33,0,0,0
Echo Mage,9,301,0,12,23,345,1,1,0,1,2,1,3,0,0,1,0,0,0,0,0,1,0,0,2,0.53,0,0,0
Eerie Interlude,15,154,68,15,7,259,1,1,0,1,0,1,3,0,0,1,0,1,0,0,0,0,0,0,1,0.45,0,0,0
Eidolon of Blossoms,19,123,60,7,29,238,1,1,0,2,1,1,4,0,0,1,0,0,0,1,0,1,0,0,2,0.43,0,0,0
Eidolon of Countless Battles,28,301,0,16,29,374,1,1,0,2,1,1,3,0,0,1,0,0,0,1,0,1,0,0,2,0.59,0,0,0
Eidolon of the Great Revel,26,125,36,20,29,236,1,1,0,2,1,1,2,0,0,1,0,0,0,1,0,1,0,0,2,9.5,1,1,0
Eiganjo Castle,14,127,104,13,14,272,0,1,-1,1,0,1,0,0,0,1,1,0,0,0,0,0,1,0,0,8.99,1,1,0
Eight-and-a-Half-Tails,22,147,58,11,31,269,1,1,0,1,2,1,2,0,0,1,1,0,0,0,0,1,0,0,2,2.85,1,0,0
Elder Deep-Fiend,16,215,0,11,26,268,0,1,-1,1,2,1,8,0,0,1,0,0,0,0,0,1,0,0,0,0.77,0,0,0
Elder of Laurels,16,101,65,14,24,220,1,1,0,1,2,1,3,0,0,1,0,0,0,0,0,1,0,0,1,0.3,0,0,0
Eldrazi Conscription,20,150,70,11,33,284,0,0,0,2,2,1,8,0,0,1,0,0,0,1,0,0,0,0,0,12.41,1,1,1
Eldrazi Displacer,17,172,0,7,18,214,0,1,-1,1,1,1,3,0,0,1,0,0,0,0,0,1,0,0,1,2.38,1,0,0
Eldrazi Mimic,13,192,32,16,18,271,0,0,0,1,1,1,2,0,0,1,0,0,0,0,0,1,0,0,0,0.58,0,0,0
Eldrazi Obligator,17,245,0,11,18,291,0,1,-1,1,1,1,3,0,0,1,0,0,0,0,0,1,0,0,1,0.39,0,0,0
Eldrazi Temple,14,164,43,11,4,236,0,0,0,1,0,1,0,0,0,1,0,0,0,0,0,0,1,0,0,11.25,1,1,1
Eldritch Evolution,18,301,0,15,7,341,1,1,0,1,0,1,3,0,0,1,0,0,1,0,0,0,0,0,2,1.64,1,0,0
Electropotence,14,169,29,19,11,242,1,1,0,1,0,1,3,0,0,1,0,0,0,1,0,0,0,0,1,0.33,0,0,0
Electrostatic Pummeler,22,184,0,15,29,250,0,0,0,2,1,1,3,0,0,1,0,0,0,0,1,1,0,0,0,0.5,0,0,0
Elemental Appeal,16,256,0,17,7,296,1,1,0,1,0,1,4,0,0,1,0,0,1,0,0,0,0,0,4,0.38,0,0,0
Elemental Mastery,17,185,0,20,18,240,1,1,0,1,1,1,4,0,0,1,0,0,0,1,0,0,0,0,1,3.98,1,0,0
Elemental Resonance,19,211,0,10,18,258,1,1,0,1,1,1,4,0,0,1,0,0,0,1,0,0,0,0,2,0.56,0,0,0
Eliminate the Competition,25,107,93,13,7,245,1,1,0,1,0,1,5,0,0,1,0,0,1,0,0,0,0,0,1,0.29,0,0,0
Elite Arcanist,14,222,0,12,23,271,1,1,0,1,2,1,4,0,0,1,0,0,0,0,0,1,0,0,1,0.44,0,0,0
Elite Archers,13,75,53,12,31,184,1,1,0,1,3,1,6,0,0,1,0,0,0,0,0,1,0,0,1,0.36,0,0,0
Elite Inquisitor,16,83,101,29,24,253,1,1,0,1,2,1,2,0,0,1,0,0,0,0,0,1,0,0,2,0.37,0,0,0
Elusive Tormentor,17,49,123,4,25,218,1,2,-1,1,2,1,4,0,0,1,0,0,0,0,0,1,0,0,2,0.33,0,0,0
Elvish Archdruid,16,99,100,13,20,248,1,1,0,1,2,1,3,0,0,1,0,0,0,0,0,1,0,0,2,2.36,1,0,0
Elvish Archdruid,16,99,100,13,20,248,1,1,0,1,2,1,3,0,0,1,0,0,0,0,0,1,0,0,2,2.4,1,0,0
Elvish Archdruid,16,99,100,13,20,248,1,1,0,1,2,1,3,0,0,1,0,0,0,0,0,1,0,0,2,2.41,1,0,0
Elvish Archdruid,16,99,100,13,20,248,1,1,0,1,2,1,3,0,0,1,0,0,0,0,0,1,0,0,2,2.49,1,0,0
Elvish Champion,15,121,89,8,14,247,1,1,0,1,1,1,3,0,0,1,0,0,0,0,0,1,0,0,2,5.73,1,1,0
Elvish Champion,15,121,89,20,14,259,1,1,0,1,1,1,3,0,0,1,0,0,0,0,0,1,0,0,2,6.5,1,1,0
Elvish Champion,15,121,89,20,14,259,1,1,0,1,1,1,3,0,0,1,0,0,0,0,0,1,0,0,2,7.06,1,1,0
Elvish Piper,12,74,136,14,21,257,1,1,0,1,2,1,4,0,0,1,0,0,0,0,0,1,0,0,1,6.89,1,1,0
Elvish Piper,12,74,136,12,21,255,1,1,0,1,2,1,4,0,0,1,0,0,0,0,0,1,0,0,1,6.93,1,1,0
Elvish Piper,12,74,136,12,21,255,1,1,0,1,2,1,4,0,0,1,0,0,0,0,0,1,0,0,1,6.94,1,1,0
Elvish Piper,12,74,136,12,21,255,1,1,0,1,2,1,4,0,0,1,0,0,0,0,0,1,0,0,1,6.99,1,1,0
Ember Swallower,15,194,0,15,20,244,1,1,0,1,1,1,4,0,0,1,0,0,0,0,0,1,0,0,2,0.28,0,0,0
Embermaw Hellion,16,254,0,11,18,299,1,1,0,1,1,1,5,0,0,1,0,0,0,0,0,1,0,0,2,0.36,0,0,0
Emeria  the Sky Ruin,20,229,0,11,4,264,0,1,-1,1,0,1,0,0,0,1,0,0,0,0,0,0,1,0,0,5.29,1,1,0
Emeria Angel,12,136,43,10,16,217,1,1,0,1,1,1,4,0,0,1,0,0,0,0,0,1,0,0,2,1.41,1,0,0
Emeria Shepherd,15,252,0,16,16,299,1,1,0,1,1,1,7,0,0,1,0,0,0,0,0,1,0,0,2,0.39,0,0,0
Emmara Tandris,14,70,112,12,31,239,2,2,0,1,2,1,7,0,0,1,1,0,0,0,0,1,0,0,2,0.38,0,0,0
Emperor Crocodile,17,65,107,10,20,219,1,1,0,1,1,1,4,0,0,1,0,0,0,0,0,1,0,0,1,0.33,0,0,0
Emperor Crocodile,17,65,107,10,20,219,1,1,0,1,1,1,4,0,0,1,0,0,0,0,0,1,0,0,1,0.34,0,0,0
Emperor's Vanguard,18,260,0,20,22,320,1,1,0,1,2,1,4,0,0,1,0,0,0,0,0,1,0,0,1,0.33,0,0,0
Empty the Catacombs,19,84,67,14,7,191,1,1,0,1,0,1,4,0,0,1,0,0,1,0,0,0,0,0,1,0.4,0,0,0
Empyrial Plate,14,66,0,13,20,113,0,0,0,1,1,1,2,0,0,1,0,0,0,0,1,0,0,0,0,0.5,0,0,0
Emrakul's Evangel,17,171,113,11,23,335,1,1,0,1,2,1,3,0,0,1,0,0,0,0,0,1,0,0,1,0.3,0,0,0
Enchanted Evening,17,65,111,12,11,216,2,2,0,1,0,1,5,0,0,1,0,0,0,1,0,0,0,0,2,5.07,1,1,0
End Hostilities,15,63,67,15,7,167,1,1,0,1,0,1,5,0,0,1,0,0,1,0,0,0,0,0,2,0.36,0,0,0
Endbringer,10,201,0,13,18,242,0,0,0,1,1,1,6,0,0,1,0,0,0,0,0,1,0,0,1,0.51,0,0,0
Endless Horizons,16,244,0,13,11,284,1,1,0,1,0,1,4,0,0,1,0,0,0,1,0,0,0,0,1,5.99,1,1,0
Endless One,11,63,57,11,18,160,0,0,0,1,1,1,0,0,0,1,0,0,0,0,0,1,0,0,0,0.7,0,0,0
Endless Ranks of the Dead,25,140,99,8,11,283,1,1,0,1,0,1,4,0,0,1,0,0,0,1,0,0,0,0,2,5.05,1,1,0
Endless Sands,13,209,0,12,13,247,0,0,0,1,1,1,0,0,0,1,0,0,0,0,0,0,1,0,0,0.38,0,0,0
Endless Swarm,13,210,0,13,7,243,1,1,0,1,0,1,8,0,0,1,0,0,1,0,0,0,0,0,3,0.52,0,0,0
Endless Whispers,16,207,73,14,11,321,1,1,0,1,0,1,4,0,0,1,0,0,0,1,0,0,0,0,2,0.98,0,0,0
Endrek Sahr  Master Breeder,27,202,0,10,33,272,1,1,0,1,2,1,5,0,0,1,1,0,0,0,0,1,0,0,1,0.45,0,0,0
Enduring Ideal,14,246,0,11,7,278,1,1,0,1,0,1,7,0,0,1,0,0,1,0,0,0,0,0,2,5.28,1,1,0
Engineered Explosives,21,266,0,10,8,305,0,0,0,1,0,1,0,0,0,1,0,0,0,0,1,0,0,0,0,46.02,1,1,1
Engulf the Shore,16,115,60,12,7,210,1,1,0,1,0,1,4,0,0,1,0,1,0,0,0,0,0,0,1,0.55,0,0,0
Engulfing Slagwurm,18,141,36,11,15,221,1,1,0,1,1,1,7,0,0,1,0,0,0,0,0,1,0,0,2,0.89,0,0,0
Enigma Sphinx,13,360,0,10,26,409,3,3,0,2,1,1,7,0,0,1,0,0,0,0,1,1,0,0,3,0.54,0,0,0
Enshrined Memories,18,152,85,11,7,273,1,1,0,1,0,1,1,0,0,1,0,0,1,0,0,0,0,0,1,0.48,0,0,0
Ensnaring Bridge,16,80,63,11,8,178,0,0,0,1,0,1,3,0,0,1,0,0,0,0,1,0,0,0,0,42.99,1,1,1
Entrancing Melody,17,59,52,13,7,148,1,1,0,1,0,1,2,0,0,1,0,0,1,0,0,0,0,0,2,0.39,0,0,0
Eon Hub,7,32,114,11,8,172,0,0,0,1,0,1,5,0,0,1,0,0,0,0,1,0,0,0,0,0.85,0,0,0
Epic Proportions,16,69,20,13,18,136,1,1,0,1,1,1,6,0,0,1,0,0,0,1,0,0,0,0,2,0.43,0,0,0
Epiphany at the Drownyard,25,185,47,12,7,276,1,1,0,1,0,1,1,0,0,1,0,1,0,0,0,0,0,0,1,0.34,0,0,0
Epochrasite,11,332,0,16,29,388,0,0,0,2,1,1,2,0,0,1,0,0,0,0,1,1,0,0,0,0.54,0,0,0
Erayo  Soratami Ascendant,25,83,0,12,34,154,1,1,0,1,2,1,2,0,0,1,1,0,0,0,0,1,0,0,1,6.8,1,1,0
Etched Champion,15,107,118,12,27,279,0,0,0,2,1,1,3,0,0,1,0,0,0,0,1,1,0,0,0,3.46,1,0,0
Eternal Dominion,16,372,0,10,7,405,1,1,0,1,0,1,10,0,0,1,0,0,1,0,0,0,0,0,3,2.8,1,0,0
Eternal Scourge,15,147,125,13,25,325,0,0,0,1,2,1,3,0,0,1,0,0,0,0,0,1,0,0,0,0.42,0,0,0
Ethersworn Canonist,19,96,146,4,32,297,1,1,0,2,2,1,2,0,0,1,0,0,0,0,1,1,0,0,1,12.89,1,1,1
Evacuation,10,44,73,13,7,147,1,1,0,1,0,1,5,0,0,1,0,1,0,0,0,0,0,0,2,1.6,1,0,0
Evacuation,10,44,73,13,7,147,1,1,0,1,0,1,5,0,0,1,0,1,0,0,0,0,0,0,2,1.77,1,0,0
Evacuation,10,44,102,15,7,178,1,1,0,1,0,1,5,0,0,1,0,1,0,0,0,0,0,0,2,2.29,1,0,0
Evangelize,10,211,0,13,7,241,1,1,0,1,0,1,5,0,0,1,0,0,1,0,0,0,0,0,1,0.38,0,0,0
Ever After,10,216,0,18,7,251,1,1,0,1,0,1,6,0,0,1,0,0,1,0,0,0,0,0,2,0.38,0,0,0
Everlasting Torment,19,184,46,21,11,281,2,2,0,1,0,1,3,0,0,1,0,0,0,1,0,0,0,0,1,2.34,1,0,0
Evershrike,10,275,0,14,27,326,2,2,0,1,2,1,5,0,0,1,0,0,0,0,0,1,0,0,2,0.99,0,0,0
Evil Twin,9,182,68,12,23,294,2,2,0,1,1,1,4,0,0,1,0,0,0,0,0,1,0,0,2,0.47,0,0,0
Evolution Vat,13,166,121,9,8,317,0,2,-2,1,0,1,3,0,0,1,0,0,0,0,1,0,0,0,0,0.68,0,0,0
Evolutionary Leap,17,193,32,10,11,263,1,1,0,1,0,1,2,0,0,1,0,0,0,1,0,0,0,0,1,0.57,0,0,0
Exava  Rakdos Blood Witch,25,232,0,14,33,304,2,2,0,1,2,1,4,0,0,1,1,0,0,0,0,1,0,0,2,0.38,0,0,0
Excruciator,11,61,191,13,17,293,1,1,0,1,1,1,8,0,0,1,0,0,0,0,0,1,0,0,2,0.39,0,0,0
Exert Influence,15,140,85,17,7,264,1,1,0,1,0,1,5,0,0,1,0,0,1,0,0,0,0,0,1,0.31,0,0,0
Exotic Orchard,14,96,151,15,4,280,0,0,0,1,0,1,0,0,0,1,0,0,0,0,0,0,1,0,0,1.4,1,0,0
Experiment Kraj,15,139,95,10,32,291,2,2,0,1,2,1,6,0,0,1,1,0,0,0,0,1,0,0,4,3.18,1,0,0
Exquisite Blood,15,57,108,16,11,207,1,1,0,1,0,1,5,0,0,1,0,0,0,1,0,0,0,0,1,18.38,1,1,1
Exquisite Firecraft,19,216,47,11,7,300,1,1,0,1,0,1,3,0,0,1,0,0,1,0,0,0,0,0,2,1.28,1,0,0
Extinguish All Hope,19,37,136,11,7,210,1,1,0,1,0,1,6,0,0,1,0,0,1,0,0,0,0,0,2,0.35,0,0,0
Extirpate,9,349,0,10,7,375,1,1,0,1,0,1,1,0,0,1,0,1,0,0,0,0,0,0,1,5.05,1,1,0
Extractor Demon,15,364,0,14,16,409,1,1,0,1,1,1,6,0,0,1,0,0,0,0,0,1,0,0,2,0.34,0,0,0
Extraplanar Lens,16,253,0,15,8,292,0,0,0,1,0,1,3,0,0,1,0,0,0,0,1,0,0,0,0,17.48,1,1,1
Eye of the Storm,16,218,0,16,11,261,1,1,0,1,0,1,7,0,0,1,0,0,0,1,0,0,0,0,2,1.42,1,0,0
Eyes of the Wisent,18,110,58,14,30,230,1,1,0,2,1,1,2,0,0,1,0,0,0,1,0,0,0,0,1,0.47,0,0,0
Ezuri  Renegade Leader,22,121,92,13,32,280,1,1,0,1,2,1,3,0,0,1,1,0,0,0,0,1,0,0,2,5.5,1,1,0
Ezuri's Brigade,15,104,90,9,22,240,1,1,0,1,2,1,4,0,0,1,0,0,0,0,0,1,0,0,2,0.3,0,0,0
Fable of Wolf and Owl,21,171,48,14,11,265,2,2,0,1,0,1,6,0,0,1,0,0,0,1,0,0,0,0,3,3.98,1,0,0
Fabled Hero,11,110,40,12,24,197,1,1,0,1,2,1,3,0,0,1,0,0,0,0,0,1,0,0,2,0.33,0,0,0
Faith's Reward,14,115,134,16,7,286,1,1,0,1,0,1,4,0,0,1,0,1,0,0,0,0,0,0,1,0.57,0,0,0
Falkenrath Gorger,17,255,0,15,28,315,1,1,0,1,2,1,1,0,0,1,0,0,0,0,0,1,0,0,1,0.98,0,0,0
Falkenrath Marauders,20,106,111,11,26,274,1,1,0,1,2,1,5,0,0,1,0,0,0,0,0,1,0,0,2,0.34,0,0,0
Fall of the Titans,18,200,87,12,7,324,1,1,0,1,0,1,1,0,0,1,0,1,0,0,0,0,0,0,1,0.35,0,0,0
Fallen Angel,12,71,69,17,16,185,1,1,0,1,1,1,5,0,0,1,0,0,0,0,0,1,0,0,2,0.35,0,0,0
Fangren Firstborn,17,83,46,15,16,177,1,1,0,1,1,1,4,0,0,1,0,0,0,0,0,1,0,0,3,0.87,0,0,0
Fatal Frenzy,12,150,114,11,7,294,1,1,0,1,0,1,3,0,0,1,0,1,0,0,0,0,0,0,1,0.39,0,0,0
Fate Unraveler,14,80,109,13,26,242,1,1,0,2,1,1,4,0,0,1,0,0,0,1,0,1,0,0,1,0.38,0,0,0
Fated Conflagration,19,234,0,13,7,273,1,1,0,1,0,1,4,0,0,1,0,1,0,0,0,0,0,0,3,0.27,0,0,0
Fated Infatuation,17,224,0,13,7,261,1,1,0,1,0,1,3,0,0,1,0,1,0,0,0,0,0,0,3,0.35,0,0,0
Fated Intervention,18,221,0,15,7,261,1,1,0,1,0,1,5,0,0,1,0,1,0,0,0,0,0,0,3,0.31,0,0,0
Fated Retribution,17,204,0,11,7,239,1,1,0,1,0,1,7,0,0,1,0,1,0,0,0,0,0,0,3,0.33,0,0,0
Fated Return,12,271,0,16,7,306,1,1,0,1,0,1,7,0,0,1,0,1,0,0,0,0,0,0,3,0.3,0,0,0
Fateful Showdown,16,164,111,12,7,310,1,1,0,1,0,1,4,0,0,1,0,1,0,0,0,0,0,0,2,0.29,0,0,0
Fatespinner,11,173,71,7,23,285,1,1,0,1,2,1,3,0,0,1,0,0,0,0,0,1,0,0,2,5.73,1,1,0
Fathom Feeder,13,244,0,13,24,294,0,2,-2,1,2,1,2,0,0,1,0,0,0,0,0,1,0,0,2,0.35,0,0,0
Fathom Fleet Captain,20,167,43,12,23,265,1,1,0,1,2,1,2,0,0,1,0,0,0,0,0,1,0,0,1,0.75,0,0,0
Fathom Mage,11,246,0,13,23,293,2,2,0,1,2,1,4,0,0,1,0,0,0,0,0,1,0,0,2,0.4,0,0,0
Fathom Trawl,12,219,0,13,7,251,1,1,0,1,0,1,5,0,0,1,0,0,1,0,0,0,0,0,2,0.33,0,0,0
Fauna Shaman,12,140,56,14,21,243,1,1,0,1,2,1,2,0,0,1,0,0,0,0,0,1,0,0,1,12.6,1,1,1
Favor of the Mighty,19,82,100,16,26,243,1,1,0,2,1,1,2,0,0,1,0,0,0,1,0,0,0,0,1,0.49,0,0,0
Feed the Pack,13,173,0,14,11,211,1,1,0,1,0,1,6,0,0,1,0,0,0,1,0,0,0,0,1,0.37,0,0,0
Felhide Spiritbinder,20,269,0,15,26,330,1,1,0,1,2,1,4,0,0,1,0,0,0,0,0,1,0,0,1,0.32,0,0,0
Felidar Sovereign,17,99,74,29,20,239,1,1,0,1,2,1,6,0,0,1,0,0,0,0,0,1,0,0,2,0.59,0,0,0
Fell Flagship,13,253,0,12,18,296,0,0,0,1,1,1,3,0,0,1,0,0,0,0,1,0,0,0,0,0.4,0,0,0
Fendeep Summoner,16,123,118,13,26,296,1,1,0,1,2,1,5,0,0,1,0,0,0,0,0,1,0,0,1,0.44,0,0,0
Feral Hydra,11,142,61,14,22,250,1,1,0,1,2,1,1,0,0,1,0,0,0,0,0,1,0,0,1,1.53,1,0,0
Fervor,6,100,133,13,11,263,1,1,0,1,0,1,3,0,0,1,0,0,0,1,0,0,0,0,1,0.74,0,0,0
Fetid Heath,11,92,154,7,4,268,0,2,-2,1,0,1,0,0,0,1,0,0,0,0,0,0,1,0,0,34.67,1,1,1
Fetid Pools,11,134,0,11,19,175,0,2,-2,1,2,1,0,0,0,1,0,0,0,0,0,0,1,0,0,5.34,1,1,0
Feudkiller's Verdict,20,111,113,9,22,275,1,1,0,2,1,1,6,0,0,1,0,0,1,0,0,0,0,0,2,0.4,0,0,0
Fevered Visions,15,182,54,15,11,277,2,2,0,1,0,1,3,0,0,1,0,0,0,1,0,0,0,0,2,0.75,0,0,0
Field Marshal,13,121,149,14,24,321,1,1,0,1,2,1,3,0,0,1,0,0,0,0,0,1,0,0,2,5.08,1,1,0
Field Marshal,13,121,89,14,24,261,1,1,0,1,2,1,3,0,0,1,0,0,0,0,0,1,0,0,2,5.37,1,1,0
Fiend of the Shadows,20,226,0,13,25,284,1,1,0,1,2,1,5,0,0,1,0,0,0,0,0,1,0,0,2,0.27,0,0,0
Fiendslayer Paladin,19,255,0,11,23,308,1,1,0,1,2,1,3,0,0,1,0,0,0,0,0,1,0,0,2,1.44,1,0,0
Fiery Bombardment,17,175,36,9,11,248,1,1,0,1,0,1,2,0,0,1,0,0,0,1,0,0,0,0,1,0.37,0,0,0
Fiery Gambit,12,344,0,16,7,379,1,1,0,1,0,1,3,0,0,1,0,0,1,0,0,0,0,0,1,2.5,1,0,0
Fight to the Death,18,57,65,15,7,162,2,2,0,1,0,1,2,0,0,1,0,1,0,0,0,0,0,0,2,0.56,0,0,0
Figure of Destiny,17,377,0,16,18,428,2,2,0,1,1,1,1,0,0,1,0,0,0,0,0,1,0,0,1,1.64,1,0,0
Filigree Angel,14,97,125,16,25,277,2,2,0,2,1,1,8,0,0,1,0,0,0,0,1,1,0,0,3,0.48,0,0,0
Final Iteration,15,147,0,9,25,196,0,1,-1,1,2,1,5,0,0,1,0,0,0,0,0,1,0,0,0,0.83,0,0,0
Final Judgment,14,20,140,10,7,191,1,1,0,1,0,1,6,0,0,1,0,0,1,0,0,0,0,0,2,3.69,1,0,0
Final Punishment,16,83,88,13,7,207,1,1,0,1,0,1,5,0,0,1,0,0,1,0,0,0,0,0,2,0.36,0,0,0
Finest Hour,11,267,0,15,11,304,3,3,0,1,0,1,5,0,0,1,0,0,0,1,0,0,0,0,3,2.25,1,0,0
Firedrinker Satyr,17,159,59,15,23,273,1,1,0,1,2,1,1,0,0,1,0,0,0,0,0,1,0,0,1,0.35,0,0,0
Fire-Lit Thicket,16,92,129,13,4,254,0,2,-2,1,0,1,0,0,0,1,0,0,0,0,0,0,1,0,0,11.96,1,1,1
Firemane Angel,14,262,0,12,16,304,2,2,0,1,1,1,6,0,0,1,0,0,0,0,0,1,0,0,3,0.76,0,0,0
Firemane Avenger,16,167,115,14,16,328,2,2,0,1,1,1,4,0,0,1,0,0,0,0,0,1,0,0,2,0.42,0,0,0
Firemind's Foresight,20,210,0,9,7,246,2,2,0,1,0,1,7,0,0,1,0,1,0,0,0,0,0,0,2,0.32,0,0,0
Firewing Phoenix,16,78,109,11,18,232,1,1,0,1,1,1,4,0,0,1,0,0,0,0,0,1,0,0,1,0.36,0,0,0
Fist of Suns,12,83,134,12,8,249,0,5,-5,1,0,1,3,0,0,1,0,0,0,0,1,0,0,0,0,3.13,1,0,0
Five-Alarm Fire,15,202,0,13,11,241,1,1,0,1,0,1,3,0,0,1,0,0,0,1,0,0,0,0,2,0.29,0,0,0
Flagstones of Trokair,21,223,91,13,14,362,0,1,-1,1,0,1,0,0,0,1,1,0,0,0,0,0,1,0,0,19.95,1,1,1
Flame Fusillade,15,113,107,11,7,253,1,1,0,1,0,1,4,0,0,1,0,0,1,0,0,0,0,0,1,0.37,0,0,0
Flameblade Angel,16,166,37,16,16,251,1,1,0,1,1,1,6,0,0,1,0,0,0,0,0,1,0,0,2,0.3,0,0,0
Flameblast Dragon,17,136,94,11,17,275,1,1,0,1,1,1,6,0,0,1,0,0,0,0,0,1,0,0,2,0.65,0,0,0
Flameblast Dragon,17,136,45,11,17,226,1,1,0,1,1,1,6,0,0,1,0,0,0,0,0,1,0,0,2,0.67,0,0,0
Flamebreak,10,138,47,15,7,217,1,1,0,1,0,1,3,0,0,1,0,0,1,0,0,0,0,0,3,0.98,0,0,0
Flamerush Rider,15,351,0,7,24,397,1,1,0,1,2,1,5,0,0,1,0,0,0,0,0,1,0,0,1,0.29,0,0,0
Flameshadow Conjuring,21,218,0,12,11,262,1,1,0,1,0,1,4,0,0,1,0,0,0,1,0,0,0,0,1,0.37,0,0,0
Flamewake Phoenix,17,257,0,7,18,299,1,1,0,1,1,1,3,0,0,1,0,0,0,0,0,1,0,0,2,0.43,0,0,0
Flayer of the Hatebound,23,325,0,29,16,393,1,1,0,1,1,1,6,0,0,1,0,0,0,0,0,1,0,0,1,0.42,0,0,0
Fleecemane Lion,15,190,0,15,14,234,2,2,0,1,1,1,2,0,0,1,0,0,0,0,0,1,0,0,2,0.76,0,0,0
Fleet Swallower,15,127,47,16,15,220,1,1,0,1,1,1,7,0,0,1,0,0,0,0,0,1,0,0,2,0.43,0,0,0
Fleeting Image,14,132,93,11,19,269,1,1,0,1,1,1,3,0,0,1,0,0,0,0,0,1,0,0,1,0.32,0,0,0
Fleeting Image,14,132,93,11,19,269,1,1,0,1,1,1,3,0,0,1,0,0,0,0,0,1,0,0,1,0.35,0,0,0
Fleetwheel Cruiser,18,251,0,9,18,296,0,0,0,1,1,1,4,0,0,1,0,0,0,0,1,0,0,0,0,0.36,0,0,0
Flickerform,11,308,0,10,18,347,1,1,0,1,1,1,2,0,0,1,0,0,0,1,0,0,0,0,1,0.46,0,0,0
Flooded Grove,13,92,101,12,4,222,0,2,-2,1,0,1,0,0,0,1,0,0,0,0,0,0,1,0,0,19.83,1,1,1
Flooded Strand,14,150,47,13,4,228,0,0,0,1,0,1,0,0,0,1,0,0,0,0,0,0,1,0,0,15.26,1,1,1
Flowstone Slide,15,42,48,6,7,118,1,1,0,1,0,1,4,0,0,1,0,0,1,0,0,0,0,0,2,0.35,0,0,0
Flowstone Slide,15,42,90,6,7,160,1,1,0,1,0,1,4,0,0,1,0,0,1,0,0,0,0,0,2,0.38,0,0,0
Flying Carpet,13,57,52,11,8,141,0,0,0,1,0,1,4,0,0,1,0,0,0,0,1,0,0,0,0,0.3,0,0,0
Flying Crane Technique,22,86,147,9,7,271,3,3,0,1,0,1,6,0,0,1,0,1,0,0,0,0,0,0,3,0.32,0,0,0
Foe-Razer Regent,16,217,0,14,17,264,1,1,0,1,1,1,7,0,0,1,0,0,0,0,0,1,0,0,2,0.35,0,0,0
Followed Footsteps,18,101,44,10,18,191,1,1,0,1,1,1,5,0,0,1,0,0,0,1,0,0,0,0,2,1.73,1,0,0
Font of Mythos,14,84,82,11,8,199,0,0,0,1,0,1,4,0,0,1,0,0,0,0,1,0,0,0,0,7.12,1,1,0
Forbidden Orchard,17,157,0,11,4,189,0,0,0,1,0,1,0,0,0,1,0,0,0,0,0,0,1,0,0,6.38,1,1,0
Force of Nature,15,206,0,12,20,253,1,1,0,1,1,1,6,0,0,1,0,0,0,0,0,1,0,0,4,0.35,0,0,0
Force of Savagery,17,7,125,9,20,178,1,1,0,1,1,1,3,0,0,1,0,0,0,0,0,1,0,0,1,1.38,1,0,0
Forced Fruition,15,66,114,16,11,222,1,1,0,1,0,1,6,0,0,1,0,0,0,1,0,0,0,0,2,9.06,1,1,0
Foreboding Ruins,16,200,109,13,4,342,0,2,-2,1,0,1,0,0,0,1,0,0,0,0,0,0,1,0,0,1.28,1,0,0
Forgestoker Dragon,18,170,115,13,17,333,1,1,0,1,1,1,6,0,0,1,0,0,0,0,0,1,0,0,2,0.3,0,0,0
Forgotten Creation,18,181,47,4,24,274,1,1,0,1,2,1,4,0,0,1,0,0,0,0,0,1,0,0,1,0.37,0,0,0
Form of the Dragon,18,201,0,14,11,244,1,1,0,1,0,1,7,0,0,1,0,0,0,1,0,0,0,0,3,0.71,0,0,0
Fortified Village,17,201,0,12,4,234,0,2,-2,1,0,1,0,0,0,1,0,0,0,0,0,0,1,0,0,0.89,0,0,0
Fortune Thief,13,200,0,19,22,254,1,1,0,1,2,1,5,0,0,1,0,0,0,0,0,1,0,0,1,1.42,1,0,0
Foul Renewal,12,163,45,14,7,241,1,1,0,1,0,1,4,0,0,1,0,1,0,0,0,0,0,0,1,0.33,0,0,0
Foundry Champion,16,240,0,13,28,297,2,2,0,1,2,1,6,0,0,1,0,0,0,0,0,1,0,0,2,0.28,0,0,0
Fracturing Gust,15,94,139,14,7,269,2,2,0,1,0,1,5,0,0,1,0,1,0,0,0,0,0,0,3,6.65,1,1,0
Fraying Sanity,14,216,42,18,24,314,1,1,0,1,2,1,3,0,0,1,0,0,0,1,0,0,0,0,1,1.91,1,0,0
Freejam Regent,14,192,82,11,17,316,1,1,0,1,1,1,6,0,0,1,0,0,0,0,0,1,0,0,2,0.29,0,0,0
Fresh Meat,10,113,42,11,7,183,1,1,0,1,0,1,4,0,0,1,0,1,0,0,0,0,0,0,1,0.32,0,0,0
From Beyond,11,312,0,15,11,349,0,1,-1,1,0,1,4,0,0,1,0,0,0,1,0,0,0,0,1,0.52,0,0,0
From Under the Floorboards,26,324,0,15,7,372,1,1,0,1,0,1,5,0,0,1,0,0,1,0,0,0,0,0,2,0.38,0,0,0
Frontier Siege,14,296,0,11,11,332,1,1,0,1,0,1,4,0,0,1,0,0,0,1,0,0,0,0,1,0.44,0,0,0
Frontline Medic,15,244,0,13,23,295,1,1,0,1,2,1,3,0,0,1,0,0,0,0,0,1,0,0,1,0.46,0,0,0
Fulminator Mage,15,56,80,7,27,185,2,2,0,1,2,1,3,0,0,1,0,0,0,0,0,1,0,0,2,31.94,1,1,1
Fumigate,8,76,139,15,7,245,1,1,0,1,0,1,5,0,0,1,0,0,1,0,0,0,0,0,2,2.82,1,0,0
Fumiko the Lowblood,19,226,0,14,34,293,1,1,0,1,2,1,4,0,0,1,1,0,0,0,0,1,0,0,2,1.42,1,0,0
Fungal Behemoth,15,510,0,10,17,552,1,1,0,1,1,1,4,0,0,1,0,0,0,0,0,1,0,0,1,0.86,0,0,0
Fungus Sliver,13,146,154,12,24,349,1,1,0,1,2,1,4,0,0,1,0,0,0,0,0,1,0,0,1,0.99,0,0,0
Fungusaur,9,62,124,14,26,235,1,1,0,1,2,1,4,0,0,1,0,0,0,0,0,1,0,0,1,0.34,0,0,0
Furnace Dragon,14,192,0,17,17,240,1,1,0,1,1,1,9,0,0,1,0,0,0,0,0,1,0,0,3,0.41,0,0,0
Furnace of Rath,15,118,75,11,11,230,1,1,0,1,0,1,4,0,0,1,0,0,0,1,0,0,0,0,3,1.51,1,0,0
Furnace of Rath,15,118,75,11,11,230,1,1,0,1,0,1,4,0,0,1,0,0,0,1,0,0,0,0,3,1.66,1,0,0
Furnace of Rath,15,118,75,11,11,230,1,1,0,1,0,1,4,0,0,1,0,0,0,1,0,0,0,0,3,1.7,1,0,0
Fury of the Horde,17,231,0,14,7,269,1,1,0,1,0,1,7,0,0,1,0,0,1,0,0,0,0,0,2,1.18,1,0,0
Furystoke Giant,15,314,0,13,24,366,1,1,0,1,2,1,5,0,0,1,0,0,0,0,0,1,0,0,2,1.11,1,0,0
Gaddock Teeg,12,134,148,12,36,342,2,2,0,1,2,1,2,0,0,1,1,0,0,0,0,1,0,0,2,18.99,1,1,1
Gaea's Anthem,13,32,153,12,11,221,1,1,0,1,0,1,3,0,0,1,0,0,0,1,0,0,0,0,2,1.15,1,0,0
Gaea's Herald,13,35,101,11,14,174,1,1,0,1,1,1,2,0,0,1,0,0,0,0,0,1,0,0,1,0.86,0,0,0
Gaea's Herald,13,35,118,10,14,190,1,1,0,1,1,1,2,0,0,1,0,0,0,0,0,1,0,0,1,1.76,1,0,0
Gaea's Revenge,14,130,0,12,20,176,1,1,0,1,1,1,7,0,0,1,0,0,0,0,0,1,0,0,2,0.4,0,0,0
Galepowder Mage,15,172,0,13,25,225,1,1,0,1,2,1,4,0,0,1,0,0,0,0,0,1,0,0,1,0.43,0,0,0
Galerider Sliver,16,41,205,12,17,291,1,1,0,1,1,1,1,0,0,1,0,0,0,0,0,1,0,0,1,4.49,1,0,0
Gallows at Willow Hill,22,143,0,9,8,182,0,0,0,1,0,1,3,0,0,1,0,0,0,0,1,0,0,0,0,0.32,0,0,0
Galvanoth,9,160,68,10,16,263,1,1,0,1,1,1,5,0,0,1,0,0,0,0,0,1,0,0,2,0.31,0,0,0
Game Trail,10,189,0,13,4,216,0,2,-2,1,0,1,0,0,0,1,0,0,0,0,0,0,1,0,0,1.3,1,0,0
Gargoyle Castle,15,137,99,11,4,266,0,0,0,1,0,1,0,0,0,1,0,0,0,0,0,0,1,0,0,0.38,0,0,0
Garruk Wildspeaker,18,144,0,14,31,207,1,1,0,1,1,1,4,0,0,1,1,0,0,0,0,0,0,1,2,8.69,1,1,0
Garruk's Horde,14,215,0,14,16,259,1,1,0,1,1,1,7,0,0,1,0,0,0,0,0,1,0,0,2,0.33,0,0,0
Garruk's Horde,14,215,0,14,16,259,1,1,0,1,1,1,7,0,0,1,0,0,0,0,0,1,0,0,2,0.34,0,0,0
Garza Zol  Plague Queen,23,196,0,13,28,260,3,3,0,1,1,1,7,0,0,1,1,0,0,0,0,1,0,0,3,0.7,0,0,0
Garza's Assassin,16,304,0,13,25,358,1,1,0,1,2,1,3,0,0,1,0,0,0,0,0,1,0,0,3,0.45,0,0,0
Gate to the Aether,18,199,0,12,8,237,0,0,0,1,0,1,6,0,0,1,0,0,0,0,1,0,0,0,0,1.16,1,0,0
Gather Specimens,16,134,96,16,7,269,1,1,0,1,0,1,6,0,0,1,0,1,0,0,0,0,0,0,3,0.71,0,0,0
Gauntlet of Power,17,275,0,16,8,316,0,0,0,1,0,1,5,0,0,1,0,0,0,0,1,0,0,0,0,18.65,1,1,1
Gavony Township,15,97,142,16,4,274,0,2,-2,1,0,1,0,0,0,1,0,0,0,0,0,0,1,0,0,6.02,1,1,0
Gaze of Granite,15,66,106,9,7,203,2,2,0,1,0,1,3,0,0,1,0,0,1,0,0,0,0,0,3,0.3,0,0,0
Geier Reach Bandit,18,102,68,15,31,234,1,1,0,1,3,1,3,0,0,1,0,0,0,0,0,1,0,0,1,0.5,0,0,0
Geier Reach Sanitarium,22,89,16,12,14,153,0,0,0,1,0,1,0,0,0,1,1,0,0,0,0,0,1,0,0,0.75,0,0,0
Geist-Honored Monk,18,210,0,13,21,262,1,1,0,1,2,1,5,0,0,1,0,0,0,0,0,1,0,0,2,0.31,0,0,0
Gelatinous Genesis,18,40,109,16,7,190,1,1,0,1,0,1,1,0,0,1,0,0,1,0,0,0,0,0,1,0.81,0,0,0
Gemini Engine,13,252,0,7,29,301,0,0,0,2,1,1,6,0,0,1,0,0,0,0,1,1,0,0,0,0.33,0,0,0
Gemstone Caverns,16,335,0,17,14,382,0,0,0,1,0,1,0,0,0,1,1,0,0,0,0,0,1,0,0,9.99,1,1,0
General's Kabuto,16,227,0,22,20,285,0,0,0,1,1,1,4,0,0,1,0,0,0,0,1,0,0,0,0,2.82,1,0,0
Genesis Hydra,13,285,22,16,22,358,1,1,0,1,2,1,2,0,0,1,0,0,0,0,0,1,0,0,2,0.7,0,0,0
Genesis Wave,12,250,0,11,7,280,1,1,0,1,0,1,3,0,0,1,0,0,1,0,0,0,0,0,3,5.12,1,1,0
Genju of the Realm,18,237,0,16,28,299,5,5,0,1,1,1,5,0,0,1,1,0,0,1,0,0,0,0,5,3.31,1,0,0
Geralf's Messenger,18,280,0,10,17,325,1,1,0,1,1,1,3,0,0,1,0,0,0,0,0,1,0,0,3,6.25,1,1,0
Geralf's Mindcrusher,20,289,0,15,24,348,1,1,0,1,2,1,6,0,0,1,0,0,0,0,0,1,0,0,2,0.35,0,0,0
Ghastlord of Fugue,18,191,63,16,24,312,2,2,0,1,2,1,5,0,0,1,0,0,0,0,0,1,0,0,5,4.99,1,0,0
Ghirapur Orrery,15,178,78,16,8,295,0,0,0,1,0,1,4,0,0,1,0,0,0,0,1,0,0,0,0,0.35,0,0,0
Ghost Council of Orzhova,24,256,0,12,27,319,2,2,0,1,1,1,4,0,0,1,1,0,0,0,0,1,0,0,4,0.75,0,0,0
Ghostfire Blade,15,134,60,20,20,249,0,0,0,1,1,1,1,0,0,1,0,0,0,0,1,0,0,0,0,0.5,0,0,0
Ghosts of the Innocent,22,131,151,10,17,331,1,1,0,1,1,1,7,0,0,1,0,0,0,0,0,1,0,0,2,0.35,0,0,0
Ghostway,8,137,152,10,7,314,1,1,0,1,0,1,3,0,0,1,0,1,0,0,0,0,0,0,1,5.33,1,1,0
Ghoultree,9,74,55,11,26,175,1,1,0,1,2,1,8,0,0,1,0,0,0,0,0,1,0,0,1,0.75,0,0,0
Giant Solifuge,14,126,93,7,17,257,2,2,0,1,1,1,4,0,0,1,0,0,0,0,0,1,0,0,2,0.48,0,0,0
Gibbering Descent,17,292,0,6,11,326,1,1,0,1,0,1,6,0,0,1,0,0,0,1,0,0,0,0,2,0.61,0,0,0
Gideon's Avenger,16,97,98,14,24,249,1,1,0,1,2,1,3,0,0,1,0,0,0,0,0,1,0,0,2,0.74,0,0,0
Gideon's Intervention,21,229,0,7,11,268,1,1,0,1,0,1,4,0,0,1,0,0,0,1,0,0,0,0,2,0.42,0,0,0
Gideon's Phalanx,16,210,0,11,7,244,1,1,0,1,0,1,7,0,0,1,0,1,0,0,0,0,0,0,2,0.34,0,0,0
Gideon's Resolve,16,252,0,12,11,291,1,1,0,1,0,1,5,0,0,1,0,0,0,1,0,0,0,0,1,0.32,0,0,0
Gift of Immortality,19,220,0,12,18,269,1,1,0,1,1,1,3,0,0,1,0,0,0,1,0,0,0,0,1,1,1,0,0
Gifts Ungiven,13,219,0,20,7,259,1,1,0,1,0,1,4,0,0,1,0,1,0,0,0,0,0,0,1,8.56,1,1,0
Gigantiform,11,269,0,12,18,310,1,1,0,1,1,1,5,0,0,1,0,0,0,1,0,0,0,0,2,0.33,0,0,0
Gigantomancer,13,84,110,6,23,236,1,1,0,1,2,1,8,0,0,1,0,0,0,0,0,1,0,0,1,0.36,0,0,0
Gild,4,147,80,14,7,252,1,1,0,1,0,1,4,0,0,1,0,0,1,0,0,0,0,0,1,0.3,0,0,0
Gilded Lotus,12,55,65,17,8,157,0,0,0,1,0,1,5,0,0,1,0,0,0,0,1,0,0,0,0,12.94,1,1,1
Gilded Lotus,12,55,65,17,8,157,0,0,0,1,0,1,5,0,0,1,0,0,0,0,1,0,0,0,0,13.77,1,1,1
Gilt-Leaf Archdruid,19,142,89,14,20,284,1,1,0,1,2,1,5,0,0,1,0,0,0,0,0,1,0,0,2,4.11,1,0,0
Gilt-Leaf Palace,16,187,85,19,4,311,0,2,-2,1,0,1,0,0,0,1,0,0,0,0,0,0,1,0,0,14.5,1,1,1
Gilt-Leaf Winnower,18,200,0,12,22,252,1,1,0,1,2,1,5,0,0,1,0,0,0,0,0,1,0,0,2,0.38,0,0,0
Giltspire Avenger,17,165,62,10,24,278,3,3,0,1,2,1,3,0,0,1,0,0,0,0,0,1,0,0,3,0.95,0,0,0
Glacial Fortress,16,127,96,11,4,254,0,2,-2,1,0,1,0,0,0,1,0,0,0,0,0,0,1,0,0,3.28,1,0,0
Glacial Fortress,16,127,0,15,4,162,0,2,-2,1,0,1,0,0,0,1,0,0,0,0,0,0,1,0,0,3.5,1,0,0
Glacial Fortress,16,127,0,15,4,162,0,2,-2,1,0,1,0,0,0,1,0,0,0,0,0,0,1,0,0,3.5,1,0,0
Glacial Fortress,16,127,0,15,4,162,0,2,-2,1,0,1,0,0,0,1,0,0,0,0,0,0,1,0,0,3.59,1,0,0
Glacial Fortress,16,127,0,15,4,162,0,2,-2,1,0,1,0,0,0,1,0,0,0,0,0,0,1,0,0,3.63,1,0,0
Gladehart Cavalry,17,206,0,15,21,259,1,1,0,1,2,1,7,0,0,1,0,0,0,0,0,1,0,0,2,0.25,0,0,0
Glamerdye,9,221,0,13,7,250,1,1,0,1,0,1,2,0,0,1,0,1,0,0,0,0,0,0,1,0.43,0,0,0
Glare of Subdual,16,70,104,29,11,230,2,2,0,1,0,1,4,0,0,1,0,0,0,1,0,0,0,0,2,0.85,0,0,0
Glaring Spotlight,17,258,0,13,8,296,0,0,0,1,0,1,1,0,0,1,0,0,0,0,1,0,0,0,0,0.52,0,0,0
Gleam of Authority,18,279,0,12,18,327,1,1,0,1,1,1,2,0,0,1,0,0,0,1,0,0,0,0,1,0.37,0,0,0
Gleancrawler,12,195,0,11,24,242,2,2,0,1,2,1,6,0,0,1,0,0,0,0,0,1,0,0,3,0.47,0,0,0
Glen Elendra Archmage,21,231,0,11,24,287,1,1,0,1,2,1,4,0,0,1,0,0,0,0,0,1,0,0,1,16.33,1,1,1
Glen Elendra Liege,18,95,74,10,24,221,2,2,0,1,2,1,4,0,0,1,0,0,0,0,0,1,0,0,3,2.46,1,0,0
Glimmervoid,11,135,45,15,4,210,0,0,0,1,0,1,0,0,0,1,0,0,0,0,0,0,1,0,0,16.64,1,1,1
Glimpse of Nature,17,58,117,10,7,209,1,1,0,1,0,1,1,0,0,1,0,0,1,0,0,0,0,0,1,20.22,1,1,1
Glimpse the Unthinkable,23,85,167,17,7,299,2,2,0,1,0,1,2,0,0,1,0,0,1,0,0,0,0,0,2,18.87,1,1,1
Glint-Eye Nephilim,18,152,66,8,19,263,4,4,0,1,1,1,4,0,0,1,0,0,0,0,0,1,0,0,4,0.62,0,0,0
Glint-Sleeve Siphoner,21,206,0,14,22,263,1,1,0,1,2,1,2,0,0,1,0,0,0,0,0,1,0,0,1,3.25,1,0,0
Glissa Sunseeker,16,118,68,4,24,230,1,1,0,1,1,1,4,0,0,1,1,0,0,0,0,1,0,0,2,1,1,0,0
Glistening Oil,14,232,0,15,18,279,1,1,0,1,1,1,2,0,0,1,0,0,0,1,0,0,0,0,2,0.57,0,0,0
Glittering Wish,15,133,58,12,7,225,2,2,0,1,0,1,2,0,0,1,0,0,1,0,0,0,0,0,2,4.99,1,0,0
Gloom Surgeon,13,125,104,11,17,270,1,1,0,1,1,1,2,0,0,1,0,0,0,0,0,1,0,0,1,0.35,0,0,0
Glorious Anthem,15,32,30,10,11,98,1,1,0,1,0,1,3,0,0,1,0,0,0,1,0,0,0,0,2,0.9,0,0,0
Glorious Anthem,15,32,30,10,11,98,1,1,0,1,0,1,3,0,0,1,0,0,0,1,0,0,0,0,2,0.94,0,0,0
Glorious Anthem,15,32,77,10,11,145,1,1,0,1,0,1,3,0,0,1,0,0,0,1,0,0,0,0,2,1.69,1,0,0
Glory of Warfare,16,123,73,13,11,236,2,2,0,1,0,1,4,0,0,1,0,0,0,1,0,0,0,0,2,1.19,1,0,0
Glory-Bound Initiate,20,177,96,13,24,330,1,1,0,1,2,1,2,0,0,1,0,0,0,0,0,1,0,0,1,0.6,0,0,0
Glorybringer,12,201,81,10,17,321,1,1,0,1,1,1,5,0,0,1,0,0,0,0,0,1,0,0,2,4.33,1,0,0
Glyph Keeper,12,312,0,10,17,351,1,1,0,1,1,1,5,0,0,1,0,0,0,0,0,1,0,0,2,0.35,0,0,0
Goblin Assault,14,128,86,11,11,250,1,1,0,1,0,1,3,0,0,1,0,0,0,1,0,0,0,0,1,1.15,1,0,0
Goblin Charbelcher,18,360,0,14,8,400,0,0,0,1,0,1,4,0,0,1,0,0,0,0,1,0,0,0,0,2.25,1,0,0
Goblin Chieftain,16,141,40,8,17,222,1,1,0,1,1,1,3,0,0,1,0,0,0,0,0,1,0,0,2,3.79,1,0,0
Goblin Chieftain,16,141,121,8,17,303,1,1,0,1,1,1,3,0,0,1,0,0,0,0,0,1,0,0,2,3.8,1,0,0
Goblin Chieftain,16,141,121,8,17,303,1,1,0,1,1,1,3,0,0,1,0,0,0,0,0,1,0,0,2,4.27,1,0,0
Goblin Dark-Dwellers,20,260,0,15,17,312,1,1,0,1,1,1,5,0,0,1,0,0,0,0,0,1,0,0,2,0.5,0,0,0
Goblin Diplomats,16,45,53,4,17,135,1,1,0,1,1,1,2,0,0,1,0,0,0,0,0,1,0,0,1,0.33,0,0,0
Goblin Guide,12,160,70,11,23,276,1,1,0,1,2,1,1,0,0,1,0,0,0,0,0,1,0,0,1,17.18,1,1,1
Goblin Kaboomist,16,276,26,10,25,353,1,1,0,1,2,1,2,0,0,1,0,0,0,0,0,1,0,0,1,0.29,0,0,0
Goblin King,11,128,111,10,17,277,1,1,0,1,1,1,3,0,0,1,0,0,0,0,0,1,0,0,2,1.86,1,0,0
Goblin King,11,128,111,10,17,277,1,1,0,1,1,1,3,0,0,1,0,0,0,0,0,1,0,0,2,2.94,1,0,0
Goblin King,11,128,111,10,17,277,1,1,0,1,1,1,3,0,0,1,0,0,0,0,0,1,0,0,2,4.58,1,0,0
Goblin Piledriver,17,210,0,12,25,264,1,1,0,1,2,1,2,0,0,1,0,0,0,0,0,1,0,0,1,2.1,1,0,0
Goblin Rabblemaster,19,257,0,15,25,316,1,1,0,1,2,1,3,0,0,1,0,0,0,0,0,1,0,0,1,2.99,1,0,0
Goblin Razerunners,18,209,82,16,25,350,1,1,0,1,2,1,4,0,0,1,0,0,0,0,0,1,0,0,2,0.35,0,0,0
Godhead of Awe,14,57,112,8,24,215,2,2,0,1,2,1,5,0,0,1,0,0,0,0,0,1,0,0,5,4.08,1,0,0
Godless Shrine,14,162,22,12,19,229,0,2,-2,1,2,1,0,0,0,1,0,0,0,0,0,0,1,0,0,12,1,1,1
Godless Shrine,14,162,0,13,19,208,0,2,-2,1,2,1,0,0,0,1,0,0,0,0,0,0,1,0,0,15.07,1,1,1
Godo  Bandit Warlord,20,310,0,13,36,379,1,1,0,1,2,1,6,0,0,1,1,0,0,0,0,1,0,0,1,2,1,0,0
God-Pharaoh's Gift,18,211,0,12,8,249,0,0,0,1,0,1,7,0,0,1,0,0,0,0,1,0,0,0,0,1.37,1,0,0
Golgari Grave-Troll,19,408,0,16,25,468,1,1,0,1,2,1,5,0,0,1,0,0,0,0,0,1,0,0,1,3.8,1,0,0
Goliath Sphinx,14,6,99,12,17,148,1,1,0,1,1,1,7,0,0,1,0,0,0,0,0,1,0,0,2,0.32,0,0,0
Gonti  Lord of Luxury,21,361,0,7,37,426,1,1,0,1,2,1,4,0,0,1,1,0,0,0,0,1,0,0,2,0.7,0,0,0
Goring Ceratops,15,113,73,11,19,231,1,1,0,1,1,1,7,0,0,1,0,0,0,0,0,1,0,0,2,0.35,0,0,0
Goryo's Vengeance,17,324,0,6,16,363,1,1,0,1,1,1,2,0,0,1,0,1,0,0,0,0,0,0,1,43.36,1,1,1
Govern the Guildless,20,258,0,22,7,307,1,1,0,1,0,1,6,0,0,1,0,0,1,0,0,0,0,0,1,0.36,0,0,0
Grafdigger's Cage,17,128,99,16,8,268,0,0,0,1,0,1,1,0,0,1,0,0,0,0,1,0,0,0,0,4.38,1,0,0
Grand Abolisher,15,114,77,14,23,243,1,1,0,1,2,1,2,0,0,1,0,0,0,0,0,1,0,0,2,4.88,1,0,0
Grand Arbiter Augustin IV,25,138,108,29,34,334,2,2,0,1,2,1,4,0,0,1,1,0,0,0,0,1,0,0,2,8.02,1,1,0
Grand Architect,15,259,0,15,29,318,1,1,0,1,2,1,3,0,0,1,0,0,0,0,0,1,0,0,2,3.5,1,0,0
Granulate,9,65,107,12,7,200,1,1,0,1,0,1,4,0,0,1,0,0,1,0,0,0,0,0,2,0.34,0,0,0
Grappling Hook,14,139,40,13,20,226,0,0,0,1,1,1,4,0,0,1,0,0,0,0,1,0,0,0,0,0.46,0,0,0
Grasping Current,16,226,0,12,7,261,1,1,0,1,0,1,5,0,0,1,0,0,1,0,0,0,0,0,1,0.3,0,0,0
Grave Betrayal,14,244,0,14,11,283,1,1,0,1,0,1,7,0,0,1,0,0,0,1,0,0,0,0,2,1.24,1,0,0
Grave Pact,10,78,75,9,11,183,1,1,0,1,0,1,4,0,0,1,0,0,0,1,0,0,0,0,3,14.93,1,1,1
Grave Pact,10,78,75,9,11,183,1,1,0,1,0,1,4,0,0,1,0,0,0,1,0,0,0,0,3,15.5,1,1,1
Grave Pact,10,78,75,13,11,187,1,1,0,1,0,1,4,0,0,1,0,0,0,1,0,0,0,0,3,17.2,1,1,1
Graveblade Marauder,19,225,0,15,24,283,1,1,0,1,2,1,3,0,0,1,0,0,0,0,0,1,0,0,1,0.34,0,0,0
Graveborn Muse,14,116,72,10,24,236,1,1,0,1,2,1,4,0,0,1,0,0,0,0,0,1,0,0,2,2.47,1,0,0
Gravecrawler,12,104,122,15,17,270,1,1,0,1,1,1,1,0,0,1,0,0,0,0,0,1,0,0,1,4.26,1,0,0
Graven Cairns,13,92,155,13,4,277,0,2,-2,1,0,1,0,0,0,1,0,0,0,0,0,0,1,0,0,6.99,1,1,0
Graven Cairns,13,92,115,17,4,241,0,2,-2,1,0,1,0,0,0,1,0,0,0,0,0,0,1,0,0,7.23,1,1,0
Graven Dominator,16,223,0,14,19,272,1,1,0,1,1,1,6,0,0,1,0,0,0,0,0,1,0,0,2,0.38,0,0,0
Grave-Shell Scarab,18,257,0,12,17,304,2,2,0,1,1,1,5,0,0,1,0,0,0,0,0,1,0,0,3,0.45,0,0,0
Gravitational Shift,19,68,93,15,11,206,1,1,0,1,0,1,5,0,0,1,0,0,0,1,0,0,0,0,2,0.49,0,0,0
Great Sable Stag,16,170,28,12,14,240,1,1,0,1,1,1,3,0,0,1,0,0,0,0,0,1,0,0,2,0.6,0,0,0
Greatbow Doyen,14,170,31,15,21,251,1,1,0,1,2,1,5,0,0,1,0,0,0,0,0,1,0,0,1,0.74,0,0,0
Greater Auramancy,17,158,55,12,11,253,1,1,0,1,0,1,2,0,0,1,0,0,0,1,0,0,0,0,1,26.99,1,1,1
Greater Gargadon,16,162,0,13,16,207,1,1,0,1,1,1,10,0,0,1,0,0,0,0,0,1,0,0,1,3.5,1,0,0
Greater Good,12,100,98,14,11,235,1,1,0,1,0,1,4,0,0,1,0,0,0,1,0,0,0,0,2,13.61,1,1,1
Greater Harvester,17,154,0,11,17,199,1,1,0,1,1,1,5,0,0,1,0,0,0,0,0,1,0,0,3,0.34,0,0,0
Green Sun's Zenith,18,190,75,12,7,302,1,1,0,1,0,1,1,0,0,1,0,0,1,0,0,0,0,0,1,6.13,1,1,0
Greenbelt Rampager,18,158,45,14,19,254,1,1,0,1,1,1,1,0,0,1,0,0,0,0,0,1,0,0,1,0.67,0,0,0
Greenwheel Liberator,20,144,99,13,22,298,1,1,0,1,2,1,2,0,0,1,0,0,0,0,0,1,0,0,1,0.38,0,0,0
Grid Monitor,12,31,52,12,29,136,0,0,0,2,1,1,4,0,0,1,0,0,0,0,1,1,0,0,0,0.39,0,0,0
Grim Backwoods,14,82,56,13,4,169,0,2,-2,1,0,1,0,0,0,1,0,0,0,0,0,0,1,0,0,0.33,0,0,0
Grim Haruspex,13,182,91,12,23,321,1,1,0,1,2,1,3,0,0,1,0,0,0,0,0,1,0,0,1,0.41,0,0,0
Grim Lavamancer,15,107,81,14,23,240,1,1,0,1,2,1,1,0,0,1,0,0,0,0,0,1,0,0,1,4,1,0,0
Grim Poppet,11,156,69,10,29,275,0,0,0,2,1,1,7,0,0,1,0,0,0,0,1,1,0,0,0,2.29,1,0,0
Grim Reminder,13,276,0,13,7,309,1,1,0,1,0,1,3,0,0,1,0,1,0,0,0,0,0,0,1,0.32,0,0,0
Grim Return,11,148,92,12,7,270,1,1,0,1,0,1,3,0,0,1,0,1,0,0,0,0,0,0,1,0.35,0,0,0
Grimoire Thief,14,274,0,14,24,326,1,1,0,1,2,1,2,0,0,1,0,0,0,0,0,1,0,0,2,1.92,1,0,0
Grindclock,10,185,29,9,8,241,0,0,0,1,0,1,2,0,0,1,0,0,0,0,1,0,0,0,0,0.31,0,0,0
Grindclock,10,185,29,9,8,241,0,0,0,1,0,1,2,0,0,1,0,0,0,0,1,0,0,0,0,0.33,0,0,0
Ground Seal,11,118,65,14,11,219,1,1,0,1,0,1,2,0,0,1,0,0,0,1,0,0,0,0,1,0.35,0,0,0
Groundbreaker,13,73,50,12,20,168,1,1,0,1,1,1,3,0,0,1,0,0,0,0,0,1,0,0,3,2.37,1,0,0
Grove of the Burnwillows,24,98,125,12,4,263,0,2,-2,1,0,1,0,0,0,1,0,0,0,0,0,0,1,0,0,30.01,1,1,1
Grove of the Guardian,21,191,0,14,4,230,0,2,-2,1,0,1,0,0,0,1,0,0,0,0,0,0,1,0,0,0.3,0,0,0
Growing Ranks,13,106,79,12,11,221,2,2,0,1,0,1,4,0,0,1,0,0,0,1,0,0,0,0,2,0.88,0,0,0
Growing Rites of Itlimoc,24,338,0,18,21,401,1,1,0,1,0,1,3,0,0,1,1,0,0,1,0,0,0,0,1,4.8,1,0,0
Grozoth,7,507,0,20,20,554,1,1,0,1,1,1,9,0,0,1,0,0,0,0,0,1,0,0,3,1.86,1,0,0
Gruesome Slaughter,18,128,134,14,7,301,0,0,0,1,0,1,6,0,0,1,0,0,1,0,0,0,0,0,0,0.3,0,0,0
Gruul Ragebeast,15,146,116,12,16,305,2,2,0,1,1,1,7,0,0,1,0,0,0,0,0,1,0,0,2,0.26,0,0,0
Gruul War Plow,14,123,107,17,8,269,0,2,-2,1,0,1,4,0,0,1,0,0,0,0,1,0,0,0,0,0.45,0,0,0
Guardian of Tazeem,18,214,0,11,17,260,1,1,0,1,1,1,5,0,0,1,0,0,0,0,0,1,0,0,2,0.29,0,0,0
Guardian of the Ages,20,172,48,13,25,278,0,0,0,2,1,1,7,0,0,1,0,0,0,0,1,1,0,0,0,0.31,0,0,0
Guardian Seraph,15,91,65,11,16,198,1,1,0,1,1,1,4,0,0,1,0,0,0,0,0,1,0,0,2,0.59,0,0,0
Guild Feud,10,355,0,13,11,389,1,1,0,1,0,1,6,0,0,1,0,0,0,1,0,0,0,0,1,0.28,0,0,0
Guile,5,283,0,29,32,349,1,1,0,1,2,1,6,0,0,1,0,0,0,0,0,1,0,0,3,0.84,0,0,0
Gutter Grime,12,230,0,10,11,263,1,1,0,1,0,1,5,0,0,1,0,0,0,1,0,0,0,0,1,0.33,0,0,0
Guul Draz Assassin,18,221,0,11,27,277,1,1,0,1,2,1,1,0,0,1,0,0,0,0,0,1,0,0,1,4.24,1,0,0
Guul Draz Overseer,18,211,0,13,18,260,1,1,0,1,1,1,6,0,0,1,0,0,0,0,0,1,0,0,2,0.29,0,0,0
Guul Draz Specter,17,169,0,10,18,214,1,1,0,1,1,1,4,0,0,1,0,0,0,0,0,1,0,0,2,0.38,0,0,0
Gwafa Hazid  Profiteer,22,164,23,13,32,254,2,2,0,1,2,1,3,0,0,1,1,0,0,0,0,1,0,0,2,1.05,1,0,0
Gyre Sage,9,245,0,14,20,288,1,1,0,1,2,1,2,0,0,1,0,0,0,0,0,1,0,0,1,1.92,1,0,0
Haakon  Stromgald Scourge,25,210,0,8,34,277,1,1,0,1,2,1,3,0,0,1,1,0,0,0,0,1,0,0,2,3,1,0,0
Haazda Shield Mate,18,184,69,10,24,305,1,1,0,1,2,1,3,0,0,1,0,0,0,0,0,1,0,0,1,0.38,0,0,0
Hair-Strung Koto,16,118,171,12,8,325,0,0,0,1,0,1,6,0,0,1,0,0,0,0,1,0,0,0,0,0.35,0,0,0
Hall of the Bandit Lord,23,157,0,13,14,207,0,0,0,1,0,1,0,0,0,1,1,0,0,0,0,0,1,0,0,10.18,1,1,1
Hall of Triumph,15,111,87,8,18,239,0,0,0,1,0,1,3,0,0,1,1,0,0,0,1,0,0,0,0,0.44,0,0,0
Hallowed Burial,15,59,95,12,7,188,1,1,0,1,0,1,5,0,0,1,0,0,1,0,0,0,0,0,2,1.78,1,0,0
Hallowed Fountain,17,168,48,9,20,262,0,2,-2,1,2,1,0,0,0,1,0,0,0,0,0,0,1,0,0,7.89,1,1,0
Hallowed Fountain,17,168,0,13,20,218,0,2,-2,1,2,1,0,0,0,1,0,0,0,0,0,0,1,0,0,14.99,1,1,1
Hallowed Moonlight,18,111,56,11,7,203,1,1,0,1,0,1,2,0,0,1,0,1,0,0,0,0,0,0,1,0.51,0,0,0
Halo Hunter,11,180,91,10,16,308,1,1,0,1,1,1,5,0,0,1,0,0,0,0,0,1,0,0,3,0.37,0,0,0
Hamletback Goliath,18,135,100,28,24,305,1,1,0,1,2,1,7,0,0,1,0,0,0,0,0,1,0,0,1,0.33,0,0,0
Hamletback Goliath,18,135,100,22,24,299,1,1,0,1,2,1,7,0,0,1,0,0,0,0,0,1,0,0,1,0.4,0,0,0
Hammer of Bogardan,18,184,0,11,7,220,1,1,0,1,0,1,3,0,0,1,0,0,1,0,0,0,0,0,2,0.44,0,0,0
Hammer of Purphoros,19,130,35,13,30,227,1,1,0,2,0,1,3,0,0,1,1,0,0,1,1,0,0,0,2,0.39,0,0,0
Hammerfist Giant,16,85,149,14,24,288,1,1,0,1,2,1,6,0,0,1,0,0,0,0,0,1,0,0,2,0.35,0,0,0
Hand of the Praetors,20,261,0,4,17,302,1,1,0,1,1,1,4,0,0,1,0,0,0,0,0,1,0,0,1,1.89,1,0,0
Hangarback Walker,17,262,0,7,29,315,0,0,0,2,1,1,0,0,0,1,0,0,0,0,1,1,0,0,0,3.73,1,0,0
Hanweir  the Writhing Township,30,150,0,13,33,226,0,1,-1,1,2,1,3,0,0,1,1,0,0,0,0,1,0,0,0,0.64,0,0,0
Hanweir Battlements,19,255,0,13,4,291,0,1,-1,1,0,1,0,0,0,1,0,0,0,0,0,0,1,0,0,0.64,0,0,0
Hanweir Garrison,16,140,27,13,24,220,1,1,0,1,2,1,3,0,0,1,0,0,0,0,0,1,0,0,1,1.13,1,0,0
Hanweir Militia Captain,23,106,51,13,24,217,1,1,0,1,2,1,2,0,0,1,0,0,0,0,0,1,0,0,1,0.7,0,0,0
Hapatra  Vizier of Poisons,26,232,40,14,33,345,2,2,0,1,2,1,2,0,0,1,1,0,0,0,0,1,0,0,2,0.6,0,0,0
Harabaz Druid,13,96,114,14,27,264,1,1,0,1,3,1,2,0,0,1,0,0,0,0,0,1,0,0,1,2.47,1,0,0
Harbinger of the Hunt,21,165,57,12,17,272,2,2,0,1,1,1,5,0,0,1,0,0,0,0,0,1,0,0,2,0.36,0,0,0
Harbinger of the Tides,22,276,0,15,25,338,1,1,0,1,2,1,2,0,0,1,0,0,0,0,0,1,0,0,2,0.75,0,0,0
Hardened Scales,15,126,79,12,11,243,1,1,0,1,0,1,1,0,0,1,0,0,0,1,0,0,0,0,1,1.92,1,0,0
Harmless Offering,17,62,24,11,7,121,1,1,0,1,0,1,3,0,0,1,0,0,1,0,0,0,0,0,1,0.4,0,0,0
Harness by Force,16,209,0,15,7,247,1,1,0,1,0,1,3,0,0,1,0,0,1,0,0,0,0,0,2,0.3,0,0,0
Harness the Storm,17,167,120,16,11,331,1,1,0,1,0,1,3,0,0,1,0,0,0,1,0,0,0,0,1,0.33,0,0,0
Harsh Mentor,12,167,19,13,23,234,1,1,0,1,2,1,2,0,0,1,0,0,0,0,0,1,0,0,1,1.2,1,0,0
Harvest Season,14,180,50,13,7,264,1,1,0,1,0,1,3,0,0,1,0,0,1,0,0,0,0,0,1,0.49,0,0,0
Harvester of Souls,18,72,88,15,16,209,1,1,0,1,1,1,6,0,0,1,0,0,0,0,0,1,0,0,2,0.55,0,0,0
Hatching Plans,14,83,88,14,11,210,1,1,0,1,0,1,2,0,0,1,0,0,0,1,0,0,0,0,1,0.49,0,0,0
Hateflayer,10,183,20,14,20,247,1,1,0,1,1,1,7,0,0,1,0,0,0,0,0,1,0,0,2,3.07,1,0,0
Haunted Plate Mail,18,279,0,4,20,321,0,0,0,1,1,1,4,0,0,1,0,0,0,0,1,0,0,0,0,0.29,0,0,0
Haunted Plate Mail,18,279,0,4,20,321,0,0,0,1,1,1,4,0,0,1,0,0,0,0,1,0,0,0,0,0.31,0,0,0
Haunting Echoes,15,243,0,9,7,274,1,1,0,1,0,1,5,0,0,1,0,0,1,0,0,0,0,0,2,0.37,0,0,0
Haunting Echoes,15,243,0,9,7,274,1,1,0,1,0,1,5,0,0,1,0,0,1,0,0,0,0,0,2,0.44,0,0,0
Haven of the Spirit Dragon,26,278,0,16,4,324,0,0,0,1,0,1,0,0,0,1,0,0,0,0,0,0,1,0,0,0.88,0,0,0
Havengul Runebinder,19,159,34,8,23,243,1,1,0,1,2,1,4,0,0,1,0,0,0,0,0,1,0,0,2,0.33,0,0,0
Havoc Festival,14,118,103,13,11,259,2,2,0,1,0,1,6,0,0,1,0,0,0,1,0,0,0,0,2,0.28,0,0,0
Hazoret's Favor,15,188,37,16,11,267,1,1,0,1,0,1,3,0,0,1,0,0,0,1,0,0,0,0,1,0.25,0,0,0
Hazoret's Undying Fury,22,236,0,20,7,285,1,1,0,1,0,1,6,0,0,1,0,0,1,0,0,0,0,0,2,0.35,0,0,0
He Who Hungers,14,335,0,10,27,386,1,1,0,1,1,1,5,0,0,1,1,0,0,0,0,1,0,0,1,0.39,0,0,0
Head Games,10,215,0,14,7,246,1,1,0,1,0,1,5,0,0,1,0,0,1,0,0,0,0,0,2,0.4,0,0,0
Heartbeat of Spring,19,121,140,13,11,304,1,1,0,1,0,1,3,0,0,1,0,0,0,1,0,0,0,0,1,4.77,1,0,0
Heartless Hidetsugu,19,106,104,14,32,275,1,1,0,1,2,1,5,0,0,1,1,0,0,0,0,1,0,0,2,0.91,0,0,0
Heartless Summoning,19,80,103,15,11,228,1,1,0,1,0,1,2,0,0,1,0,0,0,1,0,0,0,0,1,0.84,0,0,0
Heartmender,11,240,0,12,20,283,2,2,0,1,1,1,4,0,0,1,0,0,0,0,0,1,0,0,2,0.71,0,0,0
Heart-Piercer Manticore,23,378,0,12,20,433,1,1,0,1,1,1,4,0,0,1,0,0,0,0,0,1,0,0,2,0.33,0,0,0
Heartseeker,11,268,0,14,20,313,0,0,0,1,1,1,4,0,0,1,0,0,0,0,1,0,0,0,0,0.68,0,0,0
Heartwood Storyteller,21,93,84,17,19,234,1,1,0,1,1,1,3,0,0,1,0,0,0,0,0,1,0,0,2,5.28,1,1,0
Heat Shimmer,12,131,58,15,7,223,1,1,0,1,0,1,3,0,0,1,0,0,1,0,0,0,0,0,1,0.6,0,0,0
Hedonist's Trove,16,261,0,16,11,304,1,1,0,1,0,1,7,0,0,1,0,0,0,1,0,0,0,0,2,0.34,0,0,0
Hedron Alignment,16,219,0,16,11,262,1,1,0,1,0,1,3,0,0,1,0,0,0,1,0,0,0,0,1,0.31,0,0,0
Hedron Matrix,13,75,99,11,20,218,0,0,0,1,1,1,4,0,0,1,0,0,0,0,1,0,0,0,0,0.68,0,0,0
Hedron-Field Purists,20,289,0,10,23,342,1,1,0,1,2,1,3,0,0,1,0,0,0,0,0,1,0,0,1,0.35,0,0,0
Heidar  Rimewind Master,23,126,104,10,33,296,1,1,0,1,2,1,5,0,0,1,1,0,0,0,0,1,0,0,1,0.37,0,0,0
Helix Pinnacle,14,224,0,9,11,258,1,1,0,1,0,1,1,0,0,1,0,0,0,1,0,0,0,0,1,11.63,1,1,1
Helldozer,9,80,58,29,23,199,1,1,0,1,2,1,6,0,0,1,0,0,0,0,0,1,0,0,3,1.62,1,0,0
Hellion Crucible,16,286,0,14,4,320,0,1,-1,1,0,1,0,0,0,1,0,0,0,0,0,0,1,0,0,0.35,0,0,0
Hellion Eruption,16,91,101,17,7,232,1,1,0,1,0,1,6,0,0,1,0,0,1,0,0,0,0,0,1,0.33,0,0,0
Hellkite Charger,16,171,0,11,17,215,1,1,0,1,1,1,6,0,0,1,0,0,0,0,0,1,0,0,2,0.69,0,0,0
Hellkite Igniter,16,116,39,10,17,198,1,1,0,1,1,1,7,0,0,1,0,0,0,0,0,1,0,0,2,0.33,0,0,0
Hellrider,9,92,92,15,16,224,1,1,0,1,1,1,4,0,0,1,0,0,0,0,0,1,0,0,2,0.47,0,0,0
Hell's Caretaker,16,141,0,12,17,186,1,1,0,1,1,1,4,0,0,1,0,0,0,0,0,1,0,0,1,6.99,1,1,0
Hell's Thunder,14,283,0,13,20,330,1,1,0,1,1,1,3,0,0,1,0,0,0,0,0,1,0,0,2,0.58,0,0,0
Helm of Kaldra,14,258,0,15,30,317,0,0,0,1,1,1,3,0,0,1,1,0,0,0,1,0,0,0,0,4.7,1,0,0
Helm of the Gods,16,143,50,15,20,244,0,0,0,1,1,1,1,0,0,1,0,0,0,0,1,0,0,0,0,0.37,0,0,0
Herald of Anafenza,18,197,0,12,24,251,1,1,0,1,2,1,1,0,0,1,0,0,0,0,0,1,0,0,1,0.35,0,0,0
Herald of Leshrac,17,405,0,22,17,461,1,1,0,1,1,1,7,0,0,1,0,0,0,0,0,1,0,0,1,4.28,1,0,0
Herald of Secret Streams,24,67,46,12,26,175,1,1,0,1,2,1,4,0,0,1,0,0,0,0,0,1,0,0,1,1.29,1,0,0
Herald of the Pantheon,22,107,100,14,25,268,1,1,0,1,2,1,2,0,0,1,0,0,0,0,0,1,0,0,1,0.46,0,0,0
Herald of Torment,17,270,0,12,28,327,1,1,0,2,1,1,3,0,0,1,0,0,0,1,0,1,0,0,2,0.32,0,0,0
Herald of War,13,167,0,14,16,210,1,1,0,1,1,1,5,0,0,1,0,0,0,0,0,1,0,0,2,1.7,1,0,0
Heretic's Punishment,20,228,0,13,11,272,1,1,0,1,0,1,5,0,0,1,0,0,0,1,0,0,0,0,1,0.33,0,0,0
Hero of Goma Fada,17,154,55,12,28,266,1,1,0,1,3,1,5,0,0,1,0,0,0,0,0,1,0,0,1,0.31,0,0,0
Hero of Iroas,13,144,88,13,24,282,1,1,0,1,2,1,2,0,0,1,0,0,0,0,0,1,0,0,1,0.57,0,0,0
Hero of Leina Tower,19,141,86,12,24,282,1,1,0,1,2,1,1,0,0,1,0,0,0,0,0,1,0,0,1,0.33,0,0,0
Heroes' Bane,12,138,88,16,16,270,1,1,0,1,1,1,5,0,0,1,0,0,0,0,0,1,0,0,2,0.49,0,0,0
Heroes' Podium,14,290,0,13,18,335,0,0,0,1,0,1,5,0,0,1,1,0,0,0,1,0,0,0,0,0.3,0,0,0
Heroes Remembered,17,256,0,17,7,297,1,1,0,1,0,1,9,0,0,1,0,0,1,0,0,0,0,0,3,0.71,0,0,0
Heroic Intervention,19,74,75,11,7,186,1,1,0,1,0,1,2,0,0,1,0,1,0,0,0,0,0,0,1,4.27,1,0,0
Heron's Grace Champion,22,138,82,13,23,278,2,2,0,1,2,1,4,0,0,1,0,0,0,0,0,1,0,0,2,0.34,0,0,0
Hero's Demise,13,34,210,10,7,274,1,1,0,1,0,1,2,0,0,1,0,1,0,0,0,0,0,0,1,0.59,0,0,0
Hero's Downfall,15,40,51,13,7,126,1,1,0,1,0,1,3,0,0,1,0,1,0,0,0,0,0,0,2,2.29,1,0,0
Hex,3,29,36,14,7,89,1,1,0,1,0,1,6,0,0,1,0,0,1,0,0,0,0,0,2,0.64,0,0,0
Hex Parasite,12,181,35,16,26,270,0,1,-1,2,1,1,1,0,0,1,0,0,0,0,1,1,0,0,0,0.85,0,0,0
Hibernation's End,17,423,0,15,11,466,1,1,0,1,0,1,5,0,0,1,0,0,0,1,0,0,0,0,1,0.56,0,0,0
Hidden Dragonslayer,19,280,0,22,24,345,1,1,0,1,2,1,2,0,0,1,0,0,0,0,0,1,0,0,1,0.49,0,0,0
Hidetsugu's Second Rite,23,93,135,13,7,271,1,1,0,1,0,1,4,0,0,1,0,1,0,0,0,0,0,0,1,0.89,0,0,0
High Priest of Penance,22,90,85,8,23,228,2,2,0,1,2,1,2,0,0,1,0,0,0,0,0,1,0,0,2,0.49,0,0,0
High Sentinels of Arashin,25,155,0,11,23,214,1,1,0,1,2,1,4,0,0,1,0,0,0,0,0,1,0,0,1,0.32,0,0,0
Higure  the Still Wind,22,390,0,19,32,463,1,1,0,1,2,1,5,0,0,1,1,0,0,0,0,1,0,0,2,1.07,1,0,0
Hikari  Twilight Guardian,25,196,0,10,27,258,1,1,0,1,1,1,5,0,0,1,1,0,0,0,0,1,0,0,2,0.35,0,0,0
Hinterland Harbor,17,128,103,13,4,265,0,2,-2,1,0,1,0,0,0,1,0,0,0,0,0,0,1,0,0,5.43,1,1,0
Hisoka  Minamo Sensei,21,106,170,15,33,345,1,1,0,1,2,1,4,0,0,1,1,0,0,0,0,1,0,0,2,0.42,0,0,0
Hissing Quagmire,16,217,0,12,4,249,0,2,-2,1,0,1,0,0,0,1,0,0,0,0,0,0,1,0,0,1.86,1,0,0
Hive Mind,9,155,88,12,11,275,1,1,0,1,0,1,6,0,0,1,0,0,0,1,0,0,0,0,1,2.2,1,0,0
Hivestone,9,76,154,11,8,258,0,0,0,1,0,1,2,0,0,1,0,0,0,0,1,0,0,0,0,1.19,1,0,0
Hixus  Prison Warden,20,281,0,12,34,347,1,1,0,1,2,1,5,0,0,1,1,0,0,0,0,1,0,0,2,0.33,0,0,0
Hoarding Dragon,15,216,0,12,17,260,1,1,0,1,1,1,5,0,0,1,0,0,0,0,0,1,0,0,2,0.32,0,0,0
Hoarding Dragon,15,216,0,12,17,260,1,1,0,1,1,1,5,0,0,1,0,0,0,0,0,1,0,0,2,0.41,0,0,0
Hoard-Smelter Dragon,20,138,74,14,17,263,1,1,0,1,1,1,6,0,0,1,0,0,0,0,0,1,0,0,2,0.36,0,0,0
Hokori  Dust Drinker,20,144,0,13,27,204,1,1,0,1,1,1,4,0,0,1,1,0,0,0,0,1,0,0,2,6.09,1,1,0
Hold the Line,13,47,85,10,7,162,1,1,0,1,0,1,3,0,0,1,0,1,0,0,0,0,0,0,2,0.44,0,0,0
Hollow One,10,136,93,15,25,279,0,0,0,2,1,1,5,0,0,1,0,0,0,0,1,1,0,0,0,0.94,0,0,0
Hollowborn Barghest,19,195,54,12,22,302,1,1,0,1,2,1,7,0,0,1,0,0,0,0,0,1,0,0,2,0.48,0,0,0
Homura  Human Ascendant,23,92,0,10,31,156,1,1,0,1,2,1,6,0,0,1,1,0,0,0,0,1,0,0,2,2.26,1,0,0
Honor of the Pure,17,38,101,12,11,179,1,1,0,1,0,1,2,0,0,1,0,0,0,1,0,0,0,0,1,2.18,1,0,0
Honor of the Pure,17,38,101,12,11,179,1,1,0,1,0,1,2,0,0,1,0,0,0,1,0,0,0,0,1,2.25,1,0,0
Honor of the Pure,17,38,101,12,11,179,1,1,0,1,0,1,2,0,0,1,0,0,0,1,0,0,0,0,1,2.27,1,0,0
Honored Hierarch,16,249,0,12,22,299,1,1,0,1,2,1,1,0,0,1,0,0,0,0,0,1,0,0,1,0.34,0,0,0
Honored Hydra,13,188,20,13,22,256,1,1,0,1,2,1,6,0,0,1,0,0,0,0,0,1,0,0,1,0.36,0,0,0
Hoofprints of the Stag,22,254,0,17,30,323,1,1,0,2,1,1,2,0,0,1,0,0,0,1,0,0,0,0,1,0.39,0,0,0
Hope of Ghirapur,16,159,107,13,37,332,0,0,0,2,1,1,1,0,0,1,1,0,0,0,1,1,0,0,0,0.46,0,0,0
Horde of Notions,16,127,82,8,30,263,5,5,0,1,1,1,5,0,0,1,1,0,0,0,0,1,0,0,5,0.62,0,0,0
Horizon Canopy,14,99,110,15,4,242,0,2,-2,1,0,1,0,0,0,1,0,0,0,0,0,0,1,0,0,57.25,1,1,1
Hornet Nest,11,249,0,13,17,290,1,1,0,1,1,1,3,0,0,1,0,0,0,0,0,1,0,0,1,1,1,0,0
Hornet Queen,12,205,0,17,17,251,1,1,0,1,1,1,7,0,0,1,0,0,0,0,0,1,0,0,3,1.39,1,0,0
Horobi  Death's Wail,20,91,125,11,27,274,1,1,0,1,1,1,4,0,0,1,1,0,0,0,0,1,0,0,2,0.7,0,0,0
Hostage Taker,13,263,0,14,23,313,2,2,0,1,2,1,4,0,0,1,0,0,0,0,0,1,0,0,2,5.11,1,1,0
Hostile Desert,14,161,45,9,13,242,0,0,0,1,1,1,0,0,0,1,0,0,0,0,0,0,1,0,0,0.47,0,0,0
Hostility,9,272,0,11,32,324,1,1,0,1,2,1,6,0,0,1,0,0,0,0,0,1,0,0,3,0.47,0,0,0
Hound of Griselbrand,20,166,0,15,26,227,1,1,0,1,2,1,4,0,0,1,0,0,0,0,0,1,0,0,2,0.36,0,0,0
Hour of Devastation,19,137,87,13,7,263,1,1,0,1,0,1,5,0,0,1,0,0,1,0,0,0,0,0,2,1.22,1,0,0
Hour of Eternity,16,156,62,14,7,255,1,1,0,1,0,1,3,0,0,1,0,0,1,0,0,0,0,0,3,0.36,0,0,0
Hour of Glory,13,155,77,15,7,267,1,1,0,1,0,1,4,0,0,1,0,1,0,0,0,0,0,0,1,0.33,0,0,0
Hour of Promise,15,198,73,11,7,304,1,1,0,1,0,1,5,0,0,1,0,0,1,0,0,0,0,0,1,1.05,1,0,0
Hour of Reckoning,17,180,109,14,7,327,1,1,0,1,0,1,7,0,0,1,0,0,1,0,0,0,0,0,3,2.47,1,0,0
Hour of Revelation,18,137,118,16,7,296,1,1,0,1,0,1,6,0,0,1,0,0,1,0,0,0,0,0,3,0.68,0,0,0
Hoverguard Sweepers,19,121,65,14,16,235,1,1,0,1,1,1,8,0,0,1,0,0,0,0,0,1,0,0,2,0.33,0,0,0
Howl of the Horde,17,304,0,15,7,343,1,1,0,1,0,1,3,0,0,1,0,0,1,0,0,0,0,0,1,0.32,0,0,0
Howling Mine,12,111,78,12,8,221,0,0,0,1,0,1,2,0,0,1,0,0,0,0,1,0,0,0,0,2.66,1,0,0
Howling Mine,12,111,78,12,8,221,0,0,0,1,0,1,2,0,0,1,0,0,0,0,1,0,0,0,0,2.71,1,0,0
Howling Mine,12,111,82,13,8,226,0,0,0,1,0,1,2,0,0,1,0,0,0,0,1,0,0,0,0,2.71,1,0,0
Howling Mine,12,111,78,13,8,222,0,0,0,1,0,1,2,0,0,1,0,0,0,0,1,0,0,0,0,3.28,1,0,0
Howlpack Alpha,14,252,0,15,19,300,1,1,0,1,1,1,2,0,0,1,0,0,0,0,0,1,0,0,0,4.07,1,0,0
Howltooth Hollow,16,316,0,9,4,345,0,1,-1,1,0,1,0,0,0,1,0,0,0,0,0,0,1,0,0,0.48,0,0,0
Hum of the Radix,16,85,168,9,11,289,1,1,0,1,0,1,4,0,0,1,0,0,0,1,0,0,0,0,2,0.42,0,0,0
Hundred-Handed One,18,251,0,11,16,296,1,1,0,1,1,1,4,0,0,1,0,0,0,0,0,1,0,0,2,0.33,0,0,0
Hunted Dragon,13,138,78,8,17,254,1,1,0,1,1,1,5,0,0,1,0,0,0,0,0,1,0,0,2,0.62,0,0,0
Hunted Horror,13,140,0,13,17,183,1,1,0,1,1,1,2,0,0,1,0,0,0,0,0,1,0,0,2,3.44,1,0,0
Hunted Lammasu,14,109,131,8,18,280,1,1,0,1,1,1,4,0,0,1,0,0,0,0,0,1,0,0,2,0.36,0,0,0
Hunted Phantasm,15,139,0,12,17,183,1,1,0,1,1,1,3,0,0,1,0,0,0,0,0,1,0,0,2,1.49,1,0,0
Hunted Troll,12,145,0,12,24,193,1,1,0,1,2,1,4,0,0,1,0,0,0,0,0,1,0,0,2,0.43,0,0,0
Hunter's Prowess,16,147,97,12,7,279,1,1,0,1,0,1,5,0,0,1,0,0,1,0,0,0,0,0,1,0.28,0,0,0
Hurkyl's Recall,15,59,156,13,7,250,1,1,0,1,0,1,2,0,0,1,0,1,0,0,0,0,0,0,1,4.84,1,0,0
Hurricane,9,70,149,9,7,244,1,1,0,1,0,1,1,0,0,1,0,0,1,0,0,0,0,0,1,0.6,0,0,0
Hushwing Gryff,14,81,90,21,21,227,1,1,0,1,1,1,3,0,0,1,0,0,0,0,0,1,0,0,1,0.48,0,0,0
Hydra Broodmaster,17,198,0,14,16,245,1,1,0,1,1,1,6,0,0,1,0,0,0,0,0,1,0,0,2,0.7,0,0,0
Hypergenesis,12,441,0,10,7,470,1,1,0,1,0,1,0,0,0,1,0,0,1,0,0,0,0,0,0,2.35,1,0,0
Hypersonic Dragon,17,123,68,9,17,234,2,2,0,1,1,1,5,0,0,1,0,0,0,0,0,1,0,0,2,0.39,0,0,0
Hypnotic Siren,14,252,0,11,28,305,1,1,0,2,1,1,1,0,0,1,0,0,0,1,0,1,0,0,1,0.32,0,0,0
Hypnotic Specter,16,100,77,12,18,223,1,1,0,1,1,1,3,0,0,1,0,0,0,0,0,1,0,0,2,1.69,1,0,0
Hypnotic Specter,16,100,0,12,18,146,1,1,0,1,1,1,3,0,0,1,0,0,0,0,0,1,0,0,2,1.72,1,0,0
Hypnotic Specter,16,100,77,12,18,223,1,1,0,1,1,1,3,0,0,1,0,0,0,0,0,1,0,0,2,1.95,1,0,0
Ib Halfheart  Goblin Tactician,30,193,26,14,35,298,1,1,0,1,2,1,4,0,0,1,1,0,0,0,0,1,0,0,1,1.52,1,0,0
Icefall Regent,14,275,0,13,17,319,1,1,0,1,1,1,5,0,0,1,0,0,0,0,0,1,0,0,2,0.48,0,0,0
Icy Blast,9,158,71,14,7,259,1,1,0,1,0,1,1,0,0,1,0,1,0,0,0,0,0,0,1,0.33,0,0,0
Identity Crisis,15,56,142,14,7,234,2,2,0,1,0,1,6,0,0,1,0,0,1,0,0,0,0,0,4,0.39,0,0,0
Identity Thief,14,264,0,17,23,318,1,1,0,1,1,1,4,0,0,1,0,0,0,0,0,1,0,0,2,0.29,0,0,0
Idyllic Tutor,13,109,119,11,7,259,1,1,0,1,0,1,3,0,0,1,0,0,1,0,0,0,0,0,1,20.1,1,1,1
Iizuka the Ruthless,19,191,0,13,34,257,1,1,0,1,2,1,5,0,0,1,1,0,0,0,0,1,0,0,2,0.66,0,0,0
Illusionist's Bracers,21,152,81,15,20,289,0,0,0,1,1,1,2,0,0,1,0,0,0,0,1,0,0,0,0,2.35,1,0,0
Illusory Gains,14,160,0,10,18,202,1,1,0,1,1,1,5,0,0,1,0,0,0,1,0,0,0,0,2,0.32,0,0,0
Imaginary Pet,13,102,37,16,19,187,1,1,0,1,1,1,2,0,0,1,0,0,0,0,0,1,0,0,1,0.39,0,0,0
Imi Statue,10,68,201,13,8,300,0,0,0,1,0,1,3,0,0,1,0,0,0,0,1,0,0,0,0,0.38,0,0,0
Immaculate Magistrate,21,69,147,10,21,268,1,1,0,1,2,1,4,0,0,1,0,0,0,0,0,1,0,0,1,2.28,1,0,0
Imminent Doom,13,278,0,16,11,318,1,1,0,1,0,1,3,0,0,1,0,0,0,1,0,0,0,0,1,0.35,0,0,0
Immortal Coil,13,241,0,9,8,271,1,1,0,1,0,1,4,0,0,1,0,0,0,0,1,0,0,0,2,0.42,0,0,0
Immortal Servitude,18,92,114,12,7,243,2,2,0,1,0,1,3,0,0,1,0,0,1,0,0,0,0,0,3,0.49,0,0,0
Imperial Mask,13,226,0,19,11,269,1,1,0,1,0,1,5,0,0,1,0,0,0,1,0,0,0,0,1,0.46,0,0,0
Impetuous Devils,16,190,0,14,16,236,1,1,0,1,1,1,4,0,0,1,0,0,0,0,0,1,0,0,2,0.28,0,0,0
Imposing Sovereign,18,62,60,16,16,172,1,1,0,1,1,1,2,0,0,1,0,0,0,0,0,1,0,0,1,0.42,0,0,0
Imprisoned in the Moon,22,163,48,18,18,269,1,1,0,1,1,1,3,0,0,1,0,0,0,1,0,0,0,0,1,0.54,0,0,0
Impromptu Raid,14,229,51,14,11,319,2,2,0,1,0,1,4,0,0,1,0,0,0,1,0,0,0,0,1,0.45,0,0,0
Imp's Mischief,14,112,112,14,7,259,1,1,0,1,0,1,2,0,0,1,0,1,0,0,0,0,0,0,1,1.41,1,0,0
In Garruk's Wake,16,80,124,11,7,238,1,1,0,1,0,1,9,0,0,1,0,0,1,0,0,0,0,0,2,0.57,0,0,0
In the Web of War,17,111,198,11,11,348,1,1,0,1,0,1,5,0,0,1,0,0,0,1,0,0,0,0,2,2.99,1,0,0
Iname  Death Aspect,19,174,129,12,27,361,1,1,0,1,1,1,6,0,0,1,1,0,0,0,0,1,0,0,2,0.4,0,0,0
Iname  Life Aspect,18,133,138,12,27,328,1,1,0,1,1,1,6,0,0,1,1,0,0,0,0,1,0,0,2,0.41,0,0,0
Iname as One,12,314,0,14,27,367,2,2,0,1,1,1,12,0,0,1,1,0,0,0,0,1,0,0,4,0.51,0,0,0
Incandescent Soulstoke,22,234,0,13,27,296,1,1,0,1,2,1,3,0,0,1,0,0,0,0,0,1,0,0,1,1.13,1,0,0
Incendiary Command,18,237,0,13,7,275,1,1,0,1,0,1,5,0,0,1,0,0,1,0,0,0,0,0,2,0.5,0,0,0
Increasing Ambition,19,320,0,11,7,357,1,1,0,1,0,1,5,0,0,1,0,0,1,0,0,0,0,0,1,1.54,1,0,0
Increasing Confusion,20,309,0,9,7,345,1,1,0,1,0,1,1,0,0,1,0,0,1,0,0,0,0,0,1,1.34,1,0,0
Increasing Devotion,19,234,0,16,7,276,1,1,0,1,0,1,5,0,0,1,0,0,1,0,0,0,0,0,2,0.45,0,0,0
Increasing Savagery,19,246,0,14,7,286,1,1,0,1,0,1,4,0,0,1,0,0,1,0,0,0,0,0,2,0.65,0,0,0
Increasing Vengeance,20,278,0,17,7,322,1,1,0,1,0,1,2,0,0,1,0,1,0,0,0,0,0,0,2,1.46,1,0,0
Indestructibility,17,177,28,13,18,253,1,1,0,1,1,1,4,0,0,1,0,0,0,1,0,0,0,0,1,0.69,0,0,0
Indestructibility,17,177,0,13,18,225,1,1,0,1,1,1,4,0,0,1,0,0,0,1,0,0,0,0,1,0.75,0,0,0
Indomitable Ancients,20,0,261,12,27,320,1,1,0,1,2,1,4,0,0,1,0,0,0,0,0,1,0,0,2,4.19,1,0,0
Indulgent Tormentor,19,112,63,11,16,221,1,1,0,1,1,1,5,0,0,1,0,0,0,0,0,1,0,0,2,0.54,0,0,0
Inexorable Blob,15,180,0,9,15,219,1,1,0,1,1,1,3,0,0,1,0,0,0,0,0,1,0,0,1,0.32,0,0,0
Inexorable Tide,15,171,80,12,11,289,1,1,0,1,0,1,5,0,0,1,0,0,0,1,0,0,0,0,2,1.73,1,0,0
Infernal Kirin,14,150,77,14,33,288,1,1,0,1,2,1,4,0,0,1,1,0,0,0,0,1,0,0,2,0.63,0,0,0
Infernal Tutor,14,285,0,10,7,316,1,1,0,1,0,1,2,0,0,1,0,0,1,0,0,0,0,0,1,22.49,1,1,1
Inferno,7,56,107,13,7,190,1,1,0,1,0,1,7,0,0,1,0,1,0,0,0,0,0,0,2,0.36,0,0,0
Infinite Obliteration,21,183,0,13,7,224,1,1,0,1,0,1,3,0,0,1,0,0,1,0,0,0,0,0,2,0.56,0,0,0
Infinite Reflection,19,248,0,13,18,298,1,1,0,1,1,1,6,0,0,1,0,0,0,1,0,0,0,0,1,0.39,0,0,0
Ink-Eyes  Servant of Oni,24,352,0,14,30,420,1,1,0,1,2,1,6,0,0,1,1,0,0,0,0,1,0,0,2,3.86,1,0,0
Inkmoth Nexus,13,261,0,9,4,287,0,0,0,1,0,1,0,0,0,1,0,0,0,0,0,0,1,0,0,17.68,1,1,1
Ink-Treader Nephilim,20,219,64,19,19,341,4,4,0,1,1,1,4,0,0,1,0,0,0,0,0,1,0,0,4,0.88,0,0,0
Inkwell Leviathan,17,166,97,17,29,326,1,1,0,2,1,1,9,0,0,1,0,0,0,0,1,1,0,0,2,0.88,0,0,0
Insidious Mist,14,169,0,4,20,207,1,2,-1,1,1,1,4,0,0,1,0,0,0,0,0,1,0,0,0,0.33,0,0,0
Insidious Will,14,164,56,15,7,256,1,1,0,1,0,1,4,0,0,1,0,1,0,0,0,0,0,0,2,0.31,0,0,0
Inspiring Statuary,18,168,73,16,8,283,0,0,0,1,0,1,3,0,0,1,0,0,0,0,1,0,0,0,0,0.6,0,0,0
Inspiring Vantage,17,131,85,11,4,248,0,2,-2,1,0,1,0,0,0,1,0,0,0,0,0,0,1,0,0,3.99,1,0,0
Instigator Gang,15,136,0,12,25,188,1,1,0,1,2,1,4,0,0,1,0,0,0,0,0,1,0,0,1,0.75,0,0,0
Intervention Pact,17,234,0,12,7,270,1,1,0,1,0,1,0,0,0,1,0,1,0,0,0,0,0,0,0,2.76,1,0,0
Intet  the Dreamer,18,305,0,9,27,359,3,3,0,1,1,1,6,0,0,1,1,0,0,0,0,1,0,0,3,2.03,1,0,0
Into the Wilds,14,128,63,18,11,234,1,1,0,1,0,1,4,0,0,1,0,0,0,1,0,0,0,0,1,0.49,0,0,0
Intrepid Hero,13,53,43,16,24,149,1,1,0,1,2,1,3,0,0,1,0,0,0,0,0,1,0,0,1,0.94,0,0,0
Intrepid Hero,13,53,43,16,24,149,1,1,0,1,2,1,3,0,0,1,0,0,0,0,0,1,0,0,1,0.95,0,0,0
Intruder Alarm,14,125,67,12,11,229,1,1,0,1,0,1,3,0,0,1,0,0,0,1,0,0,0,0,1,8.83,1,1,0
Inundate,8,52,99,8,7,174,1,1,0,1,0,1,6,0,0,1,0,0,1,0,0,0,0,0,3,2.14,1,0,0
Invader Parasite,16,228,0,11,17,272,1,1,0,1,1,1,5,0,0,1,0,0,0,0,0,1,0,0,2,0.37,0,0,0
Inventors' Fair,15,328,0,11,14,368,0,0,0,1,0,1,0,0,0,1,1,0,0,0,0,0,1,0,0,1,1,0,0
Invincible Hymn,15,79,128,12,7,241,1,1,0,1,0,1,8,0,0,1,0,0,1,0,0,0,0,0,2,0.39,0,0,0
Invocation of Saint Traft,25,189,0,13,18,245,2,2,0,1,1,1,3,0,0,1,0,0,0,1,0,0,0,0,2,0.32,0,0,0
Invoke the Firemind,19,95,87,29,7,237,2,2,0,1,0,1,3,0,0,1,0,0,1,0,0,0,0,0,3,0.51,0,0,0
Ion Storm,9,135,144,14,11,313,1,1,0,1,0,1,3,0,0,1,0,0,0,1,0,0,0,0,1,0.42,0,0,0
Ire Shaman,10,341,0,9,21,381,1,1,0,1,2,1,2,0,0,1,0,0,0,0,0,1,0,0,1,0.35,0,0,0
Irrigated Farmland,18,141,0,11,20,190,0,2,-2,1,2,1,0,0,0,1,0,0,0,0,0,0,1,0,0,4.22,1,0,0
Isamaru  Hound of Konda,23,0,169,19,26,237,1,1,0,1,1,1,1,0,0,1,1,0,0,0,0,1,0,0,1,3.73,1,0,0
Isao  Enlightened Bushi,23,170,85,19,34,331,1,1,0,1,2,1,3,0,0,1,1,0,0,0,0,1,0,0,1,0.81,0,0,0
Ishi-Ishi  Akki Crackshot,25,109,141,16,35,326,1,1,0,1,2,1,2,0,0,1,1,0,0,0,0,1,0,0,1,0.37,0,0,0
Isleback Spawn,14,146,55,10,17,242,1,1,0,1,1,1,7,0,0,1,0,0,0,0,0,1,0,0,2,0.46,0,0,0
Isolated Chapel,15,124,37,12,4,192,0,2,-2,1,0,1,0,0,0,1,0,0,0,0,0,0,1,0,0,4.54,1,0,0
Isperia the Inscrutable,23,296,0,12,27,358,2,2,0,1,1,1,5,0,0,1,1,0,0,0,0,1,0,0,4,0.47,0,0,0
It That Betrays,15,200,38,16,18,287,0,0,0,1,1,1,12,0,0,1,0,0,0,0,0,1,0,0,0,3.93,1,0,0
Ith  High Arcanist,18,393,0,29,33,473,2,2,0,1,2,1,7,0,0,1,1,0,0,0,0,1,0,0,2,0.45,0,0,0
Itlimoc  Cradle of the Sun,26,137,116,18,14,311,0,1,-1,1,0,1,3,0,0,1,1,0,0,0,0,0,1,0,0,4.8,1,0,0
Ivory Mask,10,66,82,10,11,179,1,1,0,1,0,1,4,0,0,1,0,0,0,1,0,0,0,0,2,0.75,0,0,0
Ivory Mask,10,66,82,10,11,179,1,1,0,1,0,1,4,0,0,1,0,0,0,1,0,0,0,0,2,0.81,0,0,0
Ivorytusk Fortress,18,97,72,14,19,220,3,3,0,1,1,1,5,0,0,1,0,0,0,0,0,1,0,0,3,0.32,0,0,0
Iwamori of the Open Fist,24,152,0,13,31,220,1,1,0,1,2,1,4,0,0,1,1,0,0,0,0,1,0,0,2,0.46,0,0,0
Ixidron,7,206,0,14,19,246,1,1,0,1,1,1,5,0,0,1,0,0,0,0,0,1,0,0,2,0.68,0,0,0
Jace Beleren,12,155,0,14,29,210,1,1,0,1,1,1,3,0,0,1,1,0,0,0,0,0,0,1,2,8.04,1,1,0
Jace's Archivist,16,131,85,11,26,269,1,1,0,1,2,1,3,0,0,1,0,0,0,0,0,1,0,0,2,0.72,0,0,0
Jace's Mindseeker,17,228,0,12,24,281,1,1,0,1,2,1,6,0,0,1,0,0,0,0,0,1,0,0,2,0.32,0,0,0
Jace's Sanctum,14,206,0,13,11,244,1,1,0,1,0,1,4,0,0,1,0,0,0,1,0,0,0,0,1,0.7,0,0,0
Jade Statue,11,117,154,11,8,301,0,0,0,1,0,1,4,0,0,1,0,0,0,0,1,0,0,0,0,0.37,0,0,0
Jalira  Master Polymorphist,27,226,54,14,33,354,1,1,0,1,2,1,4,0,0,1,1,0,0,0,0,1,0,0,1,0.28,0,0,0
Jar of Eyeballs,15,331,0,11,8,365,0,0,0,1,0,1,3,0,0,1,0,0,0,0,1,0,0,0,0,0.35,0,0,0
Jarad's Orders,14,150,68,15,7,254,2,2,0,1,0,1,4,0,0,1,0,0,1,0,0,0,0,0,2,0.38,0,0,0
Jaya Ballard  Task Mage,23,313,0,12,38,386,1,1,0,1,2,1,3,0,0,1,1,0,0,0,0,1,0,0,2,0.78,0,0,0
Jayemdae Tome,13,22,0,15,8,58,0,0,0,1,0,1,4,0,0,1,0,0,0,0,1,0,0,0,0,0.32,0,0,0
Jayemdae Tome,13,22,61,15,8,119,0,0,0,1,0,1,4,0,0,1,0,0,0,0,1,0,0,0,0,0.34,0,0,0
Jedit Ojanen of Efrava,22,204,84,14,32,356,1,1,0,1,2,1,6,0,0,1,1,0,0,0,0,1,0,0,3,0.7,0,0,0
Jeering Instigator,18,295,0,13,23,349,1,1,0,1,2,1,2,0,0,1,0,0,0,0,0,1,0,0,1,0.32,0,0,0
Jeskai Ascendancy,17,199,0,9,11,236,3,3,0,1,0,1,3,0,0,1,0,0,0,1,0,0,0,0,3,0.5,0,0,0
Jeskai Infiltrator,18,391,0,16,21,446,1,1,0,1,2,1,3,0,0,1,0,0,0,0,0,1,0,0,1,0.35,0,0,0
Jester's Cap,12,142,90,20,8,272,0,0,0,1,0,1,4,0,0,1,0,0,0,0,1,0,0,0,0,2.95,1,0,0
Jester's Scepter,16,308,0,12,8,344,0,0,0,1,0,1,3,0,0,1,0,0,0,0,1,0,0,0,0,0.51,0,0,0
Jhoira of the Ghitu,19,301,0,10,33,363,2,2,0,1,2,1,3,0,0,1,1,0,0,0,0,1,0,0,2,2.43,1,0,0
Jinxed Choker,13,293,0,16,8,330,0,0,0,1,0,1,3,0,0,1,0,0,0,0,1,0,0,0,0,0.4,0,0,0
Jinxed Idol,11,135,64,2,8,220,0,0,0,1,0,1,2,0,0,1,0,0,0,0,1,0,0,0,0,0.35,0,0,0
Jiwari  the Earth Aflame,24,182,0,8,27,241,1,1,0,1,1,1,5,0,0,1,1,0,0,0,0,1,0,0,2,0.35,0,0,0
Joiner Adept,12,74,77,16,20,199,1,1,0,1,2,1,2,0,0,1,0,0,0,0,0,1,0,0,1,2.24,1,0,0
Joiner Adept,12,74,77,14,20,197,1,1,0,1,2,1,2,0,0,1,0,0,0,0,0,1,0,0,1,3.2,1,0,0
Jokulmorder,11,243,0,8,20,282,1,1,0,1,1,1,7,0,0,1,0,0,0,0,0,1,0,0,3,0.38,0,0,0
Jor Kadeen  the Prevailer,25,105,80,10,34,254,2,2,0,1,2,1,5,0,0,1,1,0,0,0,0,1,0,0,2,0.41,0,0,0
Joraga Warcaller,16,279,0,15,22,332,1,1,0,1,2,1,1,0,0,1,0,0,0,0,0,1,0,0,1,3.41,1,0,0
Jori En  Ruin Diver,19,59,184,13,35,310,2,2,0,1,2,1,3,0,0,1,1,0,0,0,0,1,0,0,2,0.33,0,0,0
Journeyer's Kite,16,117,151,10,8,302,0,0,0,1,0,1,2,0,0,1,0,0,0,0,1,0,0,0,0,0.94,0,0,0
Jugan  the Rising Star,22,117,0,10,34,183,1,1,0,1,2,1,6,0,0,1,1,0,0,0,0,1,0,0,3,2.15,1,0,0
Junkyo Bell,11,224,0,18,8,261,0,0,0,1,0,1,4,0,0,1,0,0,0,0,1,0,0,0,0,0.33,0,0,0
Jushi Apprentice,16,88,0,10,23,137,1,1,0,1,2,1,2,0,0,1,0,0,0,0,0,1,0,0,1,0.94,0,0,0
Jwari Shapeshifter,18,104,52,10,28,212,1,1,0,1,2,1,2,0,0,1,0,0,0,0,0,1,0,0,1,1.64,1,0,0
Kabira Evangel,14,193,0,14,28,249,1,1,0,1,3,1,3,0,0,1,0,0,0,0,0,1,0,0,1,1.78,1,0,0
Kaervek the Merciless,21,142,85,7,33,288,2,2,0,1,2,1,7,0,0,1,1,0,0,0,0,1,0,0,2,3.35,1,0,0
Kagemaro  First to Suffer,25,212,0,8,33,278,1,1,0,1,2,1,5,0,0,1,1,0,0,0,0,1,0,0,2,1.5,1,0,0
Kaho  Minamo Historian,22,248,0,12,33,315,1,1,0,1,2,1,4,0,0,1,1,0,0,0,0,1,0,0,2,1.99,1,0,0
Kalastria Highborn,18,140,97,20,25,300,1,1,0,1,2,1,2,0,0,1,0,0,0,0,0,1,0,0,2,5.54,1,1,0
Kalonian Behemoth,17,66,91,7,16,197,1,1,0,1,1,1,7,0,0,1,0,0,0,0,0,1,0,0,2,0.62,0,0,0
Kalonian Twingrove,18,284,0,13,27,342,1,1,0,1,2,1,6,0,0,1,0,0,0,0,0,1,0,0,1,0.45,0,0,0
Kamahl  Pit Fighter,19,150,66,10,36,281,1,1,0,1,2,1,6,0,0,1,1,0,0,0,0,1,0,0,2,0.42,0,0,0
Kambal  Consul of Allocation,28,93,77,13,34,245,2,2,0,1,2,1,3,0,0,1,1,0,0,0,0,1,0,0,2,0.49,0,0,0
Kami of the Crescent Moon,25,82,129,13,27,276,1,1,0,1,1,1,2,0,0,1,1,0,0,0,0,1,0,0,2,1.79,1,0,0
Kari Zev  Skyship Raider,24,190,77,11,33,335,1,1,0,1,2,1,2,0,0,1,1,0,0,0,0,1,0,0,1,1.09,1,0,0
Kari Zev's Expertise,20,205,22,15,7,269,1,1,0,1,0,1,3,0,0,1,0,0,1,0,0,0,0,0,2,0.51,0,0,0
Karplusan Forest,16,110,0,9,4,139,0,2,-2,1,0,1,0,0,0,1,0,0,0,0,0,0,1,0,0,4.05,1,0,0
Karplusan Forest,16,110,0,9,4,139,0,2,-2,1,0,1,0,0,0,1,0,0,0,0,0,0,1,0,0,4.07,1,0,0
Karplusan Minotaur,18,393,0,13,27,451,1,1,0,1,2,1,4,0,0,1,0,0,0,0,0,1,0,0,2,1.2,1,0,0
Karplusan Yeti,14,136,0,13,15,178,1,1,0,1,1,1,5,0,0,1,0,0,0,0,0,1,0,0,2,0.35,0,0,0
Kataki  War's Wage,18,97,182,13,27,337,1,1,0,1,1,1,2,0,0,1,1,0,0,0,0,1,0,0,1,3.28,1,0,0
Kazandu Tuskcaller,18,210,0,11,23,262,1,1,0,1,2,1,2,0,0,1,0,0,0,0,0,1,0,0,1,0.49,0,0,0
Kazuul  Tyrant of the Cliffs,28,162,83,11,33,317,1,1,0,1,2,1,5,0,0,1,1,0,0,0,0,1,0,0,2,0.9,0,0,0
Kazuul Warlord,14,145,138,10,32,339,1,1,0,1,3,1,5,0,0,1,0,0,0,0,0,1,0,0,1,0.47,0,0,0
Kederekt Leviathan,18,317,0,10,20,365,1,1,0,1,1,1,8,0,0,1,0,0,0,0,0,1,0,0,2,1.25,1,0,0
Kederekt Parasite,17,127,110,9,17,280,1,1,0,1,1,1,1,0,0,1,0,0,0,0,0,1,0,0,1,2.36,1,0,0
Keening Stone,13,152,90,9,8,272,0,0,0,1,0,1,6,0,0,1,0,0,0,0,1,0,0,0,0,1.79,1,0,0
Keeper of Progenitus,20,144,92,10,20,286,1,1,0,1,2,1,4,0,0,1,0,0,0,0,0,1,0,0,1,0.46,0,0,0
Kefnet's Last Word,18,117,120,13,7,275,1,1,0,1,0,1,4,0,0,1,0,0,1,0,0,0,0,0,2,0.37,0,0,0
Keiga  the Tide Star,20,71,0,6,34,131,1,1,0,1,2,1,6,0,0,1,1,0,0,0,0,1,0,0,1,4.33,1,0,0
Kemba  Kha Regent,17,120,101,13,31,282,1,1,0,1,2,1,3,0,0,1,1,0,0,0,0,1,0,0,2,0.4,0,0,0
Kentaro  the Smiling Cat,24,214,90,15,34,377,1,1,0,1,2,1,2,0,0,1,1,0,0,0,0,1,0,0,1,0.96,0,0,0
Kessig Cagebreakers,19,146,86,13,22,286,1,1,0,1,2,1,5,0,0,1,0,0,0,0,0,1,0,0,1,0.38,0,0,0
Kessig Wolf Run,15,111,107,10,4,247,0,2,-2,1,0,1,0,0,0,1,0,0,0,0,0,0,1,0,0,2.44,1,0,0
Key to the City,15,158,61,11,8,253,0,0,0,1,0,1,2,0,0,1,0,0,0,0,1,0,0,0,0,0.46,0,0,0
Kher Keep,9,111,76,13,14,223,0,1,-1,1,0,1,0,0,0,1,1,0,0,0,0,0,1,0,0,1.2,1,0,0
Kheru Lich Lord,15,310,0,13,24,362,3,3,0,1,2,1,6,0,0,1,0,0,0,0,0,1,0,0,3,0.3,0,0,0
Kheru Spellsnatcher,19,370,0,13,22,424,1,1,0,1,2,1,4,0,0,1,0,0,0,0,0,1,0,0,1,0.29,0,0,0
Kiki-Jiki  Mirror Breaker,25,158,0,12,34,229,1,1,0,1,2,1,5,0,0,1,1,0,0,0,0,1,0,0,3,12.55,1,1,1
Kiku  Night's Flower,20,74,181,10,35,320,1,1,0,1,2,1,2,0,0,1,1,0,0,0,0,1,0,0,2,1.92,1,0,0
Killer Instinct,15,220,65,19,11,330,2,2,0,1,0,1,6,0,0,1,0,0,0,1,0,0,0,0,2,0.37,0,0,0
Killing Wave,12,77,91,12,7,199,1,1,0,1,0,1,1,0,0,1,0,0,1,0,0,0,0,0,1,1,1,0,0
King Macar  the Gold-Cursed,27,232,0,12,26,297,1,1,0,1,1,1,4,0,0,1,1,0,0,0,0,1,0,0,2,0.38,0,0,0
Kinjalli's Sunwing,18,69,133,13,19,252,1,1,0,1,1,1,3,0,0,1,0,0,0,0,0,1,0,0,1,1.91,1,0,0
Kinsbaile Borderguard,21,214,0,19,26,280,1,1,0,1,2,1,3,0,0,1,0,0,0,0,0,1,0,0,2,1.38,1,0,0
Kinsbaile Cavalier,18,48,137,14,25,242,1,1,0,1,2,1,4,0,0,1,0,0,0,0,0,1,0,0,1,1.54,1,0,0
Kira  Great Glass-Spinner,25,160,69,10,27,291,1,1,0,1,1,1,3,0,0,1,1,0,0,0,0,1,0,0,2,15.69,1,1,1
Kitsune Mystic,14,95,0,10,21,140,1,1,0,1,2,1,4,0,0,1,0,0,0,0,0,1,0,0,1,0.47,0,0,0
Kiyomaro  First to Stand,24,260,0,10,27,321,1,1,0,1,1,1,5,0,0,1,1,0,0,0,0,1,0,0,2,0.42,0,0,0
Kjeldoran Royal Guard,21,125,107,14,24,291,1,1,0,1,2,1,5,0,0,1,0,0,0,0,0,1,0,0,2,0.38,0,0,0
Knacksaw Clique,15,148,72,15,23,273,1,1,0,1,2,1,4,0,0,1,0,0,0,0,0,1,0,0,1,3.26,1,0,0
Knight Exemplar,15,217,0,10,23,265,1,1,0,1,2,1,3,0,0,1,0,0,0,0,0,1,0,0,2,2.57,1,0,0
Knight of New Alara,19,79,139,10,23,270,2,2,0,1,2,1,4,0,0,1,0,0,0,0,0,1,0,0,2,0.86,0,0,0
Knight of the Reliquary,23,200,98,15,23,359,2,2,0,1,2,1,3,0,0,1,0,0,0,0,0,1,0,0,2,7.72,1,1,0
Knight of the White Orchid,26,216,0,8,23,273,1,1,0,1,2,1,2,0,0,1,0,0,0,0,0,1,0,0,2,1.18,1,0,0
Knight of the White Orchid,26,216,35,8,23,308,1,1,0,1,2,1,2,0,0,1,0,0,0,0,0,1,0,0,2,1.67,1,0,0
Knight-Captain of Eos,21,179,84,10,23,317,1,1,0,1,2,1,5,0,0,1,0,0,0,0,0,1,0,0,1,1.5,1,0,0
Knollspine Dragon,17,150,49,14,17,247,1,1,0,1,1,1,7,0,0,1,0,0,0,0,0,1,0,0,2,6.19,1,1,0
Knollspine Invocation,21,114,88,11,11,245,1,1,0,1,0,1,3,0,0,1,0,0,0,1,0,0,0,0,2,0.37,0,0,0
Knotvine Paladin,16,106,112,12,23,269,2,2,0,1,2,1,2,0,0,1,0,0,0,0,0,1,0,0,2,0.5,0,0,0
Knowledge Exploitation,22,278,0,13,22,335,1,1,0,2,1,1,7,0,0,1,0,0,1,0,0,0,0,0,2,3.19,1,0,0
Knowledge Pool,14,317,0,11,8,350,0,0,0,1,0,1,6,0,0,1,0,0,0,0,1,0,0,0,0,0.4,0,0,0
Knucklebone Witch,17,125,41,11,24,218,1,1,0,1,2,1,1,0,0,1,0,0,0,0,0,1,0,0,1,0.85,0,0,0
Kodama of the Center Tree,25,319,0,10,27,381,1,1,0,1,1,1,5,0,0,1,1,0,0,0,0,1,0,0,1,0.37,0,0,0
Kodama of the North Tree,24,74,143,10,27,278,1,1,0,1,1,1,5,0,0,1,1,0,0,0,0,1,0,0,3,0.65,0,0,0
Kodama of the South Tree,24,123,175,10,27,359,1,1,0,1,1,1,4,0,0,1,1,0,0,0,0,1,0,0,2,0.49,0,0,0
Kokusho  the Evening Star,25,118,0,14,34,191,1,1,0,1,2,1,6,0,0,1,1,0,0,0,0,1,0,0,2,14,1,1,1
Kolaghan  the Storm's Fury,26,281,0,11,27,345,2,2,0,1,1,1,5,0,0,1,1,0,0,0,0,1,0,0,2,0.48,0,0,0
Kolaghan's Command,18,202,0,7,7,234,2,2,0,1,0,1,3,0,0,1,0,1,0,0,0,0,0,0,2,12.29,1,1,1
Konda  Lord of Eiganjo,22,120,0,11,34,187,1,1,0,1,2,1,7,0,0,1,1,0,0,0,0,1,0,0,2,2.38,1,0,0
Konda's Banner,14,204,0,15,30,263,0,0,0,1,1,1,2,0,0,1,1,0,0,0,1,0,0,0,0,7.52,1,1,0
Kopala  Warden of Waves,23,178,54,17,35,307,1,1,0,1,2,1,3,0,0,1,1,0,0,0,0,1,0,0,2,2.73,1,0,0
Kor Spiritdancer,16,111,101,10,21,259,1,1,0,1,2,1,2,0,0,1,0,0,0,0,0,1,0,0,1,6.29,1,1,0
Korlash  Heir to Blackblade,27,308,0,7,35,377,1,1,0,1,2,1,4,0,0,1,1,0,0,0,0,1,0,0,2,4.49,1,0,0
Kothophed  Soul Hoarder,23,134,89,12,26,284,1,1,0,1,1,1,6,0,0,1,1,0,0,0,0,1,0,0,2,0.35,0,0,0
Krallenhorde Killer,19,211,0,12,19,261,1,1,0,1,1,1,1,0,0,1,0,0,0,0,0,1,0,0,0,0.86,0,0,0
Krark's Thumb,13,64,75,11,18,181,0,0,0,1,0,1,2,0,0,1,1,0,0,0,1,0,0,0,0,1.92,1,0,0
Krenko  Mob Boss,16,91,126,13,35,281,1,1,0,1,2,1,4,0,0,1,1,0,0,0,0,1,0,0,2,3.82,1,0,0
Kruin Outlaw,12,103,43,12,31,201,1,1,0,1,3,1,3,0,0,1,0,0,0,0,0,1,0,0,2,1.2,1,0,0
Kuldotha Forgemaster,20,132,103,2,29,286,0,0,0,2,1,1,5,0,0,1,0,0,0,0,1,1,0,0,0,2.35,1,0,0
Kuldotha Phoenix,16,190,0,11,18,235,1,1,0,1,1,1,5,0,0,1,0,0,0,0,0,1,0,0,3,0.28,0,0,0
Kumano  Master Yamabushi,24,153,0,8,33,218,1,1,0,1,2,1,5,0,0,1,1,0,0,0,0,1,0,0,2,0.38,0,0,0
Kuon  Ogre Ascendant,20,103,0,16,30,169,1,1,0,1,2,1,3,0,0,1,1,0,0,0,0,1,0,0,3,0.59,0,0,0
Kurkesh  Onakke Ancient,23,164,130,15,32,364,1,1,0,1,2,1,4,0,0,1,1,0,0,0,0,1,0,0,2,0.33,0,0,0
Kuro  Pitlord,13,143,0,10,33,199,1,1,0,1,2,1,9,0,0,1,1,0,0,0,0,1,0,0,3,0.4,0,0,0
Kusari-Gama,11,302,0,14,20,347,0,0,0,1,1,1,3,0,0,1,0,0,0,0,1,0,0,0,0,1.33,1,0,0
Kyoki  Sanity's Eclipse,23,95,131,13,33,295,1,1,0,1,2,1,6,0,0,1,1,0,0,0,0,1,0,0,2,0.46,0,0,0
Kytheon's Irregulars,20,164,91,12,24,311,1,1,0,1,2,1,4,0,0,1,0,0,0,0,0,1,0,0,2,0.32,0,0,0
Laboratory Maniac,17,89,93,11,23,233,1,1,0,1,2,1,3,0,0,1,0,0,0,0,0,1,0,0,1,6.66,1,1,0
Labyrinth Champion,18,131,47,11,24,231,1,1,0,1,2,1,4,0,0,1,0,0,0,0,0,1,0,0,1,0.32,0,0,0
Languish,8,42,29,12,7,98,1,1,0,1,0,1,4,0,0,1,0,0,1,0,0,0,0,0,2,0.85,0,0,0
Lantern Scout,13,144,53,15,27,252,1,1,0,1,3,1,3,0,0,1,0,0,0,0,0,1,0,0,1,0.38,0,0,0
Larceny,7,93,43,11,11,165,1,1,0,1,0,1,5,0,0,1,0,0,0,1,0,0,0,0,2,0.39,0,0,0
Lashwrithe,10,244,0,11,20,285,0,1,-1,1,1,1,4,0,0,1,0,0,0,0,1,0,0,0,0,0.48,0,0,0
Last Word,9,74,76,16,7,182,1,1,0,1,0,1,4,0,0,1,0,1,0,0,0,0,0,0,2,1.22,1,0,0
Lathnu Hellion,14,170,0,15,18,217,1,1,0,1,1,1,3,0,0,1,0,0,0,0,0,1,0,0,1,0.38,0,0,0
Launch the Fleet,16,247,0,13,7,283,1,1,0,1,0,1,1,0,0,1,0,0,1,0,0,0,0,0,1,0.48,0,0,0
Lava Hounds,11,72,0,11,16,110,1,1,0,1,1,1,4,0,0,1,0,0,0,0,0,1,0,0,2,0.35,0,0,0
Lavaball Trap,13,232,0,29,14,288,1,1,0,1,1,1,8,0,0,1,0,1,0,0,0,0,0,0,2,0.31,0,0,0
Lavaborn Muse,13,134,62,12,17,238,1,1,0,1,1,1,4,0,0,1,0,0,0,0,0,1,0,0,1,0.4,0,0,0
Lavaclaw Reaches,16,255,0,18,4,293,0,2,-2,1,0,1,0,0,0,1,0,0,0,0,0,0,1,0,0,1.9,1,0,0
Lavalanche,10,80,66,12,7,175,3,3,0,1,0,1,3,0,0,1,0,0,1,0,0,0,0,0,3,0.56,0,0,0
Lavinia of the Tenth,20,271,0,13,34,338,2,2,0,1,2,1,5,0,0,1,1,0,0,0,0,1,0,0,2,0.29,0,0,0
Leaf-Crowned Elder,18,225,0,14,26,283,1,1,0,1,2,1,4,0,0,1,0,0,0,0,0,1,0,0,2,4.35,1,0,0
Leering Emblem,14,84,76,9,20,203,0,0,0,1,1,1,2,0,0,1,0,0,0,0,1,0,0,0,0,0.43,0,0,0
Legacy Weapon,13,172,0,14,18,217,0,5,-5,1,0,1,7,0,0,1,1,0,0,0,1,0,0,0,0,1.89,1,0,0
Legion Loyalist,15,204,0,14,25,258,1,1,0,1,2,1,1,0,0,1,0,0,0,0,0,1,0,0,1,5.17,1,1,0
Legion's Landing,16,176,69,15,21,297,1,1,0,1,0,1,1,0,0,1,1,0,0,1,0,0,0,0,1,5.62,1,1,0
Leonin Abunas,13,111,112,13,21,270,1,1,0,1,2,1,4,0,0,1,0,0,0,0,0,1,0,0,1,3.56,1,0,0
Leonin Arbiter,14,111,98,10,21,254,1,1,0,1,2,1,2,0,0,1,0,0,0,0,0,1,0,0,1,3.23,1,0,0
Leonin Shikari,14,68,38,13,22,155,1,1,0,1,2,1,2,0,0,1,0,0,0,0,0,1,0,0,1,4.46,1,0,0
Leonin Sun Standard,19,58,92,10,8,187,0,1,-1,1,0,1,2,0,0,1,0,0,0,0,1,0,0,0,0,0.47,0,0,0
Leveler,7,71,108,14,30,230,0,0,0,2,1,1,5,0,0,1,0,0,0,0,1,1,0,0,0,0.75,0,0,0
Leyline of Anticipation,23,204,0,14,11,252,1,1,0,1,0,1,4,0,0,1,0,0,0,1,0,0,0,0,2,11.76,1,1,1
Leyline of Lifeforce,20,135,37,10,11,213,1,1,0,1,0,1,4,0,0,1,0,0,0,1,0,0,0,0,2,2.43,1,0,0
Leyline of Lightning,20,208,36,13,11,288,1,1,0,1,0,1,4,0,0,1,0,0,0,1,0,0,0,0,2,0.38,0,0,0
Leyline of Punishment,21,152,0,14,11,198,1,1,0,1,0,1,4,0,0,1,0,0,0,1,0,0,0,0,2,2.96,1,0,0
Leyline of Sanctity,19,190,0,13,11,233,1,1,0,1,0,1,4,0,0,1,0,0,0,1,0,0,0,0,2,27.17,1,1,1
Leyline of Singularity,22,139,35,29,11,236,1,1,0,1,0,1,4,0,0,1,0,0,0,1,0,0,0,0,2,1,1,0,0
Leyline of the Meek,19,125,37,8,11,200,1,1,0,1,0,1,4,0,0,1,0,0,0,1,0,0,0,0,2,1.52,1,0,0
Leyline of the Void,19,183,0,13,11,226,1,1,0,1,0,1,4,0,0,1,0,0,0,1,0,0,0,0,2,23.84,1,1,1
Leyline of the Void,19,183,38,8,11,259,1,1,0,1,0,1,4,0,0,1,0,0,0,1,0,0,0,0,2,27.46,1,1,1
Leyline of Vitality,19,215,0,10,11,255,1,1,0,1,0,1,4,0,0,1,0,0,0,1,0,0,0,0,2,1,1,0,0
Lhurgoyf,8,125,67,12,19,231,1,1,0,1,1,1,4,0,0,1,0,0,0,0,0,1,0,0,2,0.42,0,0,0
Liar's Pendulum,15,182,0,19,8,224,0,0,0,1,0,1,1,0,0,1,0,0,0,0,1,0,0,0,0,0.34,0,0,0
Liberating Combustion,21,226,0,13,7,267,1,1,0,1,0,1,5,0,0,1,0,0,1,0,0,0,0,0,1,0.33,0,0,0
Lich Lord of Unx,16,231,0,11,24,282,2,2,0,1,2,1,3,0,0,1,0,0,0,0,0,1,0,0,2,12.63,1,1,1
Lich's Tomb,11,152,0,12,8,183,0,0,0,1,0,1,4,0,0,1,0,0,0,0,1,0,0,0,0,0.38,0,0,0
Liege of the Pit,16,278,0,13,16,323,1,1,0,1,1,1,8,0,0,1,0,0,0,0,0,1,0,0,3,0.37,0,0,0
Life and Limb,13,115,130,10,11,279,1,1,0,1,0,1,4,0,0,1,0,0,0,1,0,0,0,0,1,1.21,1,0,0
Life from the Loam,18,283,0,14,7,322,1,1,0,1,0,1,2,0,0,1,0,0,1,0,0,0,0,0,1,16.55,1,1,1
Lifebane Zombie,15,274,0,7,25,321,1,1,0,1,2,1,3,0,0,1,0,0,0,0,0,1,0,0,2,0.49,0,0,0
Lifecrafter's Bestiary,22,117,75,4,8,226,0,1,-1,1,0,1,3,0,0,1,0,0,0,0,1,0,0,0,0,1.56,1,0,0
Lifegift,8,60,107,11,11,197,1,1,0,1,0,1,3,0,0,1,0,0,0,1,0,0,0,0,1,0.85,0,0,0
Life's Finale,13,177,81,15,7,293,1,1,0,1,0,1,6,0,0,1,0,0,1,0,0,0,0,0,2,1.97,1,0,0
Life's Legacy,13,119,45,11,7,195,1,1,0,1,0,1,2,0,0,1,0,0,1,0,0,0,0,0,1,0.48,0,0,0
Light from Within,17,90,140,14,11,272,1,1,0,1,0,1,4,0,0,1,0,0,0,1,0,0,0,0,2,1.98,1,0,0
Light of Sanction,17,87,31,17,11,163,1,1,0,1,0,1,3,0,0,1,0,0,0,1,0,0,0,0,2,0.37,0,0,0
Lightmine Field,15,138,81,14,11,259,1,1,0,1,0,1,4,0,0,1,0,0,0,1,0,0,0,0,2,1.07,1,0,0
Lightning Coils,15,323,0,12,8,358,0,0,0,1,0,1,3,0,0,1,0,0,0,0,1,0,0,0,0,0.44,0,0,0
Lightning Crafter,17,271,0,9,24,321,1,1,0,1,2,1,4,0,0,1,0,0,0,0,0,1,0,0,1,3.04,1,0,0
Lightning Reaver,16,312,0,20,23,371,2,2,0,1,2,1,5,0,0,1,0,0,0,0,0,1,0,0,2,0.83,0,0,0
Lightning Serpent,17,147,99,9,28,300,1,1,0,1,2,1,1,0,0,1,0,0,0,0,0,1,0,0,1,1.49,1,0,0
Lightwielder Paladin,20,216,0,20,23,279,1,1,0,1,2,1,5,0,0,1,0,0,0,0,0,1,0,0,2,0.4,0,0,0
Liliana Vess,12,216,0,14,32,274,1,1,0,1,1,1,5,0,0,1,1,0,0,0,0,0,0,1,2,7.93,1,1,0
Liliana's Influence,19,228,0,13,7,267,1,1,0,1,0,1,6,0,0,1,0,0,1,0,0,0,0,0,2,0.6,0,0,0
Liliana's Mastery,17,122,85,13,11,248,1,1,0,1,0,1,5,0,0,1,0,0,0,1,0,0,0,0,2,0.69,0,0,0
Liliana's Reaver,16,154,0,13,17,200,1,1,0,1,1,1,4,0,0,1,0,0,0,0,0,1,0,0,2,0.6,0,0,0
Lim-Dul the Necromancer,23,242,0,12,33,310,1,1,0,1,2,1,7,0,0,1,1,0,0,0,0,1,0,0,2,1.7,1,0,0
Linessa  Zephyr Mage,20,290,0,10,33,353,1,1,0,1,2,1,4,0,0,1,1,0,0,0,0,1,0,0,1,0.5,0,0,0
Livewire Lash,13,161,0,16,20,210,0,0,0,1,1,1,2,0,0,1,0,0,0,0,1,0,0,0,0,0.38,0,0,0
Living End,10,426,0,12,7,455,1,1,0,1,0,1,0,0,0,1,0,0,1,0,0,0,0,0,0,29.99,1,1,1
Living Hive,11,112,79,17,27,246,1,1,0,1,2,1,8,0,0,1,0,0,0,0,0,1,0,0,2,0.42,0,0,0
Living Inferno,14,186,0,9,20,229,1,1,0,1,1,1,8,0,0,1,0,0,0,0,0,1,0,0,2,0.38,0,0,0
Living Lore,11,317,0,11,17,356,1,1,0,1,1,1,4,0,0,1,0,0,0,0,0,1,0,0,1,0.35,0,0,0
Llanowar Wastes,15,109,0,13,4,141,0,2,-2,1,0,1,0,0,0,1,0,0,0,0,0,0,1,0,0,0.98,0,0,0
Llanowar Wastes,15,109,0,13,4,141,0,2,-2,1,0,1,0,0,0,1,0,0,0,0,0,0,1,0,0,0.99,0,0,0
Llanowar Wastes,15,109,0,13,4,141,0,2,-2,1,0,1,0,0,0,1,0,0,0,0,0,0,1,0,0,2.22,1,0,0
Llanowar Wastes,15,109,0,13,4,141,0,2,-2,1,0,1,0,0,0,1,0,0,0,0,0,0,1,0,0,2.39,1,0,0
Loaming Shaman,14,144,62,14,25,259,1,1,0,1,2,1,3,0,0,1,0,0,0,0,0,1,0,0,1,1.04,1,0,0
Lodestone Golem,15,41,123,10,25,214,0,0,0,2,1,1,4,0,0,1,0,0,0,0,1,1,0,0,0,0.8,0,0,0
Lodestone Myr,13,89,89,12,23,226,0,0,0,2,1,1,4,0,0,1,0,0,0,0,1,1,0,0,0,0.46,0,0,0
Lone Revenant,13,314,0,11,17,355,1,1,0,1,1,1,5,0,0,1,0,0,0,0,0,1,0,0,2,0.34,0,0,0
Long-Forgotten Gohei,20,85,125,12,8,250,0,0,0,1,0,1,3,0,0,1,0,0,0,0,1,0,0,0,0,0.38,0,0,0
Lord of Lineage,15,113,0,10,18,156,1,1,0,1,1,1,4,0,0,1,0,0,0,0,0,1,0,0,0,12.65,1,1,1
Lord of Shatterskull Pass,25,215,0,12,26,278,1,1,0,1,2,1,4,0,0,1,0,0,0,0,0,1,0,0,1,0.93,0,0,0
Lord of the Pit,15,150,0,14,16,195,1,1,0,1,1,1,7,0,0,1,0,0,0,0,0,1,0,0,3,0.44,0,0,0
Lord of the Undead,18,106,70,4,17,215,1,1,0,1,1,1,3,0,0,1,0,0,0,0,0,1,0,0,2,11.99,1,1,1
Lord of the Undead,18,106,70,4,17,215,1,1,0,1,1,1,3,0,0,1,0,0,0,0,0,1,0,0,2,12.32,1,1,1
Lord of the Undead,18,106,87,4,17,232,1,1,0,1,1,1,3,0,0,1,0,0,0,0,0,1,0,0,2,14.49,1,1,1
Lord of the Unreal,18,134,40,10,23,225,1,1,0,1,2,1,2,0,0,1,0,0,0,0,0,1,0,0,2,0.89,0,0,0
Lost in the Woods,17,214,0,12,11,254,1,1,0,1,0,1,5,0,0,1,0,0,0,1,0,0,0,0,2,0.29,0,0,0
Lost Legacy,11,247,60,14,7,339,1,1,0,1,0,1,3,0,0,1,0,0,1,0,0,0,0,0,2,0.64,0,0,0
Lost Vale,9,89,90,21,4,213,0,0,0,1,0,1,2,0,0,1,0,0,0,0,0,0,1,0,0,1.24,1,0,0
Lotleth Troll,13,101,86,13,23,236,2,2,0,1,2,1,2,0,0,1,0,0,0,0,0,1,0,0,2,0.5,0,0,0
Lotus Bloom,11,310,0,8,8,337,0,0,0,1,0,1,0,0,0,1,0,0,0,0,1,0,0,0,0,9.85,1,1,0
Lovisa Coldeyes,15,85,122,12,26,260,1,1,0,1,1,1,5,0,0,1,1,0,0,0,0,1,0,0,2,0.89,0,0,0
Loxodon Gatekeeper,18,84,72,14,27,215,1,1,0,1,2,1,4,0,0,1,0,0,0,0,0,1,0,0,2,2.03,1,0,0
Loxodon Hierarch,16,136,133,10,26,321,2,2,0,1,2,1,4,0,0,1,0,0,0,0,0,1,0,0,2,0.66,0,0,0
Loxodon Peacekeeper,19,241,0,14,27,301,1,1,0,1,2,1,2,0,0,1,0,0,0,0,0,1,0,0,1,0.35,0,0,0
Loxodon Punisher,16,62,101,14,27,220,1,1,0,1,2,1,4,0,0,1,0,0,0,0,0,1,0,0,1,0.38,0,0,0
Loxodon Smiter,14,186,0,11,27,238,2,2,0,1,2,1,3,0,0,1,0,0,0,0,0,1,0,0,2,0.85,0,0,0
Loxodon Warhammer,17,68,0,13,20,118,0,0,0,1,1,1,3,0,0,1,0,0,0,0,1,0,0,0,0,1.1,1,0,0
Loxodon Warhammer,17,68,0,13,20,118,0,0,0,1,1,1,3,0,0,1,0,0,0,0,1,0,0,0,0,1.14,1,0,0
Loyal Sentry,12,76,89,14,24,215,1,1,0,1,2,1,1,0,0,1,0,0,0,0,0,1,0,0,1,0.68,0,0,0
Ludevic's Abomination,21,7,132,9,24,193,1,1,0,1,2,1,2,0,0,1,0,0,0,0,0,1,0,0,0,0.36,0,0,0
Ludevic's Test Subject,22,161,0,9,17,209,1,1,0,1,1,1,2,0,0,1,0,0,0,0,0,1,0,0,1,0.36,0,0,0
Lullmage Mentor,15,169,44,11,25,264,1,1,0,1,2,1,3,0,0,1,0,0,0,0,0,1,0,0,2,0.66,0,0,0
Lumbering Falls,15,212,0,12,4,243,0,2,-2,1,0,1,0,0,0,1,0,0,0,0,0,0,1,0,0,0.78,0,0,0
Lumengrid Augur,15,133,54,7,26,235,1,1,0,1,2,1,4,0,0,1,0,0,0,0,0,1,0,0,1,0.32,0,0,0
Luminarch Ascension,19,312,0,15,11,357,1,1,0,1,0,1,2,0,0,1,0,0,0,1,0,0,0,0,1,7.25,1,1,0
Luminate Primordial,19,177,0,18,17,231,1,1,0,1,1,1,7,0,0,1,0,0,0,0,0,1,0,0,2,0.35,0,0,0
Luminous Angel,14,101,0,17,16,148,1,1,0,1,1,1,7,0,0,1,0,0,0,0,0,1,0,0,3,0.54,0,0,0
Lunar Mystic,12,76,97,11,23,219,1,1,0,1,2,1,4,0,0,1,0,0,0,0,0,1,0,0,2,0.35,0,0,0
Lupine Prototype,16,76,128,20,34,274,0,0,0,2,2,1,2,0,0,1,0,0,0,0,1,1,0,0,0,0.42,0,0,0
Lurking Predators,17,190,37,11,11,266,1,1,0,1,0,1,6,0,0,1,0,0,0,1,0,0,0,0,2,3.32,1,0,0
Lyzolda  the Blood Witch,24,181,107,10,33,355,2,2,0,1,2,1,3,0,0,1,1,0,0,0,0,1,0,0,2,0.57,0,0,0
Mad Auntie,10,84,63,14,24,195,1,1,0,1,2,1,3,0,0,1,0,0,0,0,0,1,0,0,1,0.55,0,0,0
Madcap Experiment,17,259,0,13,7,296,1,1,0,1,0,1,4,0,0,1,0,0,1,0,0,0,0,0,1,0.33,0,0,0
Madrush Cyclops,15,33,35,14,26,123,3,3,0,1,2,1,4,0,0,1,0,0,0,0,0,1,0,0,3,0.35,0,0,0
Maelstrom Djinn,15,324,0,16,16,371,1,1,0,1,1,1,8,0,0,1,0,0,0,0,0,1,0,0,1,0.35,0,0,0
Maelstrom Pulse,15,95,84,17,7,218,2,2,0,1,0,1,3,0,0,1,0,0,1,0,0,0,0,0,2,20.65,1,1,1
Maga  Traitor to Mortals,24,180,0,10,33,247,1,1,0,1,2,1,3,0,0,1,1,0,0,0,0,1,0,0,3,3.28,1,0,0
Magebane Armor,14,198,0,4,20,236,0,0,0,1,1,1,3,0,0,1,0,0,0,0,1,0,0,0,0,0.44,0,0,0
Mage-Ring Responder,19,191,0,13,25,248,0,0,0,2,1,1,7,0,0,1,0,0,0,0,1,1,0,0,0,0.34,0,0,0
Magister Sphinx,15,90,107,15,26,253,3,3,0,2,1,1,7,0,0,1,0,0,0,0,1,1,0,0,3,3.03,1,0,0
Magma Giant,11,92,109,7,16,235,1,1,0,1,1,1,7,0,0,1,0,0,0,0,0,1,0,0,2,0.32,0,0,0
Magma Phoenix,13,149,0,16,18,196,1,1,0,1,1,1,5,0,0,1,0,0,0,0,0,1,0,0,2,0.35,0,0,0
Magma Phoenix,13,149,0,16,18,196,1,1,0,1,1,1,5,0,0,1,0,0,0,0,0,1,0,0,2,0.35,0,0,0
Magmaquake,10,80,85,14,7,196,1,1,0,1,0,1,2,0,0,1,0,1,0,0,0,0,0,0,2,0.33,0,0,0
Magmaw,6,87,97,13,20,223,1,1,0,1,1,1,5,0,0,1,0,0,0,0,0,1,0,0,2,0.32,0,0,0
Magnetic Mine,13,131,0,12,8,164,0,0,0,1,0,1,4,0,0,1,0,0,0,0,1,0,0,0,0,0.33,0,0,0
Magnivore,9,167,0,14,19,209,1,1,0,1,1,1,4,0,0,1,0,0,0,0,0,1,0,0,2,0.38,0,0,0
Magosi  the Waterveil,21,284,0,14,4,323,0,1,-1,1,0,1,0,0,0,1,0,0,0,0,0,0,1,0,0,0.3,0,0,0
Magus of the Abyss,18,145,81,10,23,277,1,1,0,1,2,1,4,0,0,1,0,0,0,0,0,1,0,0,1,0.56,0,0,0
Magus of the Arena,18,192,92,14,23,339,1,1,0,1,2,1,6,0,0,1,0,0,0,0,0,1,0,0,2,0.35,0,0,0
Magus of the Bazaar,19,46,113,13,23,214,1,1,0,1,2,1,2,0,0,1,0,0,0,0,0,1,0,0,1,1.04,1,0,0
Magus of the Candelabra,23,31,157,14,23,248,1,1,0,1,2,1,1,0,0,1,0,0,0,0,0,1,0,0,1,1.45,1,0,0
Magus of the Coffers,20,63,143,13,23,262,1,1,0,1,2,1,5,0,0,1,0,0,0,0,0,1,0,0,1,1.47,1,0,0
Magus of the Disk,17,110,124,13,23,287,1,1,0,1,2,1,4,0,0,1,0,0,0,0,0,1,0,0,2,1.44,1,0,0
Magus of the Future,19,91,84,17,23,234,1,1,0,1,2,1,5,0,0,1,0,0,0,0,0,1,0,0,3,1.81,1,0,0
Magus of the Jar,16,259,0,29,23,327,1,1,0,1,2,1,5,0,0,1,0,0,0,0,0,1,0,0,2,0.9,0,0,0
Magus of the Library,20,117,117,14,23,291,1,1,0,1,2,1,2,0,0,1,0,0,0,0,0,1,0,0,2,0.44,0,0,0
Magus of the Mirror,19,125,84,19,23,270,1,1,0,1,2,1,6,0,0,1,0,0,0,0,0,1,0,0,2,0.41,0,0,0
Magus of the Moat,17,38,127,9,23,214,1,1,0,1,2,1,4,0,0,1,0,0,0,0,0,1,0,0,2,6.98,1,1,0
Magus of the Moon,17,29,118,15,23,202,1,1,0,1,2,1,3,0,0,1,0,0,0,0,0,1,0,0,1,18,1,1,1
Magus of the Scroll,19,173,0,12,23,227,1,1,0,1,2,1,1,0,0,1,0,0,0,0,0,1,0,0,1,0.42,0,0,0
Magus of the Tabernacle,23,97,140,14,23,297,1,1,0,1,2,1,4,0,0,1,0,0,0,0,0,1,0,0,1,1.33,1,0,0
Magus of the Vineyard,21,94,143,10,23,291,1,1,0,1,2,1,1,0,0,1,0,0,0,0,0,1,0,0,1,0.69,0,0,0
Mahamoti Djinn,14,81,195,12,16,318,1,1,0,1,1,1,6,0,0,1,0,0,0,0,0,1,0,0,2,0.33,0,0,0
Mahamoti Djinn,14,81,195,12,16,318,1,1,0,1,1,1,6,0,0,1,0,0,0,0,0,1,0,0,2,0.34,0,0,0
Mahamoti Djinn,14,81,195,12,16,318,1,1,0,1,1,1,6,0,0,1,0,0,0,0,0,1,0,0,2,0.35,0,0,0
Mahamoti Djinn,14,81,195,13,16,319,1,1,0,1,1,1,6,0,0,1,0,0,0,0,0,1,0,0,2,0.36,0,0,0
Mahamoti Djinn,14,81,195,12,16,318,1,1,0,1,1,1,6,0,0,1,0,0,0,0,0,1,0,0,2,0.45,0,0,0
Malakir Bloodwitch,18,194,0,10,25,247,1,1,0,1,2,1,5,0,0,1,0,0,0,0,0,1,0,0,2,1.09,1,0,0
Mana Bloom,10,300,0,11,11,332,1,1,0,1,0,1,1,0,0,1,0,0,0,1,0,0,0,0,1,0.33,0,0,0
Mana Clash,10,187,0,11,7,215,1,1,0,1,0,1,1,0,0,1,0,0,1,0,0,0,0,0,1,0.45,0,0,0
Mana Clash,10,187,0,11,7,215,1,1,0,1,0,1,1,0,0,1,0,0,1,0,0,0,0,0,1,0.55,0,0,0
Mana Confluence,15,61,84,14,4,178,0,0,0,1,0,1,0,0,0,1,0,0,0,0,0,0,1,0,0,7.45,1,1,0
Mana Reflection,15,80,105,28,11,239,1,1,0,1,0,1,6,0,0,1,0,0,0,1,0,0,0,0,2,26.59,1,1,1
Manabarbs,9,80,109,13,11,222,1,1,0,1,0,1,4,0,0,1,0,0,0,1,0,0,0,0,1,0.35,0,0,0
Manabarbs,9,80,109,13,11,222,1,1,0,1,0,1,4,0,0,1,0,0,0,1,0,0,0,0,1,0.35,0,0,0
Manabarbs,9,80,109,13,11,222,1,1,0,1,0,1,4,0,0,1,0,0,0,1,0,0,0,0,1,0.42,0,0,0
Managorger Hydra,16,81,0,14,16,127,1,1,0,1,1,1,3,0,0,1,0,0,0,0,0,1,0,0,1,1.47,1,0,0
Manaplasm,9,111,117,7,15,259,1,1,0,1,1,1,3,0,0,1,0,0,0,0,0,1,0,0,1,0.32,0,0,0
Mangara of Corondor,19,52,109,29,33,242,1,1,0,1,2,1,3,0,0,1,1,0,0,0,0,1,0,0,2,2.99,1,0,0
Mannichi  the Fevered Dream,27,69,222,17,27,362,1,1,0,1,1,1,3,0,0,1,1,0,0,0,0,1,0,0,1,0.39,0,0,0
Manor Gargoyle,14,142,36,12,28,232,0,0,0,2,1,1,5,0,0,1,0,0,0,0,1,1,0,0,0,0.31,0,0,0
Mantis Rider,12,24,143,12,21,212,3,3,0,1,2,1,3,0,0,1,0,0,0,0,0,1,0,0,3,0.68,0,0,0
Maralen of the Mornsong,23,200,83,8,31,345,1,1,0,1,2,1,3,0,0,1,1,0,0,0,0,1,0,0,2,4.27,1,0,0
Marble Titan,12,84,87,4,16,203,1,1,0,1,1,1,4,0,0,1,0,0,0,0,0,1,0,0,1,0.46,0,0,0
March from the Tomb,19,128,105,12,7,271,2,2,0,1,0,1,5,0,0,1,0,0,1,0,0,0,0,0,2,0.31,0,0,0
March of the Machines,21,167,0,12,11,211,1,1,0,1,0,1,4,0,0,1,0,0,0,1,0,0,0,0,1,0.56,0,0,0
March of the Machines,21,167,0,12,11,211,1,1,0,1,0,1,4,0,0,1,0,0,0,1,0,0,0,0,1,0.56,0,0,0
Mardu Ascendancy,16,196,0,10,11,233,3,3,0,1,0,1,3,0,0,1,0,0,0,1,0,0,0,0,3,0.35,0,0,0
Mardu Strike Leader,19,262,0,15,24,320,1,1,0,1,2,1,3,0,0,1,0,0,0,0,0,1,0,0,1,0.5,0,0,0
Marionette Master,17,291,0,11,26,345,1,1,0,1,2,1,6,0,0,1,0,0,0,0,0,1,0,0,2,0.79,0,0,0
Mark of Asylum,14,74,146,13,11,258,1,1,0,1,0,1,2,0,0,1,0,0,0,1,0,0,0,0,1,1.68,1,0,0
Markov Blademaster,18,101,130,29,26,304,1,1,0,1,2,1,3,0,0,1,0,0,0,0,0,1,0,0,2,0.76,0,0,0
Markov Dreadknight,18,76,91,14,25,224,1,1,0,1,2,1,5,0,0,1,0,0,0,0,0,1,0,0,2,0.29,0,0,0
Maro,4,78,25,14,20,141,1,1,0,1,1,1,4,0,0,1,0,0,0,0,0,1,0,0,2,0.34,0,0,0
Maro,4,78,25,14,20,141,1,1,0,1,1,1,4,0,0,1,0,0,0,0,0,1,0,0,2,0.37,0,0,0
Marrow-Gnawer,13,206,121,14,30,384,1,1,0,1,2,1,5,0,0,1,1,0,0,0,0,1,0,0,2,9.7,1,1,0
Marsh Flats,11,146,0,4,4,165,0,0,0,1,0,1,0,0,0,1,0,0,0,0,0,0,1,0,0,32.35,1,1,1
Marshal's Anthem,16,313,0,12,11,352,1,1,0,1,0,1,4,0,0,1,0,0,0,1,0,0,0,0,2,0.42,0,0,0
Martial Coup,12,91,85,12,7,207,1,1,0,1,0,1,2,0,0,1,0,0,1,0,0,0,0,0,2,1.98,1,0,0
Martial Law,11,185,101,14,11,322,1,1,0,1,0,1,4,0,0,1,0,0,0,1,0,0,0,0,2,0.29,0,0,0
Masako the Humorless,20,74,135,12,34,275,1,1,0,1,2,1,3,0,0,1,1,0,0,0,0,1,0,0,1,2.35,1,0,0
Masked Admirers,15,181,51,12,21,280,1,1,0,1,2,1,4,0,0,1,0,0,0,0,0,1,0,0,2,0.38,0,0,0
Mass Calcify,12,31,39,17,7,106,1,1,0,1,0,1,7,0,0,1,0,0,1,0,0,0,0,0,2,0.41,0,0,0
Mass Calcify,12,31,39,17,7,106,1,1,0,1,0,1,7,0,0,1,0,0,1,0,0,0,0,0,2,0.85,0,0,0
Mass Hysteria,13,25,92,8,11,149,1,1,0,1,0,1,1,0,0,1,0,0,0,1,0,0,0,0,1,2.37,1,0,0
Mass Polymorph,14,248,0,19,7,288,1,1,0,1,0,1,6,0,0,1,0,0,1,0,0,0,0,0,1,0.41,0,0,0
Master Healer,13,90,67,8,23,201,1,1,0,1,2,1,5,0,0,1,0,0,0,0,0,1,0,0,1,0.33,0,0,0
Master Healer,13,90,60,22,23,208,1,1,0,1,2,1,5,0,0,1,0,0,0,0,0,1,0,0,1,0.35,0,0,0
Master of Etherium,18,143,89,12,35,297,1,1,0,2,2,1,3,0,0,1,0,0,0,0,1,1,0,0,1,5.16,1,1,0
Master of Pearls,16,214,0,13,21,264,1,1,0,1,2,1,2,0,0,1,0,0,0,0,0,1,0,0,1,0.32,0,0,0
Master of Predicaments,22,258,24,12,17,333,1,1,0,1,1,1,5,0,0,1,0,0,0,0,0,1,0,0,2,0.3,0,0,0
Master of the Feast,19,67,95,10,28,219,1,1,0,2,1,1,3,0,0,1,0,0,0,1,0,1,0,0,2,0.7,0,0,0
Master of the Pearl Trident,27,138,113,13,18,309,1,1,0,1,1,1,2,0,0,1,0,0,0,0,0,1,0,0,2,5.86,1,1,0
Master Transmuter,17,127,95,6,35,280,1,1,0,2,2,1,4,0,0,1,0,0,0,0,1,1,0,0,1,13.3,1,1,1
Master Trinketeer,17,104,66,12,26,225,1,1,0,1,2,1,3,0,0,1,0,0,0,0,0,1,0,0,1,0.35,0,0,0
Master Warcraft,15,175,0,29,7,226,2,2,0,1,0,1,4,0,0,1,0,1,0,0,0,0,0,0,2,0.8,0,0,0
Mastery of the Unseen,21,272,0,16,11,320,1,1,0,1,0,1,2,0,0,1,0,0,0,1,0,0,0,0,1,0.39,0,0,0
Masumaro  First to Live,23,103,140,8,27,301,1,1,0,1,1,1,6,0,0,1,1,0,0,0,0,1,0,0,3,0.59,0,0,0
Matter Reshaper,15,241,0,10,18,284,0,0,0,1,1,1,3,0,0,1,0,0,0,0,0,1,0,0,1,2.25,1,0,0
Mausoleum Wanderer,18,263,0,13,17,311,1,1,0,1,1,1,1,0,0,1,0,0,0,0,0,1,0,0,1,1.05,1,0,0
Mavren Fein  Dusk Apostle,25,115,114,7,35,296,1,1,0,1,2,1,3,0,0,1,1,0,0,0,0,1,0,0,1,2.09,1,0,0
Mayael's Aria,13,280,0,12,11,316,3,3,0,1,0,1,3,0,0,1,0,0,0,1,0,0,0,0,3,4.67,1,0,0
Mayor of Avabruck,17,140,45,15,33,250,1,1,0,1,3,1,2,0,0,1,0,0,0,0,0,1,0,0,1,4.07,1,0,0
Meandering Towershell,21,276,0,7,17,321,1,1,0,1,1,1,5,0,0,1,0,0,0,0,0,1,0,0,2,0.31,0,0,0
Meddling Mage,13,111,104,13,23,264,2,2,0,1,2,1,2,0,0,1,0,0,0,0,0,1,0,0,2,18.2,1,1,1
Megantic Sliver,15,39,72,11,17,154,1,1,0,1,1,1,6,0,0,1,0,0,0,0,0,1,0,0,1,0.53,0,0,0
Megatog,7,78,119,12,15,231,1,1,0,1,1,1,6,0,0,1,0,0,0,0,0,1,0,0,2,0.31,0,0,0
Meglonoth,9,137,82,14,16,258,3,3,0,1,1,1,6,0,0,1,0,0,0,0,0,1,0,0,3,0.88,0,0,0
Meishin  the Mind Cage,22,69,60,13,21,185,1,1,0,1,0,1,7,0,0,1,1,0,0,1,0,0,0,0,3,1.54,1,0,0
Melek  Izzet Paragon,20,241,0,10,33,304,2,2,0,1,2,1,6,0,0,1,1,0,0,0,0,1,0,0,2,0.35,0,0,0
Meletis Charlatan,17,122,111,14,23,287,1,1,0,1,2,1,3,0,0,1,0,0,0,0,0,1,0,0,1,0.27,0,0,0
Melira  Sylvok Outcast,22,137,44,7,32,242,1,1,0,1,2,1,2,0,0,1,1,0,0,0,0,1,0,0,1,3.09,1,0,0
Meloku the Clouded Mirror,25,113,110,16,36,300,1,1,0,1,2,1,5,0,0,1,1,0,0,0,0,1,0,0,1,0.69,0,0,0
Memnarch,8,188,60,14,36,306,0,1,-1,2,1,1,7,0,0,1,1,0,0,0,1,1,0,0,0,5,1,1,0
Memoricide,10,180,64,11,7,272,1,1,0,1,0,1,4,0,0,1,0,0,1,0,0,0,0,0,1,0.35,0,0,0
Memory Erosion,14,119,157,11,11,312,1,1,0,1,0,1,3,0,0,1,0,0,0,1,0,0,0,0,2,2.39,1,0,0
Memory Plunder,14,102,77,9,7,209,2,2,0,1,0,1,4,0,0,1,0,1,0,0,0,0,0,0,4,3.45,1,0,0
Mentor of the Meek,18,130,89,29,24,290,1,1,0,1,2,1,3,0,0,1,0,0,0,0,0,1,0,0,1,0.89,0,0,0
Mephidross Vampire,18,184,0,17,18,237,1,1,0,1,1,1,6,0,0,1,0,0,0,0,0,1,0,0,2,5.73,1,1,0
Mephitic Ooze,13,171,84,22,15,305,1,1,0,1,1,1,5,0,0,1,0,0,0,0,0,1,0,0,1,0.33,0,0,0
Merchant's Dockhand,19,179,66,14,29,307,0,1,-1,2,1,1,1,0,0,1,0,0,0,0,1,1,0,0,0,0.28,0,0,0
Merciless Eviction,18,111,137,14,7,287,2,2,0,1,0,1,6,0,0,1,0,0,1,0,0,0,0,0,2,1.2,1,0,0
Mercurial Chemister,19,154,69,11,23,276,2,2,0,1,2,1,5,0,0,1,0,0,0,0,0,1,0,0,2,0.29,0,0,0
Mercurial Pretender,19,164,72,4,23,282,1,1,0,1,1,1,5,0,0,1,0,0,0,0,0,1,0,0,1,0.33,0,0,0
Merfolk Sovereign,17,103,58,13,18,209,1,1,0,1,1,1,3,0,0,1,0,0,0,0,0,1,0,0,2,0.69,0,0,0
Merfolk Sovereign,17,103,105,13,18,256,1,1,0,1,1,1,3,0,0,1,0,0,0,0,0,1,0,0,2,0.73,0,0,0
Mesa Enchantress,16,60,101,14,22,213,1,1,0,1,2,1,3,0,0,1,0,0,0,0,0,1,0,0,2,0.37,0,0,0
Mesa Enchantress,16,60,66,14,22,178,1,1,0,1,2,1,3,0,0,1,0,0,0,0,0,1,0,0,2,0.38,0,0,0
Mesa Enchantress,16,60,66,14,22,178,1,1,0,1,2,1,3,0,0,1,0,0,0,0,0,1,0,0,2,0.43,0,0,0
Mesmeric Orb,12,133,55,12,8,220,0,0,0,1,0,1,2,0,0,1,0,0,0,0,1,0,0,0,0,18.28,1,1,1
Metallic Mimic,14,245,0,11,32,302,0,0,0,2,1,1,2,0,0,1,0,0,0,0,1,1,0,0,0,10,1,1,1
Metalwork Colossus,18,206,0,11,29,264,0,0,0,2,1,1,11,0,0,1,0,0,0,0,1,1,0,0,0,0.5,0,0,0
Michiko Konda  Truth Seeker,27,95,196,19,34,371,1,1,0,1,2,1,4,0,0,1,1,0,0,0,0,1,0,0,1,9.29,1,1,0
Midnight Banshee,16,150,75,7,17,265,1,1,0,1,1,1,6,0,0,1,0,0,0,0,0,1,0,0,3,1.2,1,0,0
Midnight Entourage,18,144,0,13,27,202,1,1,0,1,2,1,4,0,0,1,0,0,0,0,0,1,0,0,2,0.34,0,0,0
Midnight Oil,12,301,0,16,11,340,1,1,0,1,0,1,4,0,0,1,0,0,0,1,0,0,0,0,2,0.29,0,0,0
Midnight Ritual,15,132,56,11,7,221,1,1,0,1,0,1,3,0,0,1,0,0,1,0,0,0,0,0,1,0.36,0,0,0
Might of Oaks,13,45,86,13,7,164,1,1,0,1,0,1,4,0,0,1,0,1,0,0,0,0,0,0,1,0.32,0,0,0
Might of Oaks,13,45,35,12,7,112,1,1,0,1,0,1,4,0,0,1,0,1,0,0,0,0,0,0,1,0.4,0,0,0
Might of Oaks,13,45,35,12,7,112,1,1,0,1,0,1,4,0,0,1,0,1,0,0,0,0,0,0,1,0.41,0,0,0
Might of Oaks,13,45,35,13,7,113,1,1,0,1,0,1,4,0,0,1,0,1,0,0,0,0,0,0,1,0.46,0,0,0
Mikokoro  Center of the Sea,27,67,179,9,14,296,0,0,0,1,0,1,0,0,0,1,1,0,0,0,0,0,1,0,0,13.93,1,1,1
Militia's Pride,15,156,65,16,28,280,1,1,0,2,1,1,2,0,0,1,0,0,0,1,0,0,0,0,1,2.13,1,0,0
Millstone,9,95,99,9,8,220,0,0,0,1,0,1,2,0,0,1,0,0,0,0,1,0,0,0,0,0.35,0,0,0
Millstone,9,95,99,9,8,220,0,0,0,1,0,1,2,0,0,1,0,0,0,0,1,0,0,0,0,0.35,0,0,0
Millstone,9,95,99,9,8,220,0,0,0,1,0,1,2,0,0,1,0,0,0,0,1,0,0,0,0,0.4,0,0,0
Mimeofacture,12,341,0,9,7,369,1,1,0,1,0,1,4,0,0,1,0,0,1,0,0,0,0,0,1,0.36,0,0,0
Mimic Vat,9,287,0,12,8,316,0,0,0,1,0,1,3,0,0,1,0,0,0,0,1,0,0,0,0,2.99,1,0,0
Mina and Denn  Wildborn,23,158,98,4,29,312,2,2,0,1,2,1,4,0,0,1,1,0,0,0,0,1,0,0,2,0.48,0,0,0
Minamo  School at Water's Edge,30,75,51,13,14,183,0,1,-1,1,0,1,0,0,0,1,1,0,0,0,0,0,1,0,0,20.31,1,1,1
Mind Bend,9,268,0,13,7,297,1,1,0,1,0,1,1,0,0,1,0,1,0,0,0,0,0,0,1,0.3,0,0,0
Mind Bend,9,268,0,13,7,297,1,1,0,1,0,1,1,0,0,1,0,1,0,0,0,0,0,0,1,0.32,0,0,0
Mind Bend,9,268,97,16,7,397,1,1,0,1,0,1,1,0,0,1,0,1,0,0,0,0,0,0,1,0.35,0,0,0
Mind Grind,10,179,0,7,7,203,2,2,0,1,0,1,2,0,0,1,0,0,1,0,0,0,0,0,2,1.92,1,0,0
Mind Shatter,12,41,70,14,7,144,1,1,0,1,0,1,2,0,0,1,0,0,1,0,0,0,0,0,2,0.35,0,0,0
Mind Shatter,12,41,70,14,7,144,1,1,0,1,0,1,2,0,0,1,0,0,1,0,0,0,0,0,2,0.37,0,0,0
Mind Spring,11,13,83,8,7,122,1,1,0,1,0,1,2,0,0,1,0,0,1,0,0,0,0,0,2,0.51,0,0,0
Mind Spring,11,13,83,8,7,122,1,1,0,1,0,1,2,0,0,1,0,0,1,0,0,0,0,0,2,0.53,0,0,0
Mind Unbound,12,124,97,11,11,255,1,1,0,1,0,1,6,0,0,1,0,0,0,1,0,0,0,0,2,0.37,0,0,0
Mindblaze,9,266,0,9,7,291,1,1,0,1,0,1,6,0,0,1,0,0,1,0,0,0,0,0,1,0.34,0,0,0
Mindleech Mass,14,183,0,10,17,224,2,2,0,1,1,1,8,0,0,1,0,0,0,0,0,1,0,0,3,0.78,0,0,0
Mindlock Orb,12,31,172,7,8,230,1,1,0,1,0,1,4,0,0,1,0,0,0,0,1,0,0,0,1,0.47,0,0,0
Mindmoil,8,124,146,22,11,311,1,1,0,1,0,1,5,0,0,1,0,0,0,1,0,0,0,0,1,3.05,1,0,0
Mindreaver,10,217,0,11,23,261,1,1,0,1,2,1,2,0,0,1,0,0,0,0,0,1,0,0,2,0.3,0,0,0
Mind's Eye,10,75,81,20,8,194,0,0,0,1,0,1,5,0,0,1,0,0,0,0,1,0,0,0,0,9.85,1,1,0
Mindshrieker,12,179,0,12,22,225,1,1,0,1,2,1,2,0,0,1,0,0,0,0,0,1,0,0,1,0.41,0,0,0
Mindslaver,10,170,0,10,18,208,0,0,0,1,0,1,6,0,0,1,1,0,0,0,1,0,0,0,0,4.24,1,0,0
Mindslicer,10,59,44,10,17,140,1,1,0,1,1,1,4,0,0,1,0,0,0,0,0,1,0,0,2,4.74,1,0,0
Mindsparker,11,199,0,14,20,244,1,1,0,1,1,1,3,0,0,1,0,0,0,0,0,1,0,0,2,0.36,0,0,0
Mindswipe,9,105,103,18,7,242,2,2,0,1,0,1,2,0,0,1,0,1,0,0,0,0,0,0,2,0.33,0,0,0
Mindwrack Liege,15,185,0,16,17,233,2,2,0,1,1,1,6,0,0,1,0,0,0,0,0,1,0,0,3,2.64,1,0,0
Minion Reflector,16,233,72,10,8,339,0,0,0,1,0,1,5,0,0,1,0,0,0,0,1,0,0,0,0,0.6,0,0,0
Mirage Mirror,13,103,62,16,8,202,0,0,0,1,0,1,3,0,0,1,0,0,0,0,1,0,0,0,0,1.9,1,0,0
Miren  the Moaning Well,23,123,0,13,14,173,0,0,0,1,0,1,0,0,0,1,1,0,0,0,0,0,1,0,0,10.76,1,1,1
Mirko Vosk  Mind Drinker,24,224,0,11,28,287,2,2,0,1,1,1,5,0,0,1,1,0,0,0,0,1,0,0,2,0.87,0,0,0
Mirran Crusader,15,51,70,14,23,173,1,1,0,1,2,1,3,0,0,1,0,0,0,0,0,1,0,0,2,3.15,1,0,0
Mirri  Cat Warrior,18,227,173,11,32,461,1,1,0,1,2,1,3,0,0,1,1,0,0,0,0,1,0,0,2,1.64,1,0,0
Mirri the Cursed,16,129,68,10,32,255,1,1,0,1,2,1,4,0,0,1,1,0,0,0,0,1,0,0,2,2.58,1,0,0
Mirror Entity,13,155,84,29,23,304,1,1,0,1,1,1,3,0,0,1,0,0,0,0,0,1,0,0,1,1.51,1,0,0
Mirror Gallery,14,32,43,16,8,113,0,0,0,1,0,1,5,0,0,1,0,0,0,0,1,0,0,0,0,14,1,1,1
Mirror Mockery,14,143,51,18,18,244,1,1,0,1,1,1,2,0,0,1,0,0,0,1,0,0,0,0,1,0.44,0,0,0
Mirror of Fate,14,168,81,12,8,283,0,0,0,1,0,1,5,0,0,1,0,0,0,0,1,0,0,0,0,0.33,0,0,0
Mirror Sheen,12,110,155,9,11,297,2,2,0,1,0,1,3,0,0,1,0,0,0,1,0,0,0,0,2,0.77,0,0,0
Mirrorweave,11,85,137,11,7,251,2,2,0,1,0,1,4,0,0,1,0,1,0,0,0,0,0,0,2,1.39,1,0,0
Mirrorworks,11,152,61,9,8,241,0,0,0,1,0,1,5,0,0,1,0,0,0,0,1,0,0,0,0,2.17,1,0,0
Mishra  Artificer Prodigy,25,214,70,16,36,361,3,3,0,1,2,1,4,0,0,1,1,0,0,0,0,1,0,0,3,0.75,0,0,0
Mistbind Clique,15,284,0,12,24,335,1,1,0,1,2,1,4,0,0,1,0,0,0,0,0,1,0,0,1,12.68,1,1,1
Mistcutter Hydra,16,133,0,13,16,178,1,1,0,1,1,1,1,0,0,1,0,0,0,0,0,1,0,0,1,0.48,0,0,0
Misty Rainforest,16,152,0,10,4,182,0,0,0,1,0,1,0,0,0,1,0,0,0,0,0,0,1,0,0,34.71,1,1,1
Mitotic Manipulation,20,193,71,9,7,300,1,1,0,1,0,1,3,0,0,1,0,0,1,0,0,0,0,0,2,0.28,0,0,0
Mitotic Slime,13,147,0,16,15,191,1,1,0,1,1,1,5,0,0,1,0,0,0,0,0,1,0,0,1,0.38,0,0,0
Mizzium Meddler,15,183,66,12,26,302,1,1,0,1,2,1,3,0,0,1,0,0,0,0,0,1,0,0,1,0.33,0,0,0
Mizzium Mortars,15,218,0,12,7,252,1,1,0,1,0,1,2,0,0,1,0,0,1,0,0,0,0,0,1,0.35,0,0,0
Mizzium Transreliquat,21,170,70,9,8,278,0,2,-2,1,0,1,3,0,0,1,0,0,0,0,1,0,0,0,0,0.49,0,0,0
Mob Rule,8,275,0,12,7,302,1,1,0,1,0,1,6,0,0,1,0,0,1,0,0,0,0,0,2,0.32,0,0,0
Mobilization,12,84,66,14,11,187,1,1,0,1,0,1,3,0,0,1,0,0,0,1,0,0,0,0,1,1.12,1,0,0
Mogg Sentry,11,77,85,12,25,210,1,1,0,1,2,1,1,0,0,1,0,0,0,0,0,1,0,0,1,0.35,0,0,0
Mogg Sentry,11,77,51,12,25,176,1,1,0,1,2,1,1,0,0,1,0,0,0,0,0,1,0,0,1,0.42,0,0,0
Molder Slug,11,77,53,14,21,176,1,1,0,1,2,1,5,0,0,1,0,0,0,0,0,1,0,0,2,0.36,0,0,0
Moldgraf Monstrosity,20,130,67,16,17,250,1,1,0,1,1,1,7,0,0,1,0,0,0,0,0,1,0,0,3,0.4,0,0,0
Molimo  Maro-Sorcerer,21,201,125,8,30,385,1,1,0,1,1,1,7,0,0,1,1,0,0,0,0,1,0,0,3,0.5,0,0,0
Molten Disaster,15,315,0,6,7,343,1,1,0,1,0,1,2,0,0,1,0,0,1,0,0,0,0,0,2,0.43,0,0,0
Molten Firebird,15,191,0,19,18,243,1,1,0,1,1,1,5,0,0,1,0,0,0,0,0,1,0,0,1,0.38,0,0,0
Molten Primordial,17,211,0,18,17,263,1,1,0,1,1,1,7,0,0,1,0,0,0,0,0,1,0,0,2,0.29,0,0,0
Molten Psyche,13,263,0,8,7,291,1,1,0,1,0,1,3,0,0,1,0,0,1,0,0,0,0,0,2,0.91,0,0,0
Molten Sentry,13,240,67,10,20,350,1,1,0,1,1,1,4,0,0,1,0,0,0,0,0,1,0,0,1,0.38,0,0,0
Molten Vortex,13,84,68,13,11,189,1,1,0,1,0,1,1,0,0,1,0,0,0,1,0,0,0,0,1,0.42,0,0,0
Moltensteel Dragon,18,109,29,11,26,193,1,1,0,2,1,1,6,0,0,1,0,0,0,0,1,1,0,0,2,0.58,0,0,0
Momentous Fall,14,167,81,16,7,285,1,1,0,1,0,1,4,0,0,1,0,1,0,0,0,0,0,0,2,2,1,0,0
Momir Vig  Simic Visionary,26,301,0,29,31,387,2,2,0,1,2,1,5,0,0,1,1,0,0,0,0,1,0,0,2,3.99,1,0,0
Monastery Siege,15,264,0,12,11,302,1,1,0,1,0,1,3,0,0,1,0,0,0,1,0,0,0,0,1,0.49,0,0,0
Mondronen Shaman,16,94,103,9,32,254,1,1,0,1,3,1,4,0,0,1,0,0,0,0,0,1,0,0,1,0.49,0,0,0
Monomania,9,70,62,11,7,159,1,1,0,1,0,1,5,0,0,1,0,0,1,0,0,0,0,0,2,0.32,0,0,0
Moonlace,8,44,182,16,7,257,1,1,0,1,0,1,1,0,0,1,0,1,0,0,0,0,0,0,1,0.34,0,0,0
Moonlight Bargain,17,149,92,13,7,278,1,1,0,1,0,1,5,0,0,1,0,1,0,0,0,0,0,0,2,0.43,0,0,0
Moonring Mirror,15,237,0,16,8,276,0,0,0,1,0,1,5,0,0,1,0,0,0,0,1,0,0,0,0,0.34,0,0,0
Moonsilver Spear,16,134,0,11,20,181,0,0,0,1,1,1,4,0,0,1,0,0,0,0,1,0,0,0,0,0.5,0,0,0
Moorland Haunt,14,141,0,11,4,170,0,2,-2,1,0,1,0,0,0,1,0,0,0,0,0,0,1,0,0,0.33,0,0,0
Moratorium Stone,16,233,0,17,8,274,0,2,-2,1,0,1,1,0,0,1,0,0,0,0,1,0,0,0,0,0.32,0,0,0
Mordant Dragon,14,195,0,10,17,236,1,1,0,1,1,1,6,0,0,1,0,0,0,0,0,1,0,0,3,0.39,0,0,0
Moriok Rigger,13,112,84,13,29,251,1,1,0,1,3,1,3,0,0,1,0,0,0,0,0,1,0,0,1,0.35,0,0,0
Mortal Combat,13,106,99,10,11,239,1,1,0,1,0,1,4,0,0,1,0,0,0,1,0,0,0,0,2,0.85,0,0,0
Mortician Beetle,16,89,57,15,17,194,1,1,0,1,1,1,1,0,0,1,0,0,0,0,0,1,0,0,1,0.7,0,0,0
Mortivore,9,124,56,17,19,225,1,1,0,1,1,1,4,0,0,1,0,0,0,0,0,1,0,0,2,1.23,1,0,0
Mortivore,9,124,0,17,19,169,1,1,0,1,1,1,4,0,0,1,0,0,0,0,0,1,0,0,2,1.29,1,0,0
Mossbridge Troll,16,212,0,13,16,257,1,1,0,1,1,1,7,0,0,1,0,0,0,0,0,1,0,0,2,1.3,1,0,0
Mosswort Bridge,15,336,0,13,4,368,0,1,-1,1,0,1,0,0,0,1,0,0,0,0,0,0,1,0,0,1.17,1,0,0
Mul Daya Channelers,19,276,0,10,27,332,1,1,0,1,3,1,3,0,0,1,0,0,0,0,0,1,0,0,2,1.36,1,0,0
Multiform Wonder,16,250,0,7,29,302,0,0,0,2,1,1,5,0,0,1,0,0,0,0,1,1,0,0,0,0.31,0,0,0
Munda  Ambush Leader,20,312,0,13,29,374,2,2,0,1,2,1,4,0,0,1,1,0,0,0,0,1,0,0,2,0.31,0,0,0
Munda's Vanguard,16,97,69,14,26,222,1,1,0,1,3,1,5,0,0,1,0,0,0,0,0,1,0,0,1,0.29,0,0,0
Muraganda Petroglyphs,21,38,103,13,11,186,1,1,0,1,0,1,4,0,0,1,0,0,0,1,0,0,0,0,1,1.5,1,0,0
Murderous Betrayal,18,98,61,14,11,202,1,1,0,1,0,1,3,0,0,1,0,0,0,1,0,0,0,0,3,0.35,0,0,0
Murkfiend Liege,15,177,0,14,17,223,2,2,0,1,1,1,5,0,0,1,0,0,0,0,0,1,0,0,3,2.44,1,0,0
Murmuring Bosk,14,259,0,9,13,295,0,3,-3,1,1,1,0,0,0,1,0,0,0,0,0,0,1,0,0,2.44,1,0,0
Muse Vessel,11,199,0,16,8,234,0,0,0,1,0,1,4,0,0,1,0,0,0,0,1,0,0,0,0,0.39,0,0,0
Mutavault,9,131,73,11,4,228,0,0,0,1,0,1,0,0,0,1,0,0,0,0,0,0,1,0,0,14.5,1,1,1
Mutavault,9,131,80,11,4,235,0,0,0,1,0,1,0,0,0,1,0,0,0,0,0,0,1,0,0,16,1,1,1
Mutilate,8,69,142,14,7,240,1,1,0,1,0,1,4,0,0,1,0,0,1,0,0,0,0,0,2,0.56,0,0,0
Mycoid Shepherd,15,107,102,14,17,255,2,2,0,1,1,1,4,0,0,1,0,0,0,0,0,1,0,0,3,0.4,0,0,0
Mycoloth,8,278,0,16,17,319,1,1,0,1,1,1,5,0,0,1,0,0,0,0,0,1,0,0,2,1.89,1,0,0
Mycosynth Golem,15,212,0,13,25,265,0,0,0,2,1,1,11,0,0,1,0,0,0,0,1,1,0,0,0,13.49,1,1,1
Mycosynth Lattice,17,202,0,17,8,244,0,0,0,1,0,1,6,0,0,1,0,0,0,0,1,0,0,0,0,25.24,1,1,1
Myojin of Cleansing Fire,24,282,0,10,27,343,1,1,0,1,1,1,8,0,0,1,1,0,0,0,0,1,0,0,3,2.99,1,0,0
Myojin of Infinite Rage,23,269,0,10,27,329,1,1,0,1,1,1,10,0,0,1,1,0,0,0,0,1,0,0,3,0.96,0,0,0
Myojin of Life's Web,20,311,0,10,27,368,1,1,0,1,1,1,9,0,0,1,1,0,0,0,0,1,0,0,3,5,1,1,0
Myojin of Night's Reach,23,290,0,10,27,350,1,1,0,1,1,1,8,0,0,1,1,0,0,0,0,1,0,0,3,3.99,1,0,0
Myojin of Seeing Winds,22,291,0,10,27,350,1,1,0,1,1,1,10,0,0,1,1,0,0,0,0,1,0,0,3,1.11,1,0,0
Myr Battlesphere,16,273,0,15,33,337,0,0,0,2,2,1,7,0,0,1,0,0,0,0,1,1,0,0,0,0.57,0,0,0
Myr Incubator,13,193,0,22,8,236,0,0,0,1,0,1,6,0,0,1,0,0,0,0,1,0,0,0,0,0.63,0,0,0
Myr Matrix,10,154,0,10,8,182,0,0,0,1,0,1,5,0,0,1,0,0,0,0,1,0,0,0,0,2.21,1,0,0
Myr Propagator,14,57,132,13,23,239,0,0,0,2,1,1,3,0,0,1,0,0,0,0,1,1,0,0,0,0.38,0,0,0
Myr Reservoir,13,171,50,9,8,251,0,0,0,1,0,1,3,0,0,1,0,0,0,0,1,0,0,0,0,0.52,0,0,0
Myr Superion,12,59,73,29,23,196,0,0,0,2,1,1,2,0,0,1,0,0,0,0,1,1,0,0,0,1.69,1,0,0
Myr Turbine,11,197,0,13,8,229,0,0,0,1,0,1,5,0,0,1,0,0,0,0,1,0,0,0,0,1.39,1,0,0
Myr Welder,10,127,121,10,23,291,0,0,0,2,1,1,3,0,0,1,0,0,0,0,1,1,0,0,0,0.3,0,0,0
Mystic Gate,11,92,125,11,4,243,0,2,-2,1,0,1,0,0,0,1,0,0,0,0,0,0,1,0,0,19.05,1,1,1
Mystic Genesis,14,107,146,11,7,285,2,2,0,1,0,1,5,0,0,1,0,1,0,0,0,0,0,0,3,0.33,0,0,0
Mystifying Maze,15,197,0,11,4,227,0,0,0,1,0,1,0,0,0,1,0,0,0,0,0,0,1,0,0,1.27,1,0,0
Myth Realized,13,321,0,15,11,360,1,1,0,1,0,1,1,0,0,1,0,0,0,1,0,0,0,0,1,0.45,0,0,0
Nantuko Shade,13,48,98,12,23,194,1,1,0,1,2,1,2,0,0,1,0,0,0,0,0,1,0,0,2,0.47,0,0,0
Nath of the Gilt-Leaf,21,180,40,10,32,283,2,2,0,1,2,1,5,0,0,1,1,0,0,0,0,1,0,0,2,1.69,1,0,0
Natural Affinity,16,70,81,12,7,186,1,1,0,1,0,1,3,0,0,1,0,1,0,0,0,0,0,0,1,0.48,0,0,0
Natural Affinity,16,70,81,12,7,186,1,1,0,1,0,1,3,0,0,1,0,1,0,0,0,0,0,0,1,0.48,0,0,0
Nature's Will,13,142,113,11,11,290,1,1,0,1,0,1,4,0,0,1,0,0,0,1,0,0,0,0,2,6.09,1,1,0
Near-Death Experience,21,78,109,9,11,228,1,1,0,1,0,1,5,0,0,1,0,0,0,1,0,0,0,0,3,0.49,0,0,0
Necrogen Mists,14,70,135,22,11,252,1,1,0,1,0,1,3,0,0,1,0,0,0,1,0,0,0,0,1,3.87,1,0,0
Necromancer's Covenant,22,220,0,14,11,267,2,2,0,1,0,1,6,0,0,1,0,0,0,1,0,0,0,0,3,0.57,0,0,0
Necromancer's Stockpile,23,135,62,12,11,243,1,1,0,1,0,1,2,0,0,1,0,0,0,1,0,0,0,0,1,0.38,0,0,0
Necromaster Dragon,18,226,0,8,17,269,2,2,0,1,1,1,5,0,0,1,0,0,0,0,0,1,0,0,2,0.37,0,0,0
Necroplasm,10,413,0,7,15,445,1,1,0,1,1,1,3,0,0,1,0,0,0,0,0,1,0,0,2,0.69,0,0,0
Necropolis Fiend,16,184,0,12,16,228,1,1,0,1,1,1,9,0,0,1,0,0,0,0,0,1,0,0,2,0.33,0,0,0
Necroskitter,12,208,0,11,20,251,1,1,0,1,1,1,3,0,0,1,0,0,0,0,0,1,0,0,2,3.42,1,0,0
Necrotic Ooze,13,119,85,11,15,243,1,1,0,1,1,1,4,0,0,1,0,0,0,0,0,1,0,0,2,1.64,1,0,0
Necrotic Plague,15,302,0,11,18,346,1,1,0,1,1,1,4,0,0,1,0,0,0,1,0,0,0,0,2,0.31,0,0,0
Needle Specter,14,172,0,19,18,223,1,1,0,1,1,1,3,0,0,1,0,0,0,0,0,1,0,0,2,0.86,0,0,0
Needle Spires,13,212,0,11,4,240,0,2,-2,1,0,1,0,0,0,1,0,0,0,0,0,0,1,0,0,0.96,0,0,0
Nefarox  Overlord of Grixis,27,199,0,14,26,266,1,1,0,1,1,1,6,0,0,1,1,0,0,0,0,1,0,0,2,0.6,0,0,0
Neheb  the Worthy,17,229,0,10,37,293,2,2,0,1,2,1,3,0,0,1,1,0,0,0,0,1,0,0,2,0.34,0,0,0
Neko-Te,7,276,0,22,20,325,0,0,0,1,1,1,3,0,0,1,0,0,0,0,1,0,0,0,0,1.19,1,0,0
Nemesis of Reason,17,124,77,10,27,255,2,2,0,1,2,1,5,0,0,1,0,0,0,0,0,1,0,0,2,6.25,1,1,0
Nephalia Drownyard,18,135,93,12,4,262,0,2,-2,1,0,1,0,0,0,1,0,0,0,0,0,0,1,0,0,0.43,0,0,0
Nephalia Moondrakes,19,214,0,9,16,258,1,1,0,1,1,1,7,0,0,1,0,0,0,0,0,1,0,0,2,0.32,0,0,0
Nessian Wilds Ravager,21,307,0,14,16,358,1,1,0,1,1,1,6,0,0,1,0,0,0,0,0,1,0,0,2,0.31,0,0,0
Nether Traitor,14,248,0,12,17,291,1,1,0,1,1,1,2,0,0,1,0,0,0,0,0,1,0,0,2,4.48,1,0,0
Nettlevine Blight,17,174,0,14,18,223,1,1,0,1,1,1,6,0,0,1,0,0,0,1,0,0,0,0,2,0.55,0,0,0
Neverending Torment,19,335,0,13,7,374,1,1,0,1,0,1,6,0,0,1,0,0,1,0,0,0,0,0,2,0.36,0,0,0
Nevermore,9,107,91,14,11,232,1,1,0,1,0,1,3,0,0,1,0,0,0,1,0,0,0,0,2,0.82,0,0,0
New Perspectives,16,159,41,14,11,241,1,1,0,1,0,1,6,0,0,1,0,0,0,1,0,0,0,0,1,0.43,0,0,0
Nezumi Shortfang,16,110,0,11,20,157,1,1,0,1,2,1,2,0,0,1,0,0,0,0,0,1,0,0,1,4.75,1,0,0
Niblis of Frost,15,257,0,12,17,301,1,1,0,1,1,1,4,0,0,1,0,0,0,0,0,1,0,0,2,0.42,0,0,0
Night Dealings,14,297,0,13,11,335,1,1,0,1,0,1,4,0,0,1,0,0,0,1,0,0,0,0,2,0.49,0,0,0
Night of Souls' Betrayal,24,24,212,12,21,293,1,1,0,1,0,1,4,0,0,1,1,0,0,1,0,0,0,0,2,4.22,1,0,0
Nightfall Predator,18,215,0,14,19,266,1,2,-1,1,1,1,3,0,0,1,0,0,0,0,0,1,0,0,0,0.62,0,0,0
Nighthowler,11,277,0,9,29,326,1,1,0,2,1,1,3,0,0,1,0,0,0,1,0,1,0,0,2,0.35,0,0,0
Nightmare,9,165,52,14,26,266,1,1,0,1,2,1,6,0,0,1,0,0,0,0,0,1,0,0,1,0.33,0,0,0
Nightmare,9,165,52,12,26,264,1,1,0,1,2,1,6,0,0,1,0,0,0,0,0,1,0,0,1,0.33,0,0,0
Nightmare,9,165,52,14,26,266,1,1,0,1,2,1,6,0,0,1,0,0,0,0,0,1,0,0,1,0.34,0,0,0
Nightmare,9,165,52,12,26,264,1,1,0,1,2,1,6,0,0,1,0,0,0,0,0,1,0,0,1,0.34,0,0,0
Nightmare,9,165,52,14,26,266,1,1,0,1,2,1,6,0,0,1,0,0,0,0,0,1,0,0,1,0.38,0,0,0
Nightmare,9,165,52,14,26,266,1,1,0,1,2,1,6,0,0,1,0,0,0,0,0,1,0,0,1,0.39,0,0,0
Nightmare,9,165,52,12,26,264,1,1,0,1,2,1,6,0,0,1,0,0,0,0,0,1,0,0,1,0.39,0,0,0
Nightmare Incursion,19,156,0,12,7,194,1,1,0,1,0,1,6,0,0,1,0,0,1,0,0,0,0,0,1,0.74,0,0,0
Nightmare Lash,14,249,0,9,20,292,0,0,0,1,1,1,4,0,0,1,0,0,0,0,1,0,0,0,0,1.26,1,0,0
Nightveil Specter,17,171,0,7,18,213,2,2,0,1,1,1,3,0,0,1,0,0,0,0,0,1,0,0,3,0.6,0,0,0
Nihilistic Glee,15,171,86,27,11,310,1,1,0,1,0,1,4,0,0,1,0,0,0,1,0,0,0,0,2,0.39,0,0,0
Nihilith,8,488,0,11,17,524,1,1,0,1,1,1,6,0,0,1,0,0,0,0,0,1,0,0,2,0.87,0,0,0
Nim Deathmantle,15,374,0,13,20,422,0,0,0,1,1,1,2,0,0,1,0,0,0,0,1,0,0,0,0,5.39,1,1,0
Nim Devourer,12,196,0,8,17,233,1,1,0,1,1,1,5,0,0,1,0,0,0,0,0,1,0,0,2,0.35,0,0,0
Nimble Obstructionist,21,172,0,13,22,228,1,1,0,1,2,1,3,0,0,1,0,0,0,0,0,1,0,0,1,0.92,0,0,0
Nimbus Maze,11,200,40,10,4,265,0,2,-2,1,0,1,0,0,0,1,0,0,0,0,0,0,1,0,0,6.49,1,1,0
Nissa's Encouragement,21,203,0,12,7,243,1,1,0,1,0,1,5,0,0,1,0,0,1,0,0,0,0,0,1,0.25,0,0,0
Nissa's Renewal,15,135,89,13,7,259,1,1,0,1,0,1,6,0,0,1,0,0,1,0,0,0,0,0,1,0.44,0,0,0
Nissa's Revelation,18,150,72,4,7,251,1,1,0,1,0,1,7,0,0,1,0,0,1,0,0,0,0,0,2,0.37,0,0,0
Nivmagus Elemental,18,120,111,11,20,280,2,2,0,1,1,1,1,0,0,1,0,0,0,0,0,1,0,0,1,0.36,0,0,0
Niv-Mizzet  the Firemind,24,120,28,13,34,219,2,2,0,1,2,1,6,0,0,1,1,0,0,0,0,1,0,0,4,2.75,1,0,0
Nix,3,53,150,13,7,226,1,1,0,1,0,1,1,0,0,1,0,1,0,0,0,0,0,0,1,0.69,0,0,0
Nobilis of War,14,49,114,19,24,220,2,2,0,1,2,1,5,0,0,1,0,0,0,0,0,1,0,0,5,0.63,0,0,0
Noble Hierarch,14,145,72,8,22,261,1,3,-2,1,2,1,1,0,0,1,0,0,0,0,0,1,0,0,1,59.11,1,1,1
Noble Purpose,13,77,61,10,11,172,1,1,0,1,0,1,5,0,0,1,0,0,0,1,0,0,0,0,2,0.48,0,0,0
Nomad Mythmaker,15,123,115,13,29,295,1,1,0,1,3,1,3,0,0,1,0,0,0,0,0,1,0,0,1,2.14,1,0,0
Nomads' Assembly,16,252,0,10,7,285,1,1,0,1,0,1,6,0,0,1,0,0,1,0,0,0,0,0,2,0.42,0,0,0
Noosegraf Mob,13,197,0,12,17,239,1,1,0,1,1,1,6,0,0,1,0,0,0,0,0,1,0,0,2,0.33,0,0,0
Norin the Wary,14,166,34,14,34,262,1,1,0,1,2,1,1,0,0,1,1,0,0,0,0,1,0,0,1,5.93,1,1,0
Norn's Annex,12,167,0,11,8,198,1,1,0,1,0,1,5,0,0,1,0,0,0,0,1,0,0,0,2,4.48,1,0,0
Notion Thief,12,166,0,13,22,213,2,2,0,1,2,1,4,0,0,1,0,0,0,0,0,1,0,0,2,0.75,0,0,0
Notorious Throng,16,310,0,14,22,362,1,1,0,2,1,1,4,0,0,1,0,0,1,0,0,0,0,0,1,2.17,1,0,0
Nourishing Shoal,16,131,0,12,16,175,1,1,0,1,1,1,2,0,0,1,0,1,0,0,0,0,0,0,2,6.3,1,1,0
Nova Chaser,11,198,0,9,28,246,1,1,0,1,2,1,4,0,0,1,0,0,0,0,0,1,0,0,1,4.47,1,0,0
Novijen Sages,13,263,0,12,31,319,1,1,0,1,3,1,6,0,0,1,0,0,0,0,0,1,0,0,2,0.34,0,0,0
Noyan Dar  Roil Shaper,22,193,137,13,33,398,2,2,0,1,2,1,5,0,0,1,1,0,0,0,0,1,0,0,2,0.32,0,0,0
Null Profusion,14,90,118,10,11,243,1,1,0,1,0,1,6,0,0,1,0,0,0,1,0,0,0,0,2,0.4,0,0,0
Nullstone Gargoyle,18,82,94,11,28,233,0,0,0,2,1,1,9,0,0,1,0,0,0,0,1,1,0,0,0,0.42,0,0,0
Numot  the Devastator,21,133,0,14,27,195,3,3,0,1,1,1,6,0,0,1,1,0,0,0,0,1,0,0,3,1.64,1,0,0
Nykthos  Shrine to Nyx,22,265,0,9,14,310,0,0,0,1,0,1,0,0,0,1,1,0,0,0,0,0,1,0,0,8.62,1,1,0
Nyxathid,8,118,70,16,20,232,1,1,0,1,1,1,3,0,0,1,0,0,0,0,0,1,0,0,2,3.59,1,0,0
Oath of Ajani,13,144,54,11,21,243,2,2,0,1,0,1,2,0,0,1,1,0,0,1,0,0,0,0,2,0.46,0,0,0
Oath of Chandra,15,259,69,11,21,375,1,1,0,1,0,1,2,0,0,1,1,0,0,1,0,0,0,0,1,0.35,0,0,0
Oath of Gideon,14,185,43,11,21,274,1,1,0,1,0,1,3,0,0,1,1,0,0,1,0,0,0,0,1,0.38,0,0,0
Oath of Jace,12,176,52,11,21,272,1,1,0,1,0,1,3,0,0,1,1,0,0,1,0,0,0,0,1,0.39,0,0,0
Oath of Liliana,15,230,29,11,21,306,1,1,0,1,0,1,3,0,0,1,1,0,0,1,0,0,0,0,1,0.37,0,0,0
Oath of Nissa,13,325,49,11,21,419,1,1,0,1,0,1,1,0,0,1,1,0,0,1,0,0,0,0,1,1.08,1,0,0
Oath of the Ancient Wood,24,147,60,9,11,251,1,1,0,1,0,1,3,0,0,1,0,0,0,1,0,0,0,0,1,0.31,0,0,0
Oathkeeper  Takeno's Daisho,27,255,0,12,30,324,0,0,0,1,1,1,3,0,0,1,1,0,0,0,1,0,0,0,0,1.14,1,0,0
Ob Nixilis  Unshackled,22,197,21,13,26,279,1,1,0,1,1,1,6,0,0,1,1,0,0,0,0,1,0,0,2,2.48,1,0,0
Obelisk of Alara,16,257,0,13,8,294,0,5,-5,1,0,1,6,0,0,1,0,0,0,0,1,0,0,0,0,1.01,1,0,0
Obelisk of Urd,14,266,0,21,8,309,0,0,0,1,0,1,6,0,0,1,0,0,0,0,1,0,0,0,0,3.45,1,0,0
Obliterate,10,102,110,10,7,239,1,1,0,1,0,1,8,0,0,1,0,0,1,0,0,0,0,0,2,2.47,1,0,0
Oblivion Stone,14,197,0,8,8,227,0,0,0,1,0,1,3,0,0,1,0,0,0,0,1,0,0,0,0,11.09,1,1,1
Oboro  Palace in the Clouds,27,92,114,13,14,260,0,1,-1,1,0,1,0,0,0,1,1,0,0,0,0,0,1,0,0,18.81,1,1,1
Obscuring Aether,16,127,0,7,11,161,1,1,0,1,0,1,1,0,0,1,0,0,0,1,0,0,0,0,1,0.36,0,0,0
Obstinate Baloth,16,216,0,10,16,258,1,1,0,1,1,1,4,0,0,1,0,0,0,0,0,1,0,0,2,2.58,1,0,0
Obzedat's Aid,13,68,112,9,7,209,2,2,0,1,0,1,5,0,0,1,0,0,1,0,0,0,0,0,2,0.36,0,0,0
Odric  Lunarch Marshal,22,279,0,11,34,346,1,1,0,1,2,1,4,0,0,1,1,0,0,0,0,1,0,0,1,0.89,0,0,0
Odric  Master Tactician,23,239,45,15,34,356,1,1,0,1,2,1,4,0,0,1,1,0,0,0,0,1,0,0,2,1.13,1,0,0
Ogre Battledriver,17,163,85,12,23,300,1,1,0,1,2,1,4,0,0,1,0,0,0,0,0,1,0,0,2,0.33,0,0,0
Ogre Slumlord,13,121,109,14,21,278,1,1,0,1,2,1,5,0,0,1,0,0,0,0,0,1,0,0,2,0.5,0,0,0
Ohran Viper,11,170,106,10,21,318,1,1,0,1,1,1,3,0,0,1,0,0,0,0,0,1,0,0,2,0.94,0,0,0
Ojutai  Soul of Winter,22,177,92,11,27,329,2,2,0,1,1,1,7,0,0,1,1,0,0,0,0,1,0,0,2,0.35,0,0,0
Ojutai's Command,16,184,0,13,7,220,2,2,0,1,0,1,4,0,0,1,0,1,0,0,0,0,0,0,2,0.68,0,0,0
Oketra's Last Mercy,19,117,42,11,7,196,1,1,0,1,0,1,3,0,0,1,0,0,1,0,0,0,0,0,2,0.42,0,0,0
Okina  Temple to the Grandfathers,33,97,70,14,14,228,0,1,-1,1,0,1,0,0,0,1,1,0,0,0,0,0,1,0,0,2.89,1,0,0
Okk,3,133,0,15,17,168,1,1,0,1,1,1,2,0,0,1,0,0,0,0,0,1,0,0,1,0.35,0,0,0
Old-Growth Dryads,17,182,81,12,16,308,1,1,0,1,1,1,1,0,0,1,0,0,0,0,0,1,0,0,1,0.37,0,0,0
Omen Machine,12,256,0,12,8,288,0,0,0,1,0,1,6,0,0,1,0,0,0,0,1,0,0,0,0,0.33,0,0,0
Omnibian,8,88,157,10,15,278,2,2,0,1,1,1,4,0,0,1,0,0,0,0,0,1,0,0,3,0.6,0,0,0
One with Nothing,16,18,53,10,7,104,1,1,0,1,0,1,1,0,0,1,0,1,0,0,0,0,0,0,1,1.93,1,0,0
Oona  Queen of the Fae,22,214,0,8,34,278,2,2,0,1,2,1,6,0,0,1,1,0,0,0,0,1,0,0,3,4.39,1,0,0
Oona's Prowler,14,105,111,14,23,267,1,1,0,1,2,1,2,0,0,1,0,0,0,0,0,1,0,0,1,2.8,1,0,0
Ooze Flux,9,174,0,12,11,206,1,1,0,1,0,1,4,0,0,1,0,0,0,1,0,0,0,0,1,0.34,0,0,0
Ooze Garden,11,185,86,17,11,310,1,1,0,1,0,1,2,0,0,1,0,0,0,1,0,0,0,0,1,0.4,0,0,0
Opal Guardian,13,159,74,16,11,273,1,1,0,1,0,1,3,0,0,1,0,0,0,1,0,0,0,0,3,0.37,0,0,0
Opal-Eye  Konda's Yojimbo,25,341,0,12,32,410,1,1,0,1,2,1,3,0,0,1,1,0,0,0,0,1,0,0,2,1.66,1,0,0
Open the Vaults,15,163,44,13,7,242,1,1,0,1,0,1,6,0,0,1,0,0,1,0,0,0,0,0,2,1.04,1,0,0
Oracle of Bones,15,273,0,12,26,326,1,1,0,1,2,1,4,0,0,1,0,0,0,0,0,1,0,0,2,0.29,0,0,0
Oracle of Mul Daya,18,166,0,12,21,217,1,1,0,1,2,1,4,0,0,1,0,0,0,0,0,1,0,0,1,23.42,1,1,1
Oracle of Nectars,17,26,89,17,21,170,2,2,0,1,2,1,3,0,0,1,0,0,0,0,0,1,0,0,1,2.47,1,0,0
Oracle's Attendants,19,132,44,11,24,230,1,1,0,1,2,1,4,0,0,1,0,0,0,0,0,1,0,0,1,0.34,0,0,0
Oracle's Attendants,19,132,83,11,24,269,1,1,0,1,2,1,4,0,0,1,0,0,0,0,0,1,0,0,1,0.35,0,0,0
Oracle's Vault,14,328,0,11,8,361,0,0,0,1,0,1,4,0,0,1,0,0,0,0,1,0,0,0,0,0.34,0,0,0
Oran-Rief  the Vastwood,23,174,0,11,4,212,0,1,-1,1,0,1,0,0,0,1,0,0,0,0,0,0,1,0,0,1.27,1,0,0
Oran-Rief Hydra,15,194,0,10,16,235,1,1,0,1,1,1,6,0,0,1,0,0,0,0,0,1,0,0,2,0.29,0,0,0
Orb of Dreams,13,40,175,11,8,247,0,0,0,1,0,1,3,0,0,1,0,0,0,0,1,0,0,0,0,1.88,1,0,0
Orbs of Warding,15,157,79,12,8,271,0,0,0,1,0,1,5,0,0,1,0,0,0,0,1,0,0,0,0,0.43,0,0,0
Order of Whiteclay,18,145,130,15,25,333,1,1,0,1,2,1,3,0,0,1,0,0,0,0,0,1,0,0,2,1.92,1,0,0
Oriss  Samite Guardian,22,237,0,15,33,307,1,1,0,1,2,1,3,0,0,1,1,0,0,0,0,1,0,0,2,0.9,0,0,0
Ormendahl  Profane Prince,25,39,129,7,26,226,1,1,0,1,1,1,0,0,0,1,1,0,0,0,0,1,0,0,0,3.28,1,0,0
Ornate Kanzashi,15,102,93,14,8,232,0,0,0,1,0,1,5,0,0,1,0,0,0,0,1,0,0,0,0,0.38,0,0,0
Orochi Hatchery,15,162,0,22,8,207,0,0,0,1,0,1,0,0,0,1,0,0,0,0,1,0,0,0,0,0.52,0,0,0
Oros  the Avenger,17,144,0,11,27,199,3,3,0,1,1,1,6,0,0,1,1,0,0,0,0,1,0,0,3,0.5,0,0,0
Orzhov Pontiff,14,267,0,8,23,312,2,2,0,1,2,1,3,0,0,1,0,0,0,0,0,1,0,0,2,6.83,1,1,0
Otherworld Atlas,16,121,94,18,8,257,0,0,0,1,0,1,4,0,0,1,0,0,0,0,1,0,0,0,0,0.44,0,0,0
Outland Colossus,16,199,0,13,16,244,1,1,0,1,1,1,5,0,0,1,0,0,0,0,0,1,0,0,2,0.31,0,0,0
Outpost Siege,13,314,0,7,11,345,1,1,0,1,0,1,4,0,0,1,0,0,0,1,0,0,0,0,1,0.49,0,0,0
Overbeing of Myth,17,152,82,6,24,281,2,2,0,1,2,1,5,0,0,1,0,0,0,0,0,1,0,0,5,3.49,1,0,0
Overgrown Tomb,14,162,50,15,19,260,0,2,-2,1,2,1,0,0,0,1,0,0,0,0,0,0,1,0,0,9.49,1,1,0
Overgrown Tomb,14,162,0,13,19,208,0,2,-2,1,2,1,0,0,0,1,0,0,0,0,0,0,1,0,0,13.59,1,1,1
Oversoul of Dusk,16,46,113,16,24,215,2,2,0,1,2,1,5,0,0,1,0,0,0,0,0,1,0,0,5,2.37,1,0,0
Overwhelming Denial,19,197,0,13,7,236,1,1,0,1,0,1,4,0,0,1,0,1,0,0,0,0,0,0,2,0.33,0,0,0
Overwhelming Stampede,21,127,0,15,7,170,1,1,0,1,0,1,5,0,0,1,0,0,1,0,0,0,0,0,2,0.66,0,0,0
Oviya Pashiri  Sage Lifecrafter,31,186,82,17,36,352,1,1,0,1,2,1,1,0,0,1,1,0,0,0,0,1,0,0,1,0.31,0,0,0
Oyobi  Who Split the Heavens,28,104,69,19,27,247,1,1,0,1,1,1,7,0,0,1,1,0,0,0,0,1,0,0,1,0.5,0,0,0
Pack Rat,8,146,0,10,14,178,1,1,0,1,1,1,2,0,0,1,0,0,0,0,0,1,0,0,1,1.59,1,0,0
Pact of Negation,16,107,64,10,7,204,1,1,0,1,0,1,0,0,0,1,0,1,0,0,0,0,0,0,0,31.49,1,1,1
Pact of the Titan,17,121,0,16,7,161,1,1,0,1,0,1,0,0,0,1,0,1,0,0,0,0,0,0,0,4.15,1,0,0
Padeem  Consul of Innovation,28,192,13,12,39,284,1,1,0,1,2,1,4,0,0,1,1,0,0,0,0,1,0,0,1,0.35,0,0,0
Pain Seer,9,173,91,14,23,310,1,1,0,1,2,1,2,0,0,1,0,0,0,0,0,1,0,0,1,0.32,0,0,0
Painful Quandary,16,94,93,12,11,226,1,1,0,1,0,1,5,0,0,1,0,0,0,1,0,0,0,0,2,3.86,1,0,0
Painful Truths,14,118,120,13,7,272,1,1,0,1,0,1,3,0,0,1,0,0,1,0,0,0,0,0,1,0.42,0,0,0
Pain's Reward,13,234,0,12,7,266,1,1,0,1,0,1,3,0,0,1,0,0,1,0,0,0,0,0,1,3.83,1,0,0
Painter's Servant,17,181,83,16,29,326,0,0,0,2,1,1,2,0,0,1,0,0,0,0,1,1,0,0,0,9.47,1,1,0
Palace Siege,12,262,0,15,11,300,1,1,0,1,0,1,5,0,0,1,0,0,0,1,0,0,0,0,2,0.49,0,0,0
Paladin en-Vec,14,207,0,12,23,256,1,1,0,1,2,1,3,0,0,1,0,0,0,0,0,1,0,0,2,0.93,0,0,0
Paladin en-Vec,14,207,135,12,23,391,1,1,0,1,2,1,3,0,0,1,0,0,0,0,0,1,0,0,2,1.16,1,0,0
Paleoloth,9,162,69,19,16,275,1,1,0,1,1,1,6,0,0,1,0,0,0,0,0,1,0,0,2,0.48,0,0,0
Palisade Giant,14,106,78,12,24,234,1,1,0,1,2,1,6,0,0,1,0,0,0,0,0,1,0,0,2,0.33,0,0,0
Panglacial Wurm,15,92,90,11,15,223,1,1,0,1,1,1,7,0,0,1,0,0,0,0,0,1,0,0,2,2.6,1,0,0
Panharmonicon,13,159,73,11,8,264,0,0,0,1,0,1,4,0,0,1,0,0,0,0,1,0,0,0,0,2.99,1,0,0
Panoptic Mirror,15,248,0,10,8,281,0,0,0,1,0,1,5,0,0,1,0,0,0,0,1,0,0,0,0,2.99,1,0,0
Paradoxical Outcome,19,150,131,9,7,316,1,1,0,1,0,1,4,0,0,1,0,1,0,0,0,0,0,0,1,0.44,0,0,0
Parallectric Feedback,21,106,117,11,7,262,1,1,0,1,0,1,4,0,0,1,0,1,0,0,0,0,0,0,1,0.33,0,0,0
Parallel Lives,14,116,97,14,11,252,1,1,0,1,0,1,4,0,0,1,0,0,0,1,0,0,0,0,1,9.87,1,1,0
Pardic Dragon,13,192,0,29,17,251,1,1,0,1,1,1,6,0,0,1,0,0,0,0,0,1,0,0,2,0.39,0,0,0
Pariah,6,94,111,10,18,239,1,1,0,1,1,1,3,0,0,1,0,0,0,1,0,0,0,0,1,1.8,1,0,0
Pariah's Shield,15,86,87,12,20,220,0,0,0,1,1,1,5,0,0,1,0,0,0,0,1,0,0,0,0,3.58,1,0,0
Part the Veil,13,55,132,12,16,228,1,1,0,1,1,1,4,0,0,1,0,1,0,0,0,0,0,0,1,0.35,0,0,0
Path of Bravery,15,222,0,10,11,258,1,1,0,1,0,1,3,0,0,1,0,0,0,1,0,0,0,0,1,0.45,0,0,0
Patron of the Akki,18,293,0,10,27,348,1,1,0,1,1,1,6,0,0,1,1,0,0,0,0,1,0,0,2,0.4,0,0,0
Patron of the Kitsune,21,246,0,12,27,306,1,1,0,1,1,1,6,0,0,1,1,0,0,0,0,1,0,0,2,0.67,0,0,0
Patron of the Moon,18,292,0,16,27,353,1,1,0,1,1,1,7,0,0,1,1,0,0,0,0,1,0,0,2,1.42,1,0,0
Patron of the Nezumi,20,280,0,10,27,337,1,1,0,1,1,1,7,0,0,1,1,0,0,0,0,1,0,0,2,0.37,0,0,0
Patron of the Orochi,20,293,0,19,27,359,1,1,0,1,1,1,8,0,0,1,1,0,0,0,0,1,0,0,2,5.8,1,1,0
Peacewalker Colossus,20,228,47,13,18,326,0,1,-1,1,1,1,3,0,0,1,0,0,0,0,1,0,0,0,0,0.38,0,0,0
Pentarch Paladin,16,240,0,10,23,289,1,1,0,1,2,1,5,0,0,1,0,0,0,0,0,1,0,0,3,0.97,0,0,0
Pentavus,8,237,0,12,29,286,0,0,0,2,1,1,7,0,0,1,0,0,0,0,1,1,0,0,0,0.33,0,0,0
Pentavus,8,237,0,12,29,286,0,0,0,2,1,1,7,0,0,1,0,0,0,0,1,1,0,0,0,0.35,0,0,0
Permeating Mass,15,108,120,13,17,273,1,1,0,1,1,1,1,0,0,1,0,0,0,0,0,1,0,0,1,0.34,0,0,0
Perplexing Chimera,18,215,0,14,30,277,1,1,0,2,1,1,5,0,0,1,0,0,0,1,0,1,0,0,1,0.33,0,0,0
Persecute,9,91,123,20,7,250,1,1,0,1,0,1,4,0,0,1,0,0,1,0,0,0,0,0,2,0.65,0,0,0
Persecute,9,91,123,20,7,250,1,1,0,1,0,1,4,0,0,1,0,0,1,0,0,0,0,0,2,0.74,0,0,0
Personal Sanctuary,18,64,130,11,11,234,1,1,0,1,0,1,3,0,0,1,0,0,0,1,0,0,0,0,1,0.33,0,0,0
Pestilence Demon,16,77,97,12,16,218,1,1,0,1,1,1,8,0,0,1,0,0,0,0,0,1,0,0,3,0.55,0,0,0
Petrified Wood-Kin,18,202,0,10,28,258,1,1,0,1,2,1,7,0,0,1,0,0,0,0,0,1,0,0,1,0.36,0,0,0
Phage the Untouchable,21,281,0,10,34,346,1,1,0,1,2,1,7,0,0,1,1,0,0,0,0,1,0,0,4,1.99,1,0,0
Phantasmal Image,16,242,0,9,19,286,1,1,0,1,1,1,2,0,0,1,0,0,0,0,0,1,0,0,1,3.51,1,0,0
Pheres-Band Warchief,20,96,101,11,26,254,1,1,0,1,2,1,4,0,0,1,0,0,0,0,0,1,0,0,1,0.35,0,0,0
Phylactery Lich,15,202,0,15,17,249,1,1,0,1,1,1,3,0,0,1,0,0,0,0,0,1,0,0,3,0.41,0,0,0
Phylactery Lich,15,202,0,15,17,249,1,1,0,1,1,1,3,0,0,1,0,0,0,0,0,1,0,0,3,0.41,0,0,0
Phyrexian Arena,15,69,38,14,11,147,1,1,0,1,0,1,3,0,0,1,0,0,0,1,0,0,0,0,2,6.42,1,1,0
Phyrexian Arena,15,69,38,14,11,147,1,1,0,1,0,1,3,0,0,1,0,0,0,1,0,0,0,0,2,6.58,1,1,0
Phyrexian Colossus,18,165,0,10,25,218,0,0,0,2,1,1,7,0,0,1,0,0,0,0,1,1,0,0,0,0.33,0,0,0
Phyrexian Crusader,18,174,0,14,24,230,1,1,0,1,2,1,3,0,0,1,0,0,0,0,0,1,0,0,2,4.25,1,0,0
Phyrexian Etchings,18,376,0,10,11,415,1,1,0,1,0,1,3,0,0,1,0,0,0,1,0,0,0,0,3,0.42,0,0,0
Phyrexian Hydra,15,268,0,11,16,310,1,1,0,1,1,1,5,0,0,1,0,0,0,0,0,1,0,0,2,0.78,0,0,0
Phyrexian Ingester,18,196,0,10,16,240,1,1,0,1,1,1,7,0,0,1,0,0,0,0,0,1,0,0,1,0.33,0,0,0
Phyrexian Metamorph,19,215,0,29,32,295,1,1,0,2,1,1,4,0,0,1,0,0,0,0,1,1,0,0,1,8,1,1,0
Phyrexian Plaguelord,20,150,93,10,18,291,1,1,0,1,1,1,5,0,0,1,0,0,0,0,0,1,0,0,2,0.35,0,0,0
Phyrexian Rebirth,17,138,65,10,7,237,1,1,0,1,0,1,6,0,0,1,0,0,1,0,0,0,0,0,2,0.59,0,0,0
Phyrexian Revoker,17,144,84,10,26,281,0,0,0,2,1,1,2,0,0,1,0,0,0,0,1,1,0,0,0,1.16,1,0,0
Phyrexian Revoker,17,144,66,10,26,263,0,0,0,2,1,1,2,0,0,1,0,0,0,0,1,1,0,0,0,1.23,1,0,0
Phyrexian Soulgorger,20,189,72,12,34,327,0,0,0,2,1,1,3,0,0,1,0,0,0,0,1,1,0,0,0,3.49,1,0,0
Phyrexian Swarmlord,19,256,0,15,24,314,1,1,0,1,2,1,6,0,0,1,0,0,0,0,0,1,0,0,2,0.75,0,0,0
Phyrexian Unlife,16,203,0,10,11,240,1,1,0,1,0,1,3,0,0,1,0,0,0,1,0,0,0,0,1,5.31,1,1,0
Phyrexian Vatmother,19,184,0,18,17,238,1,1,0,1,1,1,4,0,0,1,0,0,0,0,0,1,0,0,2,0.31,0,0,0
Phytohydra,10,83,142,10,22,267,2,2,0,1,2,1,5,0,0,1,0,0,0,0,0,1,0,0,3,2.42,1,0,0
Phytotitan,10,127,84,11,26,258,1,1,0,1,2,1,6,0,0,1,0,0,0,0,0,1,0,0,2,0.36,0,0,0
Pia and Kiran Nalaar,20,217,0,14,36,287,1,1,0,1,2,1,4,0,0,1,1,0,0,0,0,1,0,0,2,1.02,1,0,0
Pia Nalaar,10,237,0,14,36,297,1,1,0,1,2,1,3,0,0,1,1,0,0,0,0,1,0,0,1,0.4,0,0,0
Pia's Revolution,16,180,77,13,11,297,1,1,0,1,0,1,3,0,0,1,0,0,0,1,0,0,0,0,1,0.36,0,0,0
Pillar of the Paruns,20,100,146,11,4,281,0,0,0,1,0,1,0,0,0,1,0,0,0,0,0,0,1,0,0,4.4,1,0,0
Pithing Needle,14,163,85,15,8,285,0,0,0,1,0,1,1,0,0,1,0,0,0,0,1,0,0,0,0,2.99,1,0,0
Pithing Needle,14,163,35,12,8,232,0,0,0,1,0,1,1,0,0,1,0,0,0,0,1,0,0,0,0,3.45,1,0,0
Pithing Needle,14,163,0,12,8,197,0,0,0,1,0,1,1,0,0,1,0,0,0,0,1,0,0,0,0,4.04,1,0,0
Pithing Needle,14,163,0,12,8,197,0,0,0,1,0,1,1,0,0,1,0,0,0,0,1,0,0,0,0,5.96,1,1,0
Pitiless Horde,14,234,0,12,24,284,1,1,0,1,2,1,3,0,0,1,0,0,0,0,0,1,0,0,1,0.38,0,0,0
Plagiarize,10,111,37,13,7,178,1,1,0,1,0,1,4,0,0,1,0,1,0,0,0,0,0,0,1,0.36,0,0,0
Plagiarize,10,111,37,13,7,178,1,1,0,1,0,1,4,0,0,1,0,1,0,0,0,0,0,0,1,0.39,0,0,0
Plague Belcher,14,175,0,4,23,216,1,1,0,1,2,1,3,0,0,1,0,0,0,0,0,1,0,0,1,0.73,0,0,0
Plague Boiler,13,273,0,10,8,304,0,2,-2,1,0,1,3,0,0,1,0,0,0,0,1,0,0,0,0,0.37,0,0,0
Plague of Vermin,16,194,0,14,7,231,1,1,0,1,0,1,7,0,0,1,0,0,1,0,0,0,0,0,1,0.5,0,0,0
Plague Sliver,13,89,62,11,17,192,1,1,0,1,1,1,4,0,0,1,0,0,0,0,0,1,0,0,2,0.48,0,0,0
Plague Wind,11,67,80,12,7,177,1,1,0,1,0,1,9,0,0,1,0,0,1,0,0,0,0,0,2,1.92,1,0,0
Plague Wind,11,67,80,12,7,177,1,1,0,1,0,1,9,0,0,1,0,0,1,0,0,0,0,0,2,2.13,1,0,0
Plague Wind,11,67,0,12,7,97,1,1,0,1,0,1,9,0,0,1,0,0,1,0,0,0,0,0,2,2.46,1,0,0
Planar Cleansing,16,31,0,15,7,69,1,1,0,1,0,1,6,0,0,1,0,0,1,0,0,0,0,0,3,0.35,0,0,0
Planar Cleansing,16,31,0,15,7,69,1,1,0,1,0,1,6,0,0,1,0,0,1,0,0,0,0,0,3,0.39,0,0,0
Planar Cleansing,16,31,0,15,7,69,1,1,0,1,0,1,6,0,0,1,0,0,1,0,0,0,0,0,3,0.4,0,0,0
Planar Outburst,15,222,0,13,7,257,1,1,0,1,0,1,5,0,0,1,0,0,1,0,0,0,0,0,2,0.36,0,0,0
Planar Portal,13,101,70,10,8,202,0,0,0,1,0,1,6,0,0,1,0,0,0,0,1,0,0,0,0,4,1,0,0
Plasm Capture,13,177,65,11,7,273,2,2,0,1,0,1,4,0,0,1,0,1,0,0,0,0,0,0,4,0.38,0,0,0
Plated Slagwurm,15,91,110,12,15,243,1,1,0,1,1,1,7,0,0,1,0,0,0,0,0,1,0,0,3,0.42,0,0,0
Platinum Angel,14,69,44,4,25,156,0,0,0,2,1,1,7,0,0,1,0,0,0,0,1,1,0,0,0,4.76,1,0,0
Platinum Angel,14,69,44,4,25,156,0,0,0,2,1,1,7,0,0,1,0,0,0,0,1,1,0,0,0,5.29,1,1,0
Plea for Guidance,17,121,110,14,7,269,1,1,0,1,0,1,6,0,0,1,0,0,1,0,0,0,0,0,1,0.38,0,0,0
Plow Under,10,55,82,13,7,167,1,1,0,1,0,1,5,0,0,1,0,0,1,0,0,0,0,0,2,1.25,1,0,0
Plunge into Darkness,20,268,0,12,7,307,1,1,0,1,0,1,2,0,0,1,0,1,0,0,0,0,0,0,1,2.99,1,0,0
Polis Crusher,13,292,0,11,18,334,2,2,0,1,1,1,4,0,0,1,0,0,0,0,0,1,0,0,2,0.26,0,0,0
Polluted Bonds,14,113,108,14,11,260,1,1,0,1,0,1,5,0,0,1,0,0,0,1,0,0,0,0,2,6.42,1,1,0
Polluted Delta,14,150,51,13,4,232,0,0,0,1,0,1,0,0,0,1,0,0,0,0,0,0,1,0,0,18.04,1,1,1
Polymorph,9,275,0,12,7,303,1,1,0,1,0,1,4,0,0,1,0,0,1,0,0,0,0,0,1,1.05,1,0,0
Polymorph,9,275,0,12,7,303,1,1,0,1,0,1,4,0,0,1,0,0,1,0,0,0,0,0,1,1.26,1,0,0
Polymorphist's Jest,19,134,59,16,7,235,1,1,0,1,0,1,3,0,0,1,0,1,0,0,0,0,0,0,2,1.12,1,0,0
Polymorphous Rush,17,222,0,11,7,257,1,1,0,1,0,1,3,0,0,1,0,1,0,0,0,0,0,0,1,0.3,0,0,0
Pontiff of Blight,17,238,0,12,24,291,1,1,0,1,2,1,6,0,0,1,0,0,0,0,0,1,0,0,2,0.37,0,0,0
Porphyry Nodes,14,249,0,12,11,286,1,1,0,1,0,1,1,0,0,1,0,0,0,1,0,0,0,0,1,5.42,1,1,0
Port Town,9,185,79,12,4,289,0,2,-2,1,0,1,0,0,0,1,0,0,0,0,0,0,1,0,0,1.05,1,0,0
Possessed Portal,16,171,0,13,8,208,0,0,0,1,0,1,8,0,0,1,0,0,0,0,1,0,0,0,0,0.78,0,0,0
Possibility Storm,17,368,0,11,11,407,1,1,0,1,0,1,5,0,0,1,0,0,0,1,0,0,0,0,2,0.39,0,0,0
Praetor's Grasp,15,182,78,12,7,294,1,1,0,1,0,1,3,0,0,1,0,0,1,0,0,0,0,0,2,1.44,1,0,0
Prairie Stream,14,129,92,13,20,268,0,2,-2,1,2,1,0,0,0,1,0,0,0,0,0,0,1,0,0,1.62,1,0,0
Precinct Captain,16,114,59,14,24,227,1,1,0,1,2,1,2,0,0,1,0,0,0,0,0,1,0,0,2,0.39,0,0,0
Precursor Golem,15,314,0,6,25,360,0,0,0,2,1,1,5,0,0,1,0,0,0,0,1,1,0,0,0,0.33,0,0,0
Predator Dragon,15,179,31,16,17,258,1,1,0,1,1,1,6,0,0,1,0,0,0,0,0,1,0,0,3,1.01,1,0,0
Predator Ooze,13,177,0,8,15,213,1,1,0,1,1,1,3,0,0,1,0,0,0,0,0,1,0,0,3,1.91,1,0,0
Predatory Advantage,19,142,57,16,11,245,2,2,0,1,0,1,5,0,0,1,0,0,0,1,0,0,0,0,2,0.35,0,0,0
Predatory Rampage,17,113,57,13,7,207,1,1,0,1,0,1,5,0,0,1,0,0,1,0,0,0,0,0,2,0.32,0,0,0
Predatory Urge,14,176,0,10,18,218,1,1,0,1,1,1,4,0,0,1,0,0,0,1,0,0,0,0,1,0.32,0,0,0
Preeminent Captain,18,218,0,12,26,274,1,1,0,1,2,1,3,0,0,1,0,0,0,0,0,1,0,0,1,0.58,0,0,0
Preeminent Captain,18,218,87,12,26,361,1,1,0,1,2,1,3,0,0,1,0,0,0,0,0,1,0,0,1,1.14,1,0,0
Pride of the Clouds,19,292,0,12,24,347,2,2,0,1,2,1,2,0,0,1,0,0,0,0,0,1,0,0,2,6.84,1,1,0
Pride Sovereign,15,210,0,8,14,247,1,2,-1,1,1,1,3,0,0,1,0,0,0,0,0,1,0,0,1,1,1,0,0
Priest of the Blood Rite,24,156,56,13,23,272,1,1,0,1,2,1,5,0,0,1,0,0,0,0,0,1,0,0,2,0.31,0,0,0
Priest of the Wakening Sun,26,258,0,18,23,325,1,1,0,1,2,1,1,0,0,1,0,0,0,0,0,1,0,0,1,0.4,0,0,0
Primal Amulet,13,246,0,9,8,276,0,0,0,1,0,1,4,0,0,1,0,0,0,0,1,0,0,0,0,1.99,1,0,0
Primal Beyond,13,318,0,10,4,345,0,0,0,1,0,1,0,0,0,1,0,0,0,0,0,0,1,0,0,2.75,1,0,0
Primal Command,14,283,0,13,7,317,1,1,0,1,0,1,5,0,0,1,0,0,1,0,0,0,0,0,2,2.29,1,0,0
Primal Wellspring,17,204,0,9,4,234,0,0,0,1,0,1,4,0,0,1,0,0,0,0,0,0,1,0,0,1.99,1,0,0
Primalcrux,10,145,75,14,20,264,1,1,0,1,1,1,6,0,0,1,0,0,0,0,0,1,0,0,6,6.04,1,1,0
Primeval Force,14,92,93,14,20,233,1,1,0,1,1,1,5,0,0,1,0,0,0,0,0,1,0,0,3,0.34,0,0,0
Primordial Sage,15,56,113,12,17,213,1,1,0,1,1,1,6,0,0,1,0,0,0,0,0,1,0,0,2,0.68,0,0,0
Prism Array,11,343,0,13,11,378,1,5,-4,1,0,1,5,0,0,1,0,0,0,1,0,0,0,0,1,0.33,0,0,0
Prismatic Omen,14,77,93,9,11,204,1,1,0,1,0,1,2,0,0,1,0,0,0,1,0,0,0,0,1,26.98,1,1,1
Pristine Angel,14,156,0,16,16,202,1,1,0,1,1,1,6,0,0,1,0,0,0,0,0,1,0,0,2,1.21,1,0,0
Pristine Skywise,16,138,83,13,17,267,2,2,0,1,1,1,6,0,0,1,0,0,0,0,0,1,0,0,2,0.34,0,0,0
Privileged Position,19,162,0,13,11,205,2,2,0,1,0,1,5,0,0,1,0,0,0,1,0,0,0,0,3,17.96,1,1,1
Prized Amalgam,14,220,97,13,17,361,2,2,0,1,1,1,3,0,0,1,0,0,0,0,0,1,0,0,2,1.49,1,0,0
Proclamation of Rebirth,23,357,0,15,7,402,1,1,0,1,0,1,3,0,0,1,0,0,1,0,0,0,0,0,1,3.19,1,0,0
Profane Command,15,328,0,13,7,363,1,1,0,1,0,1,2,0,0,1,0,0,1,0,0,0,0,0,2,0.81,0,0,0
Profaner of the Dead,20,257,0,13,22,312,1,1,0,1,2,1,4,0,0,1,0,0,0,0,0,1,0,0,1,0.37,0,0,0
Profound Journey,16,244,0,16,7,283,1,1,0,1,0,1,7,0,0,1,0,0,1,0,0,0,0,0,2,0.32,0,0,0
Prognostic Sphinx,17,265,0,14,17,313,1,1,0,1,1,1,5,0,0,1,0,0,0,0,0,1,0,0,2,0.29,0,0,0
Promise of Bunrei,17,123,67,14,11,232,1,1,0,1,0,1,3,0,0,1,0,0,0,1,0,0,0,0,1,4.06,1,0,0
Promise of Power,16,211,0,10,7,244,1,1,0,1,0,1,5,0,0,1,0,0,1,0,0,0,0,0,3,0.49,0,0,0
Proper Burial,13,87,97,12,11,220,1,1,0,1,0,1,4,0,0,1,0,0,0,1,0,0,0,0,1,0.99,0,0,0
Prophet of Kruphix,18,135,50,13,23,239,2,2,0,1,2,1,5,0,0,1,0,0,0,0,0,1,0,0,2,0.88,0,0,0
Protean Hulk,12,179,37,12,16,256,1,1,0,1,1,1,7,0,0,1,0,0,0,0,0,1,0,0,2,10.81,1,1,1
Protean Hydra,13,297,0,10,16,336,1,1,0,1,1,1,1,0,0,1,0,0,0,0,0,1,0,0,1,1.78,1,0,0
Proteus Staff,13,359,0,15,8,395,0,1,-1,1,0,1,3,0,0,1,0,0,0,0,1,0,0,0,0,3.24,1,0,0
Prototype Portal,16,204,0,10,8,238,0,0,0,1,0,1,4,0,0,1,0,0,0,0,1,0,0,0,0,1.25,1,0,0
Providence,10,153,57,11,7,238,1,1,0,1,0,1,7,0,0,1,0,0,1,0,0,0,0,0,2,0.31,0,0,0
Prowling Serpopard,18,86,109,14,20,247,1,1,0,1,2,1,3,0,0,1,0,0,0,0,0,1,0,0,2,1.69,1,0,0
Psionic Sliver,14,114,149,13,17,307,1,1,0,1,1,1,5,0,0,1,0,0,0,0,0,1,0,0,1,1.44,1,0,0
Psychic Intrusion,17,253,0,11,7,288,2,2,0,1,0,1,5,0,0,1,0,0,1,0,0,0,0,0,2,0.27,0,0,0
Psychic Possession,18,100,46,10,18,192,1,1,0,1,1,1,4,0,0,1,0,0,0,1,0,0,0,0,2,0.41,0,0,0
Psychic Surgery,15,189,0,17,11,232,1,1,0,1,0,1,2,0,0,1,0,0,0,1,0,0,0,0,1,0.34,0,0,0
Psychogenic Probe,17,122,102,13,8,262,0,0,0,1,0,1,2,0,0,1,0,0,0,0,1,0,0,0,0,0.37,0,0,0
Psychosis Crawler,17,145,105,18,26,311,0,0,0,2,1,1,5,0,0,1,0,0,0,0,1,1,0,0,0,0.52,0,0,0
Puca's Mischief,15,192,0,13,11,231,1,1,0,1,0,1,4,0,0,1,0,0,0,1,0,0,0,0,1,3.75,1,0,0
Pull from Tomorrow,18,34,58,12,7,129,1,1,0,1,0,1,2,0,0,1,0,1,0,0,0,0,0,0,2,0.9,0,0,0
Pulmonic Sliver,15,155,88,11,17,286,1,1,0,1,1,1,5,0,0,1,0,0,0,0,0,1,0,0,2,3.54,1,0,0
Pulse of the Dross,18,214,44,13,7,296,1,1,0,1,0,1,3,0,0,1,0,0,1,0,0,0,0,0,2,0.33,0,0,0
Pulse of the Fields,19,108,49,13,7,196,1,1,0,1,0,1,3,0,0,1,0,1,0,0,0,0,0,0,2,0.44,0,0,0
Pulse of the Forge,18,142,40,13,7,220,1,1,0,1,0,1,3,0,0,1,0,1,0,0,0,0,0,0,2,0.48,0,0,0
Pulse of the Grid,17,135,43,13,7,215,1,1,0,1,0,1,3,0,0,1,0,1,0,0,0,0,0,0,2,0.39,0,0,0
Pulse of the Tangle,19,142,41,13,7,222,1,1,0,1,0,1,3,0,0,1,0,0,1,0,0,0,0,0,2,0.35,0,0,0
Punish Ignorance,16,70,93,10,7,196,3,3,0,1,0,1,4,0,0,1,0,1,0,0,0,0,0,0,4,0.32,0,0,0
Puppeteer Clique,16,366,0,11,24,417,1,1,0,1,2,1,5,0,0,1,0,0,0,0,0,1,0,0,2,1.62,1,0,0
Pure Intentions,15,319,0,14,16,364,1,1,0,1,1,1,1,0,0,1,0,1,0,0,0,0,0,0,1,0.35,0,0,0
Puresteel Paladin,17,183,0,10,23,233,1,1,0,1,2,1,2,0,0,1,0,0,0,0,0,1,0,0,2,6.9,1,1,0
Purity,6,212,0,11,32,261,1,1,0,1,2,1,6,0,0,1,0,0,0,0,0,1,0,0,3,1.95,1,0,0
Putrefax,8,194,0,15,17,234,1,1,0,1,1,1,5,0,0,1,0,0,0,0,0,1,0,0,2,0.33,0,0,0
Pyramid of the Pantheon,23,255,23,21,8,330,0,0,0,1,0,1,1,0,0,1,0,0,0,0,1,0,0,0,0,0.43,0,0,0
Pyrewild Shaman,15,281,0,14,24,334,1,1,0,1,2,1,3,0,0,1,0,0,0,0,0,1,0,0,1,0.3,0,0,0
Pyromancer Ascension,20,327,0,10,11,368,1,1,0,1,0,1,2,0,0,1,0,0,0,1,0,0,0,0,1,1.59,1,0,0
Pyromancer's Gauntlet,21,193,34,14,8,270,0,0,0,1,0,1,5,0,0,1,0,0,0,0,1,0,0,0,0,0.35,0,0,0
Pyromancer's Swath,18,209,0,16,11,254,1,1,0,1,0,1,3,0,0,1,0,0,0,1,0,0,0,0,1,0.64,0,0,0
Pyrrhic Revival,15,123,69,21,7,235,2,2,0,1,0,1,6,0,0,1,0,0,1,0,0,0,0,0,3,0.45,0,0,0
Pyxis of Pandemonium,20,259,0,13,8,300,0,0,0,1,0,1,1,0,0,1,0,0,0,0,1,0,0,0,0,0.32,0,0,0
Quagnoth,8,297,0,14,16,335,1,1,0,1,1,1,6,0,0,1,0,0,0,0,0,1,0,0,1,0.36,0,0,0
Quest for the Nihil Stone,25,281,0,11,11,328,1,1,0,1,0,1,1,0,0,1,0,0,0,1,0,0,0,0,1,1.25,1,0,0
Quest for Ula's Temple,22,380,0,13,11,426,1,1,0,1,0,1,1,0,0,1,0,0,0,1,0,0,0,0,1,1.66,1,0,0
Quicken,7,142,110,14,7,280,1,1,0,1,0,1,1,0,0,1,0,1,0,0,0,0,0,0,1,0.57,0,0,0
Quicken,7,142,110,14,7,280,1,1,0,1,0,1,1,0,0,1,0,1,0,0,0,0,0,0,1,1.08,1,0,0
Quicksilver Amulet,18,74,95,11,8,206,0,0,0,1,0,1,4,0,0,1,0,0,0,0,1,0,0,0,0,7.5,1,1,0
Quicksilver Elemental,21,306,0,13,20,360,1,1,0,1,1,1,5,0,0,1,0,0,0,0,0,1,0,0,2,0.77,0,0,0
Quicksilver Fountain,20,326,0,15,8,369,0,0,0,1,0,1,3,0,0,1,0,0,0,0,1,0,0,0,0,2.94,1,0,0
Quicksmith Rebel,16,189,43,13,26,287,1,1,0,1,2,1,4,0,0,1,0,0,0,0,0,1,0,0,1,0.28,0,0,0
Quicksmith Spy,14,139,43,18,26,240,1,1,0,1,2,1,4,0,0,1,0,0,0,0,0,1,0,0,1,0.29,0,0,0
Quietus Spike,13,155,0,10,20,198,0,0,0,1,1,1,3,0,0,1,0,0,0,0,1,0,0,0,0,2.73,1,0,0
Quirion Dryad,13,91,108,13,16,241,1,1,0,1,1,1,2,0,0,1,0,0,0,0,0,1,0,0,1,0.33,0,0,0
Quirion Dryad,13,91,108,13,16,241,1,1,0,1,1,1,2,0,0,1,0,0,0,0,0,1,0,0,1,0.5,0,0,0
Radha  Heir to Keld,19,107,89,10,32,257,2,2,0,1,2,1,2,0,0,1,1,0,0,0,0,1,0,0,2,1.44,1,0,0
Radiant Flames,14,128,82,15,7,246,1,1,0,1,0,1,3,0,0,1,0,0,1,0,0,0,0,0,1,0.47,0,0,0
Radiant Purge,13,63,74,13,7,170,1,1,0,1,0,1,2,0,0,1,0,1,0,0,0,0,0,0,1,0.35,0,0,0
Rage Nimbus,11,67,148,13,20,259,1,1,0,1,1,1,3,0,0,1,0,0,0,0,0,1,0,0,1,0.41,0,0,0
Rage Reflection,15,41,38,28,11,133,1,1,0,1,0,1,6,0,0,1,0,0,0,1,0,0,0,0,2,2.03,1,0,0
Rageblood Shaman,16,72,142,11,26,267,1,1,0,1,2,1,3,0,0,1,0,0,0,0,0,1,0,0,2,0.39,0,0,0
Raging Ravine,13,259,0,13,4,289,0,2,-2,1,0,1,0,0,0,1,0,0,0,0,0,0,1,0,0,9.49,1,1,0
Rain of Gore,12,104,148,11,11,286,2,2,0,1,0,1,2,0,0,1,0,0,0,1,0,0,0,0,2,4.2,1,0,0
Rakdos Augermage,16,221,26,29,23,315,2,2,0,1,2,1,3,0,0,1,0,0,0,0,0,1,0,0,3,0.4,0,0,0
Rakdos Pit Dragon,17,195,0,10,17,239,1,1,0,1,1,1,4,0,0,1,0,0,0,0,0,1,0,0,2,0.76,0,0,0
Rakdos Riteknife,16,276,0,10,20,322,0,2,-2,1,1,1,2,0,0,1,0,0,0,0,1,0,0,0,0,0.37,0,0,0
Rakdos the Defiler,18,251,0,29,26,324,2,2,0,1,1,1,6,0,0,1,1,0,0,0,0,1,0,0,4,3.62,1,0,0
Rakka Mar,9,69,66,10,33,187,1,1,0,1,2,1,4,0,0,1,1,0,0,0,0,1,0,0,2,1.79,1,0,0
Raksha Golden Cub,17,111,120,12,32,292,1,1,0,1,2,1,7,0,0,1,1,0,0,0,0,1,0,0,2,2.71,1,0,0
Rakshasa Deathdealer,20,99,69,21,20,229,2,2,0,1,2,1,2,0,0,1,0,0,0,0,0,1,0,0,2,0.37,0,0,0
Rakshasa Vizier,15,115,91,9,20,250,3,3,0,1,2,1,5,0,0,1,0,0,0,0,0,1,0,0,3,0.29,0,0,0
Rally the Ancestors,19,187,97,9,7,319,1,1,0,1,0,1,2,0,0,1,0,1,0,0,0,0,0,0,2,0.7,0,0,0
Rally the Horde,15,245,0,13,7,280,1,1,0,1,0,1,6,0,0,1,0,0,1,0,0,0,0,0,1,0.36,0,0,0
Rampaging Ferocidon,19,147,75,12,19,272,1,1,0,1,1,1,3,0,0,1,0,0,0,0,0,1,0,0,1,2.72,1,0,0
Ramunap Excavator,17,44,65,9,22,157,1,1,0,1,2,1,3,0,0,1,0,0,0,0,0,1,0,0,1,1.89,1,0,0
Ramunap Hydra,13,161,0,10,22,206,1,1,0,1,2,1,4,0,0,1,0,0,0,0,0,1,0,0,1,0.33,0,0,0
Ranger of Eos,13,210,75,11,24,333,1,1,0,1,2,1,4,0,0,1,0,0,0,0,0,1,0,0,1,3.8,1,0,0
Ratcatcher,10,238,91,9,21,369,1,1,0,1,2,1,6,0,0,1,0,0,0,0,0,1,0,0,2,3.25,1,0,0
Ratchet Bomb,12,183,0,10,8,213,0,0,0,1,0,1,2,0,0,1,0,0,0,0,1,0,0,0,0,1.16,1,0,0
Ratchet Bomb,12,183,0,10,8,213,0,0,0,1,0,1,2,0,0,1,0,0,0,0,1,0,0,0,0,1.19,1,0,0
Rathi Dragon,12,172,0,16,17,217,1,1,0,1,1,1,4,0,0,1,0,0,0,0,0,1,0,0,2,0.51,0,0,0
Rattlechains,12,155,0,13,17,197,1,1,0,1,1,1,2,0,0,1,0,0,0,0,0,1,0,0,1,0.52,0,0,0
Rattleclaw Mystic,17,236,0,14,23,290,1,3,-2,1,2,1,2,0,0,1,0,0,0,0,0,1,0,0,1,0.5,0,0,0
Ravenous Demon,14,106,34,13,16,183,1,1,0,1,1,1,5,0,0,1,0,0,0,0,0,1,0,0,2,0.35,0,0,0
Razia  Boros Archangel,22,153,94,15,26,310,2,2,0,1,1,1,8,0,0,1,1,0,0,0,0,1,0,0,4,1.32,1,0,0
Razia's Purification,20,82,32,10,7,151,2,2,0,1,0,1,6,0,0,1,0,0,1,0,0,0,0,0,2,0.66,0,0,0
Razormane Masticore,19,280,0,10,29,338,0,0,0,2,1,1,5,0,0,1,0,0,0,0,1,1,0,0,0,0.34,0,0,0
Razormane Masticore,19,280,0,10,29,338,0,0,0,2,1,1,5,0,0,1,0,0,0,0,1,1,0,0,0,0.35,0,0,0
Razorverge Thicket,18,132,101,11,4,266,0,2,-2,1,0,1,0,0,0,1,0,0,0,0,0,0,1,0,0,9.49,1,1,0
Reach of Branches,17,178,21,13,25,254,1,1,0,2,1,1,5,0,0,1,0,1,0,0,0,0,0,0,1,0.41,0,0,0
Reality Smasher,15,182,39,15,18,269,0,0,0,1,1,1,5,0,0,1,0,0,0,0,0,1,0,0,1,3.79,1,0,0
Realm Razer,11,177,75,16,16,295,3,3,0,1,1,1,6,0,0,1,0,0,0,0,0,1,0,0,3,0.38,0,0,0
Realms Uncharted,16,220,0,11,7,254,1,1,0,1,0,1,3,0,0,1,0,1,0,0,0,0,0,0,1,1.66,1,0,0
Realmwright,11,136,110,15,26,298,1,1,0,1,2,1,1,0,0,1,0,0,0,0,0,1,0,0,1,0.29,0,0,0
Reaper King,11,234,18,10,39,312,5,5,0,2,1,1,10,0,0,1,1,0,0,0,1,1,0,0,8,5.14,1,1,0
Reaper of the Wilds,19,255,0,13,17,304,2,2,0,1,1,1,4,0,0,1,0,0,0,0,0,1,0,0,2,0.35,0,0,0
Rebuking Ceremony,17,59,136,6,7,225,1,1,0,1,0,1,5,0,0,1,0,0,1,0,0,0,0,0,2,0.34,0,0,0
Recurring Insight,17,242,0,29,7,295,1,1,0,1,0,1,6,0,0,1,0,0,1,0,0,0,0,0,2,1.79,1,0,0
Red Sun's Zenith,16,187,0,15,7,225,1,1,0,1,0,1,1,0,0,1,0,0,1,0,0,0,0,0,1,0.67,0,0,0
Redirect,8,44,98,4,7,161,1,1,0,1,0,1,2,0,0,1,0,1,0,0,0,0,0,0,2,0.43,0,0,0
Redirect,8,44,154,4,7,217,1,1,0,1,0,1,2,0,0,1,0,1,0,0,0,0,0,0,2,0.44,0,0,0
Redirect,8,44,154,4,7,217,1,1,0,1,0,1,2,0,0,1,0,1,0,0,0,0,0,0,2,0.45,0,0,0
Reduce to Dreams,16,61,131,11,7,226,1,1,0,1,0,1,5,0,0,1,0,0,1,0,0,0,0,0,2,0.35,0,0,0
Reflecting Pool,15,86,71,11,4,187,0,0,0,1,0,1,0,0,0,1,0,0,0,0,0,0,1,0,0,11.07,1,1,1
Reforge the Soul,16,182,85,11,7,301,1,1,0,1,0,1,5,0,0,1,0,0,1,0,0,0,0,0,2,2.99,1,0,0
Regal Caracal,13,150,104,14,14,295,1,1,0,1,1,1,5,0,0,1,0,0,0,0,0,1,0,0,2,2.6,1,0,0
Regal Force,11,89,166,17,20,303,1,1,0,1,1,1,7,0,0,1,0,0,0,0,0,1,0,0,3,2.84,1,0,0
Regisaur Alpha,14,140,121,12,19,306,2,2,0,1,1,1,5,0,0,1,0,0,0,0,0,1,0,0,2,4.44,1,0,0
Reiterate,9,202,64,9,7,291,1,1,0,1,0,1,3,0,0,1,0,1,0,0,0,0,0,0,2,7.31,1,1,0
Reiver Demon,12,151,0,4,16,183,1,1,0,1,1,1,8,0,0,1,0,0,0,0,0,1,0,0,4,0.9,0,0,0
Reki  the History of Kamigawa,29,49,198,20,33,329,1,1,0,1,2,1,3,0,0,1,1,0,0,0,0,1,0,0,1,6.26,1,1,0
Rekindled Flame,15,195,0,29,7,246,1,1,0,1,0,1,4,0,0,1,0,0,1,0,0,0,0,0,2,0.41,0,0,0
Release the Gremlins,20,69,119,4,7,219,1,1,0,1,0,1,1,0,0,1,0,0,1,0,0,0,0,0,1,0.41,0,0,0
Relentless Assault,18,141,59,22,7,247,1,1,0,1,0,1,4,0,0,1,0,0,1,0,0,0,0,0,2,0.68,0,0,0
Relentless Assault,18,141,59,22,7,247,1,1,0,1,0,1,4,0,0,1,0,0,1,0,0,0,0,0,2,0.73,0,0,0
Relentless Assault,18,141,59,16,7,241,1,1,0,1,0,1,4,0,0,1,0,0,1,0,0,0,0,0,2,0.85,0,0,0
Relic Seeker,12,283,0,11,24,330,1,1,0,1,2,1,2,0,0,1,0,0,0,0,0,1,0,0,1,0.4,0,0,0
Remorseless Punishment,22,134,153,11,7,327,1,1,0,1,0,1,5,0,0,1,0,0,1,0,0,0,0,0,2,0.3,0,0,0
Render Silent,13,65,122,12,7,219,2,2,0,1,0,1,3,0,0,1,0,1,0,0,0,0,0,0,3,1.01,1,0,0
Renegade Doppelganger,21,215,58,11,23,328,1,1,0,1,1,1,2,0,0,1,0,0,0,0,0,1,0,0,1,0.34,0,0,0
Renegade Krasis,15,294,0,11,23,343,1,1,0,1,2,1,3,0,0,1,0,0,0,0,0,1,0,0,2,0.46,0,0,0
Renounce the Guilds,19,48,98,7,7,179,1,1,0,1,0,1,2,0,0,1,0,1,0,0,0,0,0,0,1,0.33,0,0,0
Repay in Kind,13,73,104,12,7,209,1,1,0,1,0,1,7,0,0,1,0,0,1,0,0,0,0,0,2,0.38,0,0,0
Repeating Barrage,17,209,0,9,7,242,1,1,0,1,0,1,3,0,0,1,0,0,1,0,0,0,0,0,2,0.35,0,0,0
Requiem Angel,13,115,54,14,16,212,1,1,0,1,1,1,6,0,0,1,0,0,0,0,0,1,0,0,1,0.35,0,0,0
Reshape,7,197,66,10,7,287,1,1,0,1,0,1,2,0,0,1,0,0,1,0,0,0,0,0,2,3.81,1,0,0
Resilient Khenra,16,341,0,15,24,396,1,1,0,1,2,1,2,0,0,1,0,0,0,0,0,1,0,0,1,0.37,0,0,0
Resolute Archangel,18,158,83,15,16,290,1,1,0,1,1,1,7,0,0,1,0,0,0,0,0,1,0,0,2,0.63,0,0,0
Rest in Peace,13,161,76,14,11,275,1,1,0,1,0,1,2,0,0,1,0,0,0,1,0,0,0,0,1,7.91,1,1,0
Restoration Angel,17,173,0,13,16,219,1,1,0,1,1,1,4,0,0,1,0,0,0,0,0,1,0,0,1,3,1,0,0
Restore Balance,15,451,0,10,7,483,1,1,0,1,0,1,0,0,0,1,0,0,1,0,0,0,0,0,0,5.32,1,1,0
Retaliate,9,57,91,12,7,176,1,1,0,1,0,1,4,0,0,1,0,1,0,0,0,0,0,0,2,0.49,0,0,0
Retaliator Griffin,18,126,82,13,18,257,3,3,0,1,1,1,4,0,0,1,0,0,0,0,0,1,0,0,3,0.41,0,0,0
Retether,8,191,112,9,7,327,1,1,0,1,0,1,4,0,0,1,0,0,1,0,0,0,0,0,1,2.38,1,0,0
Retract,7,55,47,12,7,128,1,1,0,1,0,1,1,0,0,1,0,1,0,0,0,0,0,0,1,3.99,1,0,0
Retribution of the Ancients,27,108,74,15,11,235,1,1,0,1,0,1,1,0,0,1,0,0,0,1,0,0,0,0,1,0.34,0,0,0
Return to the Ranks,19,254,0,15,7,295,1,1,0,1,0,1,2,0,0,1,0,0,1,0,0,0,0,0,2,1.05,1,0,0
Reveillark,10,264,0,10,20,304,1,1,0,1,1,1,5,0,0,1,0,0,0,0,0,1,0,0,1,3.37,1,0,0
Revel in Riches,15,260,0,14,11,300,1,1,0,1,0,1,5,0,0,1,0,0,0,1,0,0,0,0,1,1,1,0,0
Revel of the Fallen God,23,63,137,13,7,243,2,2,0,1,0,1,7,0,0,1,0,0,1,0,0,0,0,0,4,0.29,0,0,0
Revenge of the Hunted,21,234,0,19,7,281,1,1,0,1,0,1,6,0,0,1,0,0,1,0,0,0,0,0,2,0.39,0,0,0
Reverberate,11,78,63,2,7,161,1,1,0,1,0,1,2,0,0,1,0,1,0,0,0,0,0,0,2,0.86,0,0,0
Reverberate,11,78,52,2,7,150,1,1,0,1,0,1,2,0,0,1,0,1,0,0,0,0,0,0,2,0.88,0,0,0
Reverberate,11,78,79,2,7,177,1,1,0,1,0,1,2,0,0,1,0,1,0,0,0,0,0,0,2,0.9,0,0,0
Reverence,9,48,129,6,11,203,1,1,0,1,0,1,4,0,0,1,0,0,0,1,0,0,0,0,2,0.58,0,0,0
Reverent Hunter,15,207,0,11,23,256,1,1,0,1,2,1,3,0,0,1,0,0,0,0,0,1,0,0,1,0.28,0,0,0
Reversal of Fortune,19,150,88,16,7,280,1,1,0,1,0,1,6,0,0,1,0,0,1,0,0,0,0,0,2,0.4,0,0,0
Reverse Damage,14,148,92,13,7,274,1,1,0,1,0,1,3,0,0,1,0,1,0,0,0,0,0,0,2,0.46,0,0,0
Reverse the Sands,17,98,138,13,7,273,1,1,0,1,0,1,8,0,0,1,0,0,1,0,0,0,0,0,2,0.46,0,0,0
Reweave,7,466,0,22,16,511,1,1,0,1,1,1,6,0,0,1,0,1,0,0,0,0,0,0,1,0.4,0,0,0
Reya Dawnbringer,16,115,36,17,26,210,1,1,0,1,1,1,9,0,0,1,1,0,0,0,0,1,0,0,3,1.78,1,0,0
Rhonas's Last Stand,19,99,64,13,7,202,1,1,0,1,0,1,2,0,0,1,0,0,1,0,0,0,0,0,2,0.44,0,0,0
Rhox,4,237,0,14,22,277,1,1,0,1,2,1,6,0,0,1,0,0,0,0,0,1,0,0,2,0.34,0,0,0
Rhox,4,237,58,8,22,329,1,1,0,1,2,1,6,0,0,1,0,0,0,0,0,1,0,0,2,0.51,0,0,0
Rhox Faithmender,16,143,110,11,21,301,1,1,0,1,2,1,4,0,0,1,0,0,0,0,0,1,0,0,1,4.44,1,0,0
Rhys the Exiled,15,126,72,14,32,259,1,2,-1,1,2,1,3,0,0,1,1,0,0,0,0,1,0,0,1,2.65,1,0,0
Rhys the Redeemed,17,175,30,14,32,268,2,2,0,1,2,1,1,0,0,1,1,0,0,0,0,1,0,0,1,20.79,1,1,1
Riders of Gavony,16,156,0,11,23,206,1,1,0,1,2,1,4,0,0,1,0,0,0,0,0,1,0,0,2,0.35,0,0,0
Righteous Authority,19,194,0,10,18,241,2,2,0,1,1,1,5,0,0,1,0,0,0,1,0,0,0,0,2,0.31,0,0,0
Righteousness,13,54,62,16,7,152,1,1,0,1,0,1,1,0,0,1,0,1,0,0,0,0,0,0,1,0.35,0,0,0
Righteousness,13,54,62,13,7,149,1,1,0,1,0,1,1,0,0,1,0,1,0,0,0,0,0,0,1,0.49,0,0,0
Rimefeather Owl,15,207,0,18,20,260,1,1,0,1,1,1,7,0,0,1,0,0,0,0,0,1,0,0,2,0.35,0,0,0
Rimescale Dragon,16,206,0,11,22,255,1,1,0,1,1,1,7,0,0,1,0,0,0,0,0,1,0,0,2,1.2,1,0,0
Rings of Brighthearth,21,149,128,11,8,317,0,0,0,1,0,1,3,0,0,1,0,0,0,0,1,0,0,0,0,29.4,1,1,1
Ripjaw Raptor,13,61,92,13,19,198,1,1,0,1,1,1,4,0,0,1,0,0,0,0,0,1,0,0,2,5.01,1,1,0
Rise of the Hobgoblins,22,228,39,13,11,313,2,2,0,1,0,1,2,0,0,1,0,0,0,1,0,0,0,0,2,3.3,1,0,0
Rishkar  Peema Renegade,23,196,63,13,30,325,1,1,0,1,2,1,3,0,0,1,1,0,0,0,0,1,0,0,1,1.35,1,0,0
Rishkar's Expertise,19,167,85,17,7,295,1,1,0,1,0,1,6,0,0,1,0,0,1,0,0,0,0,0,2,0.64,0,0,0
Rite of Passage,15,127,69,10,11,232,1,1,0,1,0,1,3,0,0,1,0,0,0,1,0,0,0,0,1,2.48,1,0,0
Rite of Replication,19,187,0,12,7,225,1,1,0,1,0,1,4,0,0,1,0,0,1,0,0,0,0,0,2,3.17,1,0,0
Rite of Ruin,12,184,64,13,7,280,1,1,0,1,0,1,7,0,0,1,0,0,1,0,0,0,0,0,2,0.35,0,0,0
Rites of Flourishing,20,151,113,17,11,312,1,1,0,1,0,1,3,0,0,1,0,0,0,1,0,0,0,0,1,1.01,1,0,0
Rites of Flourishing,20,151,113,17,11,312,1,1,0,1,0,1,3,0,0,1,0,0,0,1,0,0,0,0,1,1.28,1,0,0
River Kelpie,12,312,0,11,16,351,1,1,0,1,1,1,5,0,0,1,0,0,0,0,0,1,0,0,2,1.99,1,0,0
River of Tears,14,98,125,17,4,258,0,2,-2,1,0,1,0,0,0,1,0,0,0,0,0,0,1,0,0,5.22,1,1,0
River's Rebuke,14,75,118,16,7,230,1,1,0,1,0,1,6,0,0,1,0,0,1,0,0,0,0,0,2,0.56,0,0,0
Roar of Reclamation,19,84,88,12,7,210,1,1,0,1,0,1,7,0,0,1,0,0,1,0,0,0,0,0,2,0.5,0,0,0
Roaring Slagwurm,16,53,112,12,15,208,1,1,0,1,1,1,7,0,0,1,0,0,0,0,0,1,0,0,2,0.32,0,0,0
Roil Elemental,14,159,62,16,20,271,1,1,0,1,1,1,6,0,0,1,0,0,0,0,0,1,0,0,3,0.92,0,0,0
Roiling Horror,14,531,0,9,17,571,1,1,0,1,1,1,5,0,0,1,0,0,0,0,0,1,0,0,2,0.39,0,0,0
Rolling Stones,14,62,58,13,11,158,1,1,0,1,0,1,2,0,0,1,0,0,0,1,0,0,0,0,1,0.58,0,0,0
Rooftop Storm,13,82,125,11,11,242,1,1,0,1,0,1,6,0,0,1,0,0,0,1,0,0,0,0,1,1.48,1,0,0
Root Maze,9,49,125,12,11,206,1,1,0,1,0,1,1,0,0,1,0,0,0,1,0,0,0,0,1,0.94,0,0,0
Rootbound Crag,14,126,0,12,4,156,0,2,-2,1,0,1,0,0,0,1,0,0,0,0,0,0,1,0,0,3.16,1,0,0
Rootbound Crag,14,126,0,12,4,156,0,2,-2,1,0,1,0,0,0,1,0,0,0,0,0,0,1,0,0,3.25,1,0,0
Rootbound Crag,14,126,51,18,4,213,0,2,-2,1,0,1,0,0,0,1,0,0,0,0,0,0,1,0,0,3.51,1,0,0
Rootbound Crag,14,126,0,12,4,156,0,2,-2,1,0,1,0,0,0,1,0,0,0,0,0,0,1,0,0,3.53,1,0,0
Rootbound Crag,14,126,0,12,4,156,0,2,-2,1,0,1,0,0,0,1,0,0,0,0,0,0,1,0,0,3.59,1,0,0
Rootwater Matriarch,19,79,105,11,18,232,1,1,0,1,1,1,4,0,0,1,0,0,0,0,0,1,0,0,2,0.46,0,0,0
Rosheen Meanderer,17,88,113,14,33,265,2,2,0,1,2,1,4,0,0,1,1,0,0,0,0,1,0,0,1,1.06,1,0,0
Royal Assassin,14,36,116,8,25,199,1,1,0,1,2,1,3,0,0,1,0,0,0,0,0,1,0,0,2,0.72,0,0,0
Royal Assassin,14,36,116,8,25,199,1,1,0,1,2,1,3,0,0,1,0,0,0,0,0,1,0,0,2,0.73,0,0,0
Royal Assassin,14,36,136,8,25,219,1,1,0,1,2,1,3,0,0,1,0,0,0,0,0,1,0,0,2,0.75,0,0,0
Royal Assassin,14,36,136,8,25,219,1,1,0,1,2,1,3,0,0,1,0,0,0,0,0,1,0,0,2,0.76,0,0,0
Royal Assassin,14,36,136,8,25,219,1,1,0,1,2,1,3,0,0,1,0,0,0,0,0,1,0,0,2,0.8,0,0,0
Royal Assassin,14,36,136,8,25,219,1,1,0,1,2,1,3,0,0,1,0,0,0,0,0,1,0,0,2,0.81,0,0,0
Rubblebelt Raiders,18,103,123,6,24,274,2,2,0,1,2,1,4,0,0,1,0,0,0,0,0,1,0,0,3,0.32,0,0,0
Rubblehulk,10,226,0,16,20,272,2,2,0,1,1,1,6,0,0,1,0,0,0,0,0,1,0,0,2,0.32,0,0,0
Rude Awakening,14,183,0,6,7,210,1,1,0,1,0,1,5,0,0,1,0,0,1,0,0,0,0,0,1,0.41,0,0,0
Rugged Prairie,14,92,144,11,4,265,0,2,-2,1,0,1,0,0,0,1,0,0,0,0,0,0,1,0,0,20.96,1,1,1
Ruin Raider,11,209,0,13,21,254,1,1,0,1,2,1,3,0,0,1,0,0,0,0,0,1,0,0,1,0.9,0,0,0
Ruinous Path,12,226,0,11,7,256,1,1,0,1,0,1,3,0,0,1,0,0,1,0,0,0,0,0,2,0.5,0,0,0
Ruins of Oran-Rief,18,208,0,11,4,241,0,0,0,1,0,1,0,0,0,1,0,0,0,0,0,0,1,0,0,0.35,0,0,0
Rukh Egg,8,107,133,8,15,271,1,1,0,1,1,1,4,0,0,1,0,0,0,0,0,1,0,0,1,0.33,0,0,0
Rukh Egg,8,107,133,8,15,271,1,1,0,1,1,1,4,0,0,1,0,0,0,0,0,1,0,0,1,0.34,0,0,0
Rule of Law,11,53,111,16,11,202,1,1,0,1,0,1,3,0,0,1,0,0,0,1,0,0,0,0,1,1.96,1,0,0
Rumbling Slum,13,77,153,14,20,277,2,2,0,1,1,1,4,0,0,1,0,0,0,0,0,1,0,0,3,0.43,0,0,0
Runechanter's Pike,18,130,40,9,20,217,0,0,0,1,1,1,2,0,0,1,0,0,0,0,1,0,0,0,0,0.4,0,0,0
Runed Halo,10,179,0,14,11,214,1,1,0,1,0,1,2,0,0,1,0,0,0,1,0,0,0,0,2,40,1,1,1
Rune-Scarred Demon,18,136,80,15,16,265,1,1,0,1,1,1,7,0,0,1,0,0,0,0,0,1,0,0,2,5.22,1,1,0
Rune-Tail  Kitsune Ascendant,28,65,0,14,29,136,1,1,0,1,2,1,3,0,0,1,1,0,0,0,0,1,0,0,1,5.71,1,1,0
Ruric Thar  the Unbowed,23,156,0,14,33,226,2,2,0,1,2,1,6,0,0,1,1,0,0,0,0,1,0,0,2,0.47,0,0,0
Rustic Clachan,14,267,0,11,4,296,0,1,-1,1,0,1,0,0,0,1,0,0,0,0,0,0,1,0,0,0.39,0,0,0
Ryusei  the Falling Star,24,93,0,7,34,158,1,1,0,1,2,1,6,0,0,1,1,0,0,0,0,1,0,0,1,1.5,1,0,0
Sacellum Godspeaker,19,139,95,14,20,287,1,1,0,1,2,1,3,0,0,1,0,0,0,0,0,1,0,0,1,0.31,0,0,0
Sacred Foundry,14,162,76,10,22,284,0,2,-2,1,2,1,0,0,0,1,0,0,0,0,0,0,1,0,0,15.82,1,1,1
Sacred Foundry,14,162,0,13,22,211,0,2,-2,1,2,1,0,0,0,1,0,0,0,0,0,0,1,0,0,19.79,1,1,1
Sacred Ground,13,151,61,12,11,248,1,1,0,1,0,1,2,0,0,1,0,0,0,1,0,0,0,0,1,0.46,0,0,0
Sacred Ground,13,151,114,12,11,301,1,1,0,1,0,1,2,0,0,1,0,0,0,1,0,0,0,0,1,0.5,0,0,0
Sadistic Sacrament,18,332,0,9,7,366,1,1,0,1,0,1,3,0,0,1,0,0,1,0,0,0,0,0,3,1.79,1,0,0
Saffi Eriksdotter,17,145,152,19,32,365,2,2,0,1,2,1,2,0,0,1,1,0,0,0,0,1,0,0,2,6.29,1,1,0
Sage of Ancient Lore,20,256,0,15,32,323,1,1,0,1,3,1,5,0,0,1,0,0,0,0,0,1,0,0,1,0.3,0,0,0
Sage of Lat-Nam,15,40,103,12,26,196,1,1,0,1,2,1,2,0,0,1,0,0,0,0,0,1,0,0,1,0.35,0,0,0
Sage of the Inward Eye,22,100,43,11,23,199,3,3,0,1,2,1,5,0,0,1,0,0,0,0,0,1,0,0,3,0.32,0,0,0
Sage-Eye Avengers,17,232,0,9,21,279,1,1,0,1,2,1,6,0,0,1,0,0,0,0,0,1,0,0,2,0.32,0,0,0
Sages of the Anima,18,190,68,10,21,307,2,2,0,1,2,1,5,0,0,1,0,0,0,0,0,1,0,0,2,0.37,0,0,0
Sagu Mauler,11,140,102,16,16,285,2,2,0,1,1,1,6,0,0,1,0,0,0,0,0,1,0,0,2,0.34,0,0,0
Saheeli's Artistry,18,178,66,13,7,282,1,1,0,1,0,1,6,0,0,1,0,0,1,0,0,0,0,0,2,0.31,0,0,0
Sakashima the Impostor,22,314,0,7,32,375,1,1,0,1,2,1,4,0,0,1,1,0,0,0,0,1,0,0,2,15.99,1,1,1
Sakiko  Mother of Summer,24,189,0,14,33,260,1,1,0,1,2,1,6,0,0,1,1,0,0,0,0,1,0,0,2,2.66,1,0,0
Salvage Titan,13,179,0,17,25,234,1,1,0,2,1,1,6,0,0,1,0,0,0,0,1,1,0,0,2,0.43,0,0,0
Salvaging Station,17,178,0,12,8,215,0,0,0,1,0,1,6,0,0,1,0,0,0,0,1,0,0,0,0,0.66,0,0,0
Sanctifier of Souls,19,223,0,13,23,278,1,1,0,1,2,1,4,0,0,1,0,0,0,0,0,1,0,0,1,0.32,0,0,0
Sanctum of Ugin,15,264,0,11,4,294,0,0,0,1,0,1,0,0,0,1,0,0,0,0,0,0,1,0,0,0.77,0,0,0
Sanctum Seeker,14,87,106,11,25,243,1,1,0,1,2,1,4,0,0,1,0,0,0,0,0,1,0,0,2,2.56,1,0,0
Sands of Delirium,17,93,47,14,8,179,0,0,0,1,0,1,3,0,0,1,0,0,0,0,1,0,0,0,0,0.75,0,0,0
Sandsteppe Mastodon,19,173,43,12,19,266,1,1,0,1,1,1,7,0,0,1,0,0,0,0,0,1,0,0,2,0.25,0,0,0
Sandwurm Convergence,20,143,79,15,11,268,1,1,0,1,0,1,8,0,0,1,0,0,0,1,0,0,0,0,2,0.39,0,0,0
Sangromancer,12,133,0,13,25,183,1,1,0,1,2,1,4,0,0,1,0,0,0,0,0,1,0,0,2,0.89,0,0,0
Sanguine Bond,13,61,88,11,11,184,1,1,0,1,0,1,5,0,0,1,0,0,0,1,0,0,0,0,2,2,1,0,0
Sanguine Bond,13,61,88,11,11,184,1,1,0,1,0,1,5,0,0,1,0,0,0,1,0,0,0,0,2,2.45,1,0,0
Sanguine Praetor,16,110,197,7,25,355,1,1,0,1,2,1,8,0,0,1,0,0,0,0,0,1,0,0,2,0.35,0,0,0
Sanguine Sacrament,18,83,99,18,7,225,1,1,0,1,0,1,2,0,0,1,0,1,0,0,0,0,0,0,2,0.37,0,0,0
Sanity Grinding,15,285,0,15,7,322,1,1,0,1,0,1,3,0,0,1,0,0,1,0,0,0,0,0,3,1.7,1,0,0
Sapling of Colfenor,19,218,29,9,36,311,2,2,0,1,2,1,5,0,0,1,1,0,0,0,0,1,0,0,2,6.99,1,1,0
Sarpadian Empires  Vol. VII,27,204,74,12,8,325,0,0,0,1,0,1,3,0,0,1,0,0,0,0,1,0,0,0,0,0.24,0,0,0
Sasaya  Orochi Ascendant,24,99,0,19,31,173,1,1,0,1,2,1,3,0,0,1,1,0,0,0,0,1,0,0,2,0.85,0,0,0
Satyr Firedancer,16,158,70,10,28,282,1,1,0,2,1,1,2,0,0,1,0,0,0,1,0,1,0,0,1,0.5,0,0,0
Savage Beating,14,288,0,13,7,322,1,1,0,1,0,1,5,0,0,1,0,1,0,0,0,0,0,0,2,6.58,1,1,0
Savage Knuckleblade,19,212,0,10,23,264,3,3,0,1,2,1,3,0,0,1,0,0,0,0,0,1,0,0,3,0.35,0,0,0
Savage Summoning,16,222,0,12,7,257,1,1,0,1,0,1,1,0,0,1,0,1,0,0,0,0,0,0,1,0.31,0,0,0
Savannah Lions,14,0,136,14,14,178,1,1,0,1,1,1,1,0,0,1,0,0,0,0,0,1,0,0,1,0.66,0,0,0
Savannah Lions,14,0,136,14,14,178,1,1,0,1,1,1,1,0,0,1,0,0,0,0,0,1,0,0,1,0.78,0,0,0
Savor the Moment,16,68,61,11,7,163,1,1,0,1,0,1,3,0,0,1,0,0,1,0,0,0,0,0,2,4.04,1,0,0
Savra  Queen of the Golgari,27,174,107,16,31,355,2,2,0,1,2,1,4,0,0,1,1,0,0,0,0,1,0,0,2,2.42,1,0,0
Scab-Clan Berserker,19,276,0,12,26,333,1,1,0,1,2,1,3,0,0,1,0,0,0,0,0,1,0,0,2,0.38,0,0,0
Scalding Tarn,13,152,0,13,4,182,0,0,0,1,0,1,0,0,0,1,0,0,0,0,0,0,1,0,0,67.45,1,1,1
Scalpelexis,11,267,0,10,16,304,1,1,0,1,1,1,5,0,0,1,0,0,0,0,0,1,0,0,1,0.44,0,0,0
Scapeshift,10,147,102,11,7,277,1,1,0,1,0,1,4,0,0,1,0,0,1,0,0,0,0,0,2,54.99,1,1,1
Scarblade Elite,15,73,109,12,23,232,1,1,0,1,2,1,2,0,0,1,0,0,0,0,0,1,0,0,2,0.49,0,0,0
Scarecrone,10,127,44,13,29,223,0,0,0,2,1,1,3,0,0,1,0,0,0,0,1,1,0,0,0,10.84,1,1,1
Scatter to the Winds,20,208,0,16,7,251,1,1,0,1,0,1,3,0,0,1,0,1,0,0,0,0,0,0,2,0.39,0,0,0
Scattered Groves,16,139,0,14,20,189,0,2,-2,1,2,1,0,0,0,1,0,0,0,0,0,0,1,0,0,1.75,1,0,0
Scavenger Grounds,17,98,99,15,13,242,0,0,0,1,1,1,0,0,0,1,0,0,0,0,0,0,1,0,0,1.89,1,0,0
Scavenging Ooze,15,127,61,10,15,228,1,1,0,1,1,1,2,0,0,1,0,0,0,0,0,1,0,0,1,2.64,1,0,0
Scepter of Dominance,20,31,126,11,8,196,1,1,0,1,0,1,3,0,0,1,0,0,0,0,1,0,0,0,2,0.35,0,0,0
Scepter of Fugue,16,88,97,15,8,224,1,1,0,1,0,1,2,0,0,1,0,0,0,0,1,0,0,0,2,0.39,0,0,0
Scepter of Insight,18,25,97,15,8,163,1,1,0,1,0,1,3,0,0,1,0,0,0,0,1,0,0,0,2,0.36,0,0,0
Scion of Oona,13,149,0,12,25,199,1,1,0,1,2,1,3,0,0,1,0,0,0,0,0,1,0,0,1,3.26,1,0,0
Scion of the Ur-Dragon,22,199,67,10,34,332,5,5,0,1,2,1,5,0,0,1,1,0,0,0,0,1,0,0,5,4.59,1,0,0
Scion of the Wild,17,94,48,10,17,186,1,1,0,1,1,1,3,0,0,1,0,0,0,0,0,1,0,0,2,0.34,0,0,0
Scion of the Wild,17,94,48,10,17,186,1,1,0,1,1,1,3,0,0,1,0,0,0,0,0,1,0,0,2,0.39,0,0,0
Scion of Vitu-Ghazi,19,210,0,13,20,262,1,1,0,1,1,1,5,0,0,1,0,0,0,0,0,1,0,0,2,0.31,0,0,0
Scoria Wurm,11,107,100,13,15,246,1,1,0,1,1,1,5,0,0,1,0,0,0,0,0,1,0,0,1,0.37,0,0,0
Scourge of Fleets,17,182,0,15,17,231,1,1,0,1,1,1,7,0,0,1,0,0,0,0,0,1,0,0,2,0.32,0,0,0
Scourge of Kher Ridges,22,167,37,11,17,254,1,1,0,1,1,1,8,0,0,1,0,0,0,0,0,1,0,0,2,3.25,1,0,0
Scourge of Skola Vale,21,218,0,12,16,267,1,1,0,1,1,1,3,0,0,1,0,0,0,0,0,1,0,0,1,0.34,0,0,0
Scourge Wolf,12,130,0,13,22,177,1,1,0,1,2,1,2,0,0,1,0,0,0,0,0,1,0,0,2,0.33,0,0,0
Scourglass,10,128,111,12,8,269,1,1,0,1,0,1,5,0,0,1,0,0,0,0,1,0,0,0,2,3.16,1,0,0
Scout's Warning,15,92,63,29,7,206,1,1,0,1,0,1,1,0,0,1,0,1,0,0,0,0,0,0,1,1.53,1,0,0
Scrambleverse,13,159,37,9,7,225,1,1,0,1,0,1,8,0,0,1,0,0,1,0,0,0,0,0,2,0.38,0,0,0
Scrap Trawler,13,192,0,7,29,241,0,0,0,2,1,1,3,0,0,1,0,0,0,0,1,1,0,0,0,0.41,0,0,0
Scrapheap Scrounger,19,156,54,14,29,272,0,1,-1,2,1,1,2,0,0,1,0,0,0,0,1,1,0,0,0,0.82,0,0,0
Scroll of Origins,17,62,120,11,8,218,0,0,0,1,0,1,2,0,0,1,0,0,0,0,1,0,0,0,0,0.36,0,0,0
Scroll of the Masters,21,198,0,12,8,239,0,0,0,1,0,1,2,0,0,1,0,0,0,0,1,0,0,0,0,0.32,0,0,0
Scrying Sheets,14,204,0,14,9,241,0,0,0,1,0,1,0,0,0,1,0,0,0,0,0,0,1,0,0,11,1,1,1
Sculpting Steel,15,96,79,14,8,212,0,0,0,1,0,1,3,0,0,1,0,0,0,0,1,0,0,0,0,6.9,1,1,0
Sculpting Steel,15,96,79,14,8,212,0,0,0,1,0,1,3,0,0,1,0,0,0,0,1,0,0,0,0,7.55,1,1,0
Scute Mob,9,105,81,29,17,241,1,1,0,1,1,1,1,0,0,1,0,0,0,0,0,1,0,0,1,0.8,0,0,0
Scuttling Doom Engine,21,144,43,14,29,251,0,0,0,2,1,1,6,0,0,1,0,0,0,0,1,1,0,0,0,0.44,0,0,0
Scythe of the Wretched,22,213,0,12,20,267,0,0,0,1,1,1,2,0,0,1,0,0,0,0,1,0,0,0,0,1.63,1,0,0
Sea Gate Loremaster,19,43,156,12,30,260,1,1,0,1,3,1,5,0,0,1,0,0,0,0,0,1,0,0,1,0.48,0,0,0
Sea Gate Wreckage,17,147,80,11,4,259,0,0,0,1,0,1,0,0,0,1,0,0,0,0,0,0,1,0,0,0.48,0,0,0
Seachrome Coast,15,129,99,15,4,262,0,2,-2,1,0,1,0,0,0,1,0,0,0,0,0,0,1,0,0,7.49,1,1,0
Séance,6,243,0,12,11,272,1,1,0,1,0,1,4,0,0,1,0,0,0,1,0,0,0,0,2,0.24,0,0,0
Search for Azcanta,18,200,64,17,21,320,1,1,0,1,0,1,2,0,0,1,1,0,0,1,0,0,0,0,1,17.07,1,1,1
Search the City,15,343,0,9,11,378,1,1,0,1,0,1,5,0,0,1,0,0,0,1,0,0,0,0,1,0.29,0,0,0
Searing Meditation,18,115,109,11,11,264,2,2,0,1,0,1,3,0,0,1,0,0,0,1,0,0,0,0,2,0.35,0,0,0
Searing Wind,12,58,80,11,7,168,1,1,0,1,0,1,9,0,0,1,0,1,0,0,0,0,0,0,1,0.47,0,0,0
Secluded Glen,13,183,88,14,4,302,0,2,-2,1,0,1,0,0,0,1,0,0,0,0,0,0,1,0,0,4.7,1,0,0
Second Harvest,14,75,78,12,7,186,1,1,0,1,0,1,4,0,0,1,0,1,0,0,0,0,0,0,2,0.52,0,0,0
Second Sunrise,14,166,47,12,7,246,1,1,0,1,0,1,3,0,0,1,0,1,0,0,0,0,0,0,2,1.88,1,0,0
Secret Salvage,14,192,100,12,7,325,1,1,0,1,0,1,5,0,0,1,0,0,1,0,0,0,0,0,2,0.25,0,0,0
Secure the Wastes,17,43,118,12,7,197,1,1,0,1,0,1,1,0,0,1,0,1,0,0,0,0,0,0,1,2.03,1,0,0
Sedge Sliver,12,135,115,21,17,300,1,2,-1,1,1,1,3,0,0,1,0,0,0,0,0,1,0,0,1,9.35,1,1,0
Sedraxis Specter,16,304,0,13,18,351,3,3,0,1,1,1,3,0,0,1,0,0,0,0,0,1,0,0,3,0.46,0,0,0
Seed the Land,13,96,156,17,11,293,1,1,0,1,0,1,4,0,0,1,0,0,0,1,0,0,0,0,2,1.1,1,0,0
Seedborn Muse,13,71,70,8,17,179,1,1,0,1,1,1,5,0,0,1,0,0,0,0,0,1,0,0,2,22.03,1,1,1
Seedborn Muse,13,71,70,8,17,179,1,1,0,1,1,1,5,0,0,1,0,0,0,0,0,1,0,0,2,25.37,1,1,1
Seer's Sundial,14,110,94,15,8,241,0,0,0,1,0,1,4,0,0,1,0,0,0,0,1,0,0,0,0,0.33,0,0,0
Seht's Tiger,12,263,0,13,14,302,1,1,0,1,1,1,4,0,0,1,0,0,0,0,0,1,0,0,2,0.69,0,0,0
Seismic Assault,15,81,28,12,11,147,1,1,0,1,0,1,3,0,0,1,0,0,0,1,0,0,0,0,3,4.59,1,0,0
Seismic Assault,15,81,28,12,11,147,1,1,0,1,0,1,3,0,0,1,0,0,0,1,0,0,0,0,3,5.02,1,1,0
Seizan  Perverter of Truth,26,87,105,10,33,261,1,1,0,1,2,1,5,0,0,1,1,0,0,0,0,1,0,0,2,3.34,1,0,0
Seize the Soul,14,346,0,14,7,381,1,1,0,1,0,1,4,0,0,1,0,1,0,0,0,0,0,0,2,0.4,0,0,0
Sekki  Seasons' Guide,21,314,0,10,27,372,1,1,0,1,1,1,8,0,0,1,1,0,0,0,0,1,0,0,3,1.94,1,0,0
Sek'Kuar  Deathkeeper,21,116,142,13,31,323,3,3,0,1,2,1,5,0,0,1,1,0,0,0,0,1,0,0,3,0.38,0,0,0
Selective Memory,16,94,87,6,7,210,1,1,0,1,0,1,4,0,0,1,0,0,1,0,0,0,0,0,1,0.31,0,0,0
Selfless Spirit,15,94,31,12,24,176,1,1,0,1,2,1,2,0,0,1,0,0,0,0,0,1,0,0,1,3.29,1,0,0
Semblance Anvil,15,182,27,9,8,241,0,0,0,1,0,1,3,0,0,1,0,0,0,0,1,0,0,0,0,1.22,1,0,0
Sengir Nosferatu,16,222,0,16,18,272,1,1,0,1,1,1,5,0,0,1,0,0,0,0,0,1,0,0,2,0.33,0,0,0
Sengir Vampire,14,187,43,10,18,272,1,1,0,1,1,1,5,0,0,1,0,0,0,0,0,1,0,0,2,0.39,0,0,0
Sengir Vampire,14,187,43,10,18,272,1,1,0,1,1,1,5,0,0,1,0,0,0,0,0,1,0,0,2,0.44,0,0,0
Sensation Gorger,16,231,17,12,24,300,1,1,0,1,2,1,3,0,0,1,0,0,0,0,0,1,0,0,2,1.35,1,0,0
Sensei Golden-Tail,18,305,0,14,32,369,1,1,0,1,2,1,2,0,0,1,1,0,0,0,0,1,0,0,1,1.81,1,0,0
Sepulchral Primordial,21,300,0,18,17,356,1,1,0,1,1,1,7,0,0,1,0,0,0,0,0,1,0,0,2,1.1,1,0,0
Seraph of the Sword,19,76,47,11,16,169,1,1,0,1,1,1,4,0,0,1,0,0,0,0,0,1,0,0,1,0.7,0,0,0
Serendib Sorcerer,17,101,66,9,23,216,1,1,0,1,2,1,3,0,0,1,0,0,0,0,0,1,0,0,2,0.42,0,0,0
Serpentine Spike,16,237,0,11,7,271,0,1,-1,1,0,1,7,0,0,1,0,0,1,0,0,0,0,0,2,0.29,0,0,0
Serra Angel,11,139,128,8,16,302,1,1,0,1,1,1,5,0,0,1,0,0,0,0,0,1,0,0,2,0.42,0,0,0
Serra Angel,11,139,48,12,16,226,1,1,0,1,1,1,5,0,0,1,0,0,0,0,0,1,0,0,2,0.42,0,0,0
Serra Angel,11,139,128,12,16,306,1,1,0,1,1,1,5,0,0,1,0,0,0,0,0,1,0,0,2,0.48,0,0,0
Serra Ascendant,15,160,0,15,21,211,1,1,0,1,2,1,1,0,0,1,0,0,0,0,0,1,0,0,1,11.99,1,1,1
Serra Avenger,13,148,0,16,16,193,1,1,0,1,1,1,2,0,0,1,0,0,0,0,0,1,0,0,2,1.95,1,0,0
Serra Avenger,13,148,138,16,16,331,1,1,0,1,1,1,2,0,0,1,0,0,0,0,0,1,0,0,2,2.47,1,0,0
Serra Sphinx,12,17,130,11,17,187,1,1,0,1,1,1,5,0,0,1,0,0,0,0,0,1,0,0,2,0.44,0,0,0
Serum Powder,12,215,0,13,8,248,0,0,0,1,0,1,3,0,0,1,0,0,0,0,1,0,0,0,0,2.49,1,0,0
Seshiro the Anointed,20,127,109,11,31,298,1,1,0,1,2,1,6,0,0,1,1,0,0,0,0,1,0,0,2,7.96,1,1,0
Setessan Tactics,16,209,0,12,7,244,1,1,0,1,0,1,2,0,0,1,0,1,0,0,0,0,0,0,1,0.42,0,0,0
Settle the Wreckage,19,205,0,7,7,238,1,1,0,1,0,1,4,0,0,1,0,1,0,0,0,0,0,0,2,4.73,1,0,0
Sever the Bloodline,19,186,0,13,7,225,1,1,0,1,0,1,4,0,0,1,0,0,1,0,0,0,0,0,1,0.35,0,0,0
Shadow of Doubt,15,98,37,12,7,169,2,2,0,1,0,1,2,0,0,1,0,1,0,0,0,0,0,0,2,4.9,1,0,0
Shadow of the Grave,19,87,124,14,7,251,1,1,0,1,0,1,2,0,0,1,0,1,0,0,0,0,0,0,1,0.49,0,0,0
Shadowed Caravel,16,220,0,11,18,265,0,0,0,1,1,1,2,0,0,1,0,0,0,0,1,0,0,0,0,0.4,0,0,0
Shah of Naar Isle,17,253,0,10,17,297,1,1,0,1,1,1,4,0,0,1,0,0,0,0,0,1,0,0,1,0.37,0,0,0
Shamanic Revelation,19,125,65,16,7,232,1,1,0,1,0,1,5,0,0,1,0,0,1,0,0,0,0,0,2,0.35,0,0,0
Shambling Vent,14,211,0,9,4,238,0,2,-2,1,0,1,0,0,0,1,0,0,0,0,0,0,1,0,0,2.19,1,0,0
Shape Anew,10,266,0,29,7,312,1,1,0,1,0,1,4,0,0,1,0,0,1,0,0,0,0,0,1,0.51,0,0,0
Shape of the Wiitigo,20,280,0,11,18,329,1,1,0,1,1,1,6,0,0,1,0,0,0,1,0,0,0,0,3,0.38,0,0,0
Shapers' Sanctuary,18,115,47,11,11,202,1,1,0,1,0,1,1,0,0,1,0,0,0,1,0,0,0,0,1,1.29,1,0,0
Shapesharer,11,130,32,12,23,208,1,1,0,1,1,1,2,0,0,1,0,0,0,0,0,1,0,0,1,2.32,1,0,0
Shapeshifter's Marrow,21,267,0,6,11,305,1,1,0,1,0,1,4,0,0,1,0,0,0,1,0,0,0,0,2,0.38,0,0,0
Shard Phoenix,13,281,0,13,18,325,1,1,0,1,1,1,5,0,0,1,0,0,0,0,0,1,0,0,1,0.39,0,0,0
Sharding Sphinx,15,152,71,16,26,280,1,1,0,2,1,1,6,0,0,1,0,0,0,0,1,1,0,0,2,0.49,0,0,0
Shared Animosity,16,143,108,12,11,290,1,1,0,1,0,1,3,0,0,1,0,0,0,1,0,0,0,0,1,14.71,1,1,1
Shared Fate,11,197,0,12,11,231,1,1,0,1,0,1,5,0,0,1,0,0,0,1,0,0,0,0,1,0.81,0,0,0
Shell of the Last Kappa,23,223,0,12,18,276,0,0,0,1,0,1,3,0,0,1,1,0,0,0,1,0,0,0,0,0.44,0,0,0
Shelldock Isle,14,325,0,10,4,353,0,1,-1,1,0,1,0,0,0,1,0,0,0,0,0,0,1,0,0,5.23,1,1,0
Sheltered Thicket,17,140,0,9,22,188,0,2,-2,1,2,1,0,0,0,1,0,0,0,0,0,0,1,0,0,3.24,1,0,0
Shield of Kaldra,16,196,0,15,30,257,0,0,0,1,1,1,4,0,0,1,1,0,0,0,1,0,0,0,0,4.55,1,0,0
Shield of the Avatar,20,206,72,11,20,329,0,0,0,1,1,1,1,0,0,1,0,0,0,0,1,0,0,0,0,0.34,0,0,0
Shifting Sky,12,100,68,15,11,206,1,1,0,1,0,1,3,0,0,1,0,0,0,1,0,0,0,0,1,0.34,0,0,0
Shimatsu the Bloodcloaked,25,157,96,11,33,322,1,1,0,1,2,1,4,0,0,1,1,0,0,0,0,1,0,0,1,0.39,0,0,0
Shimian Specter,15,294,0,17,18,344,1,1,0,1,1,1,4,0,0,1,0,0,0,0,0,1,0,0,2,0.32,0,0,0
Shimian Specter,15,294,0,17,18,344,1,1,0,1,1,1,4,0,0,1,0,0,0,0,0,1,0,0,2,0.44,0,0,0
Shimmer Myr,11,60,61,29,23,184,0,0,0,2,1,1,3,0,0,1,0,0,0,0,1,1,0,0,0,0.98,0,0,0
Shining Shoal,13,262,0,12,16,303,1,1,0,1,1,1,2,0,0,1,0,1,0,0,0,0,0,0,2,2.7,1,0,0
Shinka  the Bloodsoaked Keep,28,105,118,14,14,279,0,1,-1,1,0,1,0,0,0,1,1,0,0,0,0,0,1,0,0,2.75,1,0,0
Shipbreaker Kraken,18,306,0,9,17,350,1,1,0,1,1,1,6,0,0,1,0,0,0,0,0,1,0,0,2,0.28,0,0,0
Shirei  Shizo's Caretaker,25,229,0,14,27,295,1,1,0,1,1,1,5,0,0,1,1,0,0,0,0,1,0,0,1,2.84,1,0,0
Shisato  Whispering Hunter,26,166,0,11,34,237,1,1,0,1,2,1,4,0,0,1,1,0,0,0,0,1,0,0,1,0.44,0,0,0
Shivan Dragon,13,130,47,15,17,222,1,1,0,1,1,1,6,0,0,1,0,0,0,0,0,1,0,0,2,0.32,0,0,0
Shivan Dragon,13,130,47,15,17,222,1,1,0,1,1,1,6,0,0,1,0,0,0,0,0,1,0,0,2,0.36,0,0,0
Shivan Dragon,13,130,47,15,17,222,1,1,0,1,1,1,6,0,0,1,0,0,0,0,0,1,0,0,2,0.37,0,0,0
Shivan Dragon,13,130,47,15,17,222,1,1,0,1,1,1,6,0,0,1,0,0,0,0,0,1,0,0,2,0.37,0,0,0
Shivan Dragon,13,130,47,15,17,222,1,1,0,1,1,1,6,0,0,1,0,0,0,0,0,1,0,0,2,0.37,0,0,0
Shivan Dragon,13,130,47,15,17,222,1,1,0,1,1,1,6,0,0,1,0,0,0,0,0,1,0,0,2,0.39,0,0,0
Shivan Dragon,13,130,47,15,17,222,1,1,0,1,1,1,6,0,0,1,0,0,0,0,0,1,0,0,2,0.45,0,0,0
Shivan Hellkite,15,150,102,10,17,294,1,1,0,1,1,1,7,0,0,1,0,0,0,0,0,1,0,0,2,0.48,0,0,0
Shivan Reef,11,105,0,13,4,133,0,2,-2,1,0,1,0,0,0,1,0,0,0,0,0,0,1,0,0,2.09,1,0,0
Shivan Reef,11,105,0,13,4,133,0,2,-2,1,0,1,0,0,0,1,0,0,0,0,0,0,1,0,0,2.13,1,0,0
Shivan Reef,11,105,0,13,4,133,0,2,-2,1,0,1,0,0,0,1,0,0,0,0,0,0,1,0,0,3.05,1,0,0
Shivan Reef,11,105,0,13,4,133,0,2,-2,1,0,1,0,0,0,1,0,0,0,0,0,0,1,0,0,3.2,1,0,0
Shivan Wumpus,13,150,58,10,16,247,1,1,0,1,1,1,4,0,0,1,0,0,0,0,0,1,0,0,1,0.74,0,0,0
Shizo  Death's Storehouse,25,172,140,11,14,362,0,1,-1,1,0,1,0,0,0,1,1,0,0,0,0,0,1,0,0,9.02,1,1,0
Shizuko  Caller of Autumn,25,190,0,14,33,262,1,1,0,1,2,1,3,0,0,1,1,0,0,0,0,1,0,0,2,1.86,1,0,0
Shrine of the Forsaken Gods,27,176,165,16,4,388,0,0,0,1,0,1,0,0,0,1,0,0,0,0,0,0,1,0,0,0.49,0,0,0
Shriveling Rot,14,249,0,22,7,292,1,1,0,1,0,1,4,0,0,1,0,1,0,0,0,0,0,0,2,0.35,0,0,0
Shu Yun  the Silent Tempest,27,221,0,13,31,292,1,3,-2,1,2,1,3,0,0,1,1,0,0,0,0,1,0,0,1,0.33,0,0,0
Shunt,5,55,37,16,7,120,1,1,0,1,0,1,3,0,0,1,0,1,0,0,0,0,0,0,2,0.37,0,0,0
Shunt,5,55,116,16,7,199,1,1,0,1,0,1,3,0,0,1,0,1,0,0,0,0,0,0,2,0.4,0,0,0
Sickening Shoal,15,159,0,9,16,199,1,1,0,1,1,1,2,0,0,1,0,1,0,0,0,0,0,0,2,1.78,1,0,0
Sidisi  Undead Vizier,21,231,0,7,32,291,1,1,0,1,2,1,5,0,0,1,1,0,0,0,0,1,0,0,2,4.93,1,0,0
Siege Dragon,12,232,0,13,17,274,1,1,0,1,1,1,7,0,0,1,0,0,0,0,0,1,0,0,2,0.36,0,0,0
Siege of Towers,15,197,0,17,7,236,1,1,0,1,0,1,2,0,0,1,0,0,1,0,0,0,0,0,1,0.34,0,0,0
Siege Rhino,11,96,83,11,16,217,3,3,0,1,1,1,4,0,0,1,0,0,0,0,0,1,0,0,3,1,1,0,0
Siege-Gang Commander,20,188,0,19,17,244,1,1,0,1,1,1,5,0,0,1,0,0,0,0,0,1,0,0,2,1.78,1,0,0
Siege-Gang Commander,20,188,0,19,17,244,1,1,0,1,1,1,5,0,0,1,0,0,0,0,0,1,0,0,2,1.99,1,0,0
Sifter of Skulls,16,232,0,15,18,281,0,1,-1,1,1,1,4,0,0,1,0,0,0,0,0,1,0,0,1,0.31,0,0,0
Sigarda's Aid,13,179,67,11,11,281,1,1,0,1,0,1,1,0,0,1,0,0,0,1,0,0,0,0,1,0.99,0,0,0
Sigil of Distinction,20,208,0,12,20,260,0,0,0,1,1,1,0,0,0,1,0,0,0,0,1,0,0,0,0,1.29,1,0,0
Sigil of the Empty Throne,25,92,95,20,11,243,1,1,0,1,0,1,5,0,0,1,0,0,0,1,0,0,0,0,2,0.47,0,0,0
Sigil of the Empty Throne,25,92,95,20,11,243,1,1,0,1,0,1,5,0,0,1,0,0,0,1,0,0,0,0,2,1.04,1,0,0
Sigil Tracer,12,124,64,9,25,234,1,1,0,1,2,1,3,0,0,1,0,0,0,0,0,1,0,0,2,7.12,1,1,0
Signal the Clans,16,208,81,12,7,324,2,2,0,1,0,1,2,0,0,1,0,1,0,0,0,0,0,0,2,0.32,0,0,0
Silence,7,94,78,14,7,200,1,1,0,1,0,1,1,0,0,1,0,1,0,0,0,0,0,0,1,1.29,1,0,0
Silence,7,94,78,14,7,200,1,1,0,1,0,1,1,0,0,1,0,1,0,0,0,0,0,0,1,1.35,1,0,0
Silence,7,94,101,14,7,223,1,1,0,1,0,1,1,0,0,1,0,1,0,0,0,0,0,0,1,1.47,1,0,0
Silence the Believers,21,159,0,15,7,202,1,1,0,1,0,1,4,0,0,1,0,1,0,0,0,0,0,0,2,0.37,0,0,0
Silent Arbiter,14,98,95,8,29,244,0,0,0,2,1,1,4,0,0,1,0,0,0,0,1,1,0,0,0,2.39,1,0,0
Silent Sentinel,15,119,54,15,17,220,1,1,0,1,1,1,7,0,0,1,0,0,0,0,0,1,0,0,2,0.31,0,0,0
Silklash Spider,15,77,110,11,17,230,1,1,0,1,1,1,5,0,0,1,0,0,0,0,0,1,0,0,2,0.36,0,0,0
Silklash Spider,15,77,61,11,17,181,1,1,0,1,1,1,5,0,0,1,0,0,0,0,0,1,0,0,2,0.59,0,0,0
Silumgar  the Drifting Death,28,120,100,15,27,290,2,2,0,1,1,1,6,0,0,1,1,0,0,0,0,1,0,0,2,0.42,0,0,0
Silumgar Assassin,17,342,0,15,25,399,1,1,0,1,2,1,2,0,0,1,0,0,0,0,0,1,0,0,1,0.34,0,0,0
Silumgar's Command,18,174,0,9,7,208,2,2,0,1,0,1,5,0,0,1,0,1,0,0,0,0,0,0,2,0.46,0,0,0
Silverblade Paladin,19,263,0,10,23,315,1,1,0,1,2,1,3,0,0,1,0,0,0,0,0,1,0,0,2,0.51,0,0,0
Silverfur Partisan,18,138,41,4,23,224,1,1,0,1,2,1,3,0,0,1,0,0,0,0,0,1,0,0,1,0.42,0,0,0
Simic Manipulator,17,352,0,14,24,407,1,1,0,1,2,1,3,0,0,1,0,0,0,0,0,1,0,0,2,0.36,0,0,0
Simic Sky Swallower,19,82,122,7,20,250,2,2,0,1,1,1,7,0,0,1,0,0,0,0,0,1,0,0,2,0.84,0,0,0
Sin Prodder,11,278,0,9,16,314,1,1,0,1,1,1,3,0,0,1,0,0,0,0,0,1,0,0,1,0.46,0,0,0
Sins of the Past,16,211,0,13,7,247,1,1,0,1,0,1,6,0,0,1,0,0,1,0,0,0,0,0,2,0.39,0,0,0
Sire of Insanity,16,72,104,16,16,224,2,2,0,1,1,1,6,0,0,1,0,0,0,0,0,1,0,0,2,0.39,0,0,0
Sisters of Stone Death,22,250,0,15,27,314,2,2,0,1,1,1,8,0,0,1,1,0,0,0,0,1,0,0,4,2.52,1,0,0
Skarrg Goliath,14,128,92,10,16,260,1,1,0,1,1,1,8,0,0,1,0,0,0,0,0,1,0,0,2,0.26,0,0,0
Skarrgan Firebird,17,275,0,10,18,320,1,1,0,1,1,1,6,0,0,1,0,0,0,0,0,1,0,0,2,0.35,0,0,0
Skeletal Vampire,16,234,0,14,27,291,1,1,0,1,2,1,6,0,0,1,0,0,0,0,0,1,0,0,2,0.42,0,0,0
Skill Borrower,14,260,0,10,32,316,1,1,0,2,2,1,3,0,0,1,0,0,0,0,1,1,0,0,1,0.4,0,0,0
Skinshifter,11,432,0,12,23,478,1,1,0,1,2,1,2,0,0,1,0,0,0,0,0,1,0,0,1,0.62,0,0,0
Skirsdag High Priest,20,163,49,14,23,269,1,1,0,1,2,1,2,0,0,1,0,0,0,0,0,1,0,0,1,0.4,0,0,0
Skull of Orm,12,74,82,11,8,187,0,0,0,1,0,1,3,0,0,1,0,0,0,0,1,0,0,0,0,0.58,0,0,0
Skullmulcher,12,244,0,12,20,288,1,1,0,1,1,1,5,0,0,1,0,0,0,0,0,1,0,0,1,0.49,0,0,0
Sky Swallower,13,116,41,7,20,197,1,1,0,1,1,1,5,0,0,1,0,0,0,0,0,1,0,0,2,0.41,0,0,0
Skybind,7,238,0,13,11,269,1,1,0,1,0,1,5,0,0,1,0,0,0,1,0,0,0,0,2,0.29,0,0,0
Skyfire Kirin,13,147,82,14,33,289,1,1,0,1,2,1,4,0,0,1,1,0,0,0,0,1,0,0,2,0.41,0,0,0
Skylasher,9,63,95,9,17,193,1,1,0,1,1,1,2,0,0,1,0,0,0,0,0,1,0,0,1,0.38,0,0,0
Skyship Stalker,15,168,0,10,17,210,1,1,0,1,1,1,4,0,0,1,0,0,0,0,0,1,0,0,2,0.29,0,0,0
Slag Fiend,10,98,112,11,20,251,1,1,0,1,1,1,1,0,0,1,0,0,0,0,0,1,0,0,1,0.3,0,0,0
Slagstorm,9,100,89,9,7,214,1,1,0,1,0,1,3,0,0,1,0,0,1,0,0,0,0,0,2,0.38,0,0,0
Slate of Ancestry,17,71,75,17,8,188,0,0,0,1,0,1,4,0,0,1,0,0,0,0,1,0,0,0,0,2.88,1,0,0
Slaughter Games,15,241,0,14,7,277,2,2,0,1,0,1,4,0,0,1,0,0,1,0,0,0,0,0,2,0.46,0,0,0
Slaughter Pact,14,116,39,10,7,186,1,1,0,1,0,1,0,0,0,1,0,1,0,0,0,0,0,0,0,4.77,1,0,0
Slayer's Plate,14,145,0,9,20,188,0,0,0,1,1,1,3,0,0,1,0,0,0,0,1,0,0,0,0,0.3,0,0,0
Slayers' Stronghold,19,120,98,13,4,254,0,2,-2,1,0,1,0,0,0,1,0,0,0,0,0,0,1,0,0,0.5,0,0,0
Sleeper Agent,13,149,0,14,17,193,1,1,0,1,1,1,1,0,0,1,0,0,0,0,0,1,0,0,1,0.55,0,0,0
Slithermuse,11,262,0,15,20,308,1,1,0,1,1,1,4,0,0,1,0,0,0,0,0,1,0,0,2,0.58,0,0,0
Sliver Hive,11,234,0,13,4,262,0,0,0,1,0,1,0,0,0,1,0,0,0,0,0,0,1,0,0,5.91,1,1,0
Sliver Legion,13,72,114,10,27,236,5,5,0,1,1,1,5,0,0,1,1,0,0,0,0,1,0,0,5,44.92,1,1,1
Slobad  Goblin Tinkerer,23,78,112,10,37,260,1,1,0,1,2,1,2,0,0,1,1,0,0,0,0,1,0,0,1,0.67,0,0,0
Slumbering Dragon,17,200,0,10,17,244,1,1,0,1,1,1,1,0,0,1,0,0,0,0,0,1,0,0,1,1.94,1,0,0
Slumbering Tora,15,162,0,12,8,197,0,0,0,1,0,1,3,0,0,1,0,0,0,0,1,0,0,0,0,0.34,0,0,0
Smoldering Marsh,16,131,79,13,21,260,0,2,-2,1,2,1,0,0,0,1,0,0,0,0,0,0,1,0,0,1.53,1,0,0
Smothering Abomination,22,142,0,14,18,196,0,1,-1,1,1,1,4,0,0,1,0,0,0,0,0,1,0,0,2,0.34,0,0,0
Smuggler's Copter,17,238,0,21,18,294,0,0,0,1,1,1,2,0,0,1,0,0,0,0,1,0,0,0,0,2.01,1,0,0
Snapcaster Mage,15,264,0,11,23,313,1,1,0,1,2,1,2,0,0,1,0,0,0,0,0,1,0,0,1,59.4,1,1,1
Solar Tide,10,179,0,11,7,207,1,1,0,1,0,1,6,0,0,1,0,0,1,0,0,0,0,0,2,0.43,0,0,0
Solarion,8,160,0,10,29,207,0,0,0,2,1,1,7,0,0,1,0,0,0,0,1,1,0,0,0,0.6,0,0,0
Soldier of the Pantheon,23,94,104,14,24,259,1,1,0,1,2,1,1,0,0,1,0,0,0,0,0,1,0,0,1,0.32,0,0,0
Solemn Recruit,14,158,113,14,24,323,1,1,0,1,2,1,3,0,0,1,0,0,0,0,0,1,0,0,2,0.33,0,0,0
Solemn Simulacrum,17,217,0,9,25,268,0,0,0,2,1,1,4,0,0,1,0,0,0,0,1,1,0,0,0,4.94,1,0,0
Solemn Simulacrum,17,217,0,12,25,271,0,0,0,2,1,1,4,0,0,1,0,0,0,0,1,1,0,0,0,5.24,1,1,0
Solemnity,9,98,74,14,11,206,1,1,0,1,0,1,3,0,0,1,0,0,0,1,0,0,0,0,1,1.8,1,0,0
Somberwald Sage,15,101,61,12,22,211,1,1,0,1,2,1,3,0,0,1,0,0,0,0,0,1,0,0,1,1.88,1,0,0
Soramaro  First to Dream,24,170,0,13,27,234,1,1,0,1,1,1,6,0,0,1,1,0,0,0,0,1,0,0,2,0.43,0,0,0
Sorcerous Spyglass,18,202,0,13,8,241,0,0,0,1,0,1,2,0,0,1,0,0,0,0,1,0,0,0,0,1,1,0,0
Sorin's Vengeance,17,72,112,29,7,237,1,1,0,1,0,1,7,0,0,1,0,0,1,0,0,0,0,0,3,0.94,0,0,0
Soul Conduit,12,50,111,11,8,192,0,0,0,1,0,1,6,0,0,1,0,0,0,0,1,0,0,0,0,0.38,0,0,0
Soul Foundry,12,199,0,12,8,231,0,0,0,1,0,1,4,0,0,1,0,0,0,0,1,0,0,0,0,2.74,1,0,0
Soul of the Harvest,19,106,123,10,20,278,1,1,0,1,1,1,6,0,0,1,0,0,0,0,0,1,0,0,2,0.58,0,0,0
Soul Ransom,11,174,0,12,18,215,2,2,0,1,1,1,4,0,0,1,0,0,0,1,0,0,0,0,2,0.33,0,0,0
Soul Separator,14,329,0,7,8,358,0,0,0,1,0,1,3,0,0,1,0,0,0,0,1,0,0,0,0,0.29,0,0,0
Soul Spike,10,160,0,13,7,190,1,1,0,1,0,1,7,0,0,1,0,1,0,0,0,0,0,0,2,1.16,1,0,0
Soul Swallower,14,163,54,11,15,257,1,1,0,1,1,1,4,0,0,1,0,0,0,0,0,1,0,0,2,0.29,0,0,0
Soulblade Djinn,15,96,65,12,16,204,1,1,0,1,1,1,5,0,0,1,0,0,0,0,0,1,0,0,2,0.33,0,0,0
Soulblast,9,183,0,14,7,213,1,1,0,1,0,1,6,0,0,1,0,1,0,0,0,0,0,0,3,0.37,0,0,0
Soulblast,9,183,0,10,7,209,1,1,0,1,0,1,6,0,0,1,0,1,0,0,0,0,0,0,3,0.42,0,0,0
Soulflayer,10,320,0,12,16,358,1,1,0,1,1,1,6,0,0,1,0,0,0,0,0,1,0,0,2,0.33,0,0,0
Soulquake,9,100,106,11,7,233,2,2,0,1,0,1,7,0,0,1,0,0,1,0,0,0,0,0,4,0.34,0,0,0
Soul's Majesty,14,61,44,13,7,139,1,1,0,1,0,1,5,0,0,1,0,0,1,0,0,0,0,0,1,0.98,0,0,0
Soul-Scar Mage,14,150,0,12,23,199,1,1,0,1,2,1,1,0,0,1,0,0,0,0,0,1,0,0,1,2.62,1,0,0
Soulscour,9,35,112,10,7,173,1,1,0,1,0,1,10,0,0,1,0,0,1,0,0,0,0,0,3,0.45,0,0,0
Sovereigns of Lost Alara,24,308,0,15,17,364,2,2,0,1,1,1,6,0,0,1,0,0,0,0,0,1,0,0,2,3.14,1,0,0
Sower of Temptation,19,150,112,19,24,324,1,1,0,1,2,1,4,0,0,1,0,0,0,0,0,1,0,0,2,10.47,1,1,1
Spark Trooper,13,83,111,11,28,246,2,2,0,1,2,1,4,0,0,1,0,0,0,0,0,1,0,0,3,0.34,0,0,0
Spawn of Thraxes,16,143,61,15,17,252,1,1,0,1,1,1,7,0,0,1,0,0,0,0,0,1,0,0,2,0.32,0,0,0
Spawnbroker,11,193,95,13,23,335,1,1,0,1,2,1,3,0,0,1,0,0,0,0,0,1,0,0,1,0.38,0,0,0
Spawnsire of Ulamog,19,315,0,4,18,356,0,0,0,1,1,1,10,0,0,1,0,0,0,0,0,1,0,0,0,3.49,1,0,0
Spawnwrithe,11,106,100,7,20,244,1,1,0,1,1,1,3,0,0,1,0,0,0,0,0,1,0,0,1,0.47,0,0,0
Spear of Heliod,15,108,121,13,30,287,1,1,0,2,0,1,3,0,0,1,1,0,0,1,1,0,0,0,2,0.76,0,0,0
Spearbreaker Behemoth,21,99,123,19,16,278,1,1,0,1,1,1,7,0,0,1,0,0,0,0,0,1,0,0,2,1.89,1,0,0
Spectra Ward,12,219,0,18,18,267,1,1,0,1,1,1,5,0,0,1,0,0,0,1,0,0,0,0,2,0.89,0,0,0
Spectral Force,14,136,73,9,27,259,1,1,0,1,2,1,5,0,0,1,0,0,0,0,0,1,0,0,2,0.4,0,0,0
Spectral Shift,14,352,0,9,7,382,1,1,0,1,0,1,2,0,0,1,0,1,0,0,0,0,0,0,1,0.33,0,0,0
Spell Queller,13,226,0,13,17,269,2,2,0,1,1,1,3,0,0,1,0,0,0,0,0,1,0,0,2,7.01,1,1,0
Spell Swindle,13,198,0,20,7,238,1,1,0,1,0,1,5,0,0,1,0,1,0,0,0,0,0,0,2,1.13,1,0,0
Spellbinder,11,259,0,11,20,301,0,0,0,1,1,1,3,0,0,1,0,0,0,0,1,0,0,0,0,0.52,0,0,0
Spellbound Dragon,17,177,32,13,17,256,2,2,0,1,1,1,5,0,0,1,0,0,0,0,0,1,0,0,2,0.73,0,0,0
Spellbreaker Behemoth,21,113,154,10,16,314,2,2,0,1,1,1,4,0,0,1,0,0,0,0,0,1,0,0,3,0.86,0,0,0
Spellshift,10,261,0,14,7,292,1,1,0,1,0,1,4,0,0,1,0,1,0,0,0,0,0,0,1,0.36,0,0,0
Spellskite,10,111,105,6,26,258,0,1,-1,2,1,1,2,0,0,1,0,0,0,0,1,1,0,0,0,9.06,1,1,0
Spelltithe Enforcer,19,97,99,12,26,253,1,1,0,1,2,1,5,0,0,1,0,0,0,0,0,1,0,0,2,0.75,0,0,0
Spelltwine,10,214,0,12,7,243,1,1,0,1,0,1,6,0,0,1,0,0,1,0,0,0,0,0,1,0.36,0,0,0
Spellweaver Helix,17,314,0,12,8,351,0,0,0,1,0,1,3,0,0,1,0,0,0,0,1,0,0,0,0,0.48,0,0,0
Spellweaver Volute,18,261,0,8,18,305,1,1,0,1,1,1,5,0,0,1,0,0,0,1,0,0,0,0,2,1.29,1,0,0
Sphinx of Jwar Isle,19,150,154,12,17,352,1,1,0,1,1,1,6,0,0,1,0,0,0,0,0,1,0,0,2,0.3,0,0,0
Sphinx of Lost Truths,21,195,0,10,17,243,1,1,0,1,1,1,5,0,0,1,0,0,0,0,0,1,0,0,2,0.38,0,0,0
Sphinx of Magosi,16,73,97,11,17,214,1,1,0,1,1,1,6,0,0,1,0,0,0,0,0,1,0,0,3,0.47,0,0,0
Sphinx of the Chimes,20,69,89,12,17,207,1,1,0,1,1,1,6,0,0,1,0,0,0,0,0,1,0,0,2,0.29,0,0,0
Sphinx of Uthuun,16,208,0,12,17,253,1,1,0,1,1,1,7,0,0,1,0,0,0,0,0,1,0,0,2,0.33,0,0,0
Sphinx of Uthuun,16,208,0,12,17,253,1,1,0,1,1,1,7,0,0,1,0,0,0,0,0,1,0,0,2,0.35,0,0,0
Sphinx Summoner,15,181,0,11,26,233,2,2,0,2,1,1,5,0,0,1,0,0,0,0,1,1,0,0,2,0.99,0,0,0
Sphinx-Bone Wand,16,212,44,15,8,295,0,0,0,1,0,1,7,0,0,1,0,0,0,0,1,0,0,0,0,0.42,0,0,0
Spike Tiller,12,285,0,13,16,326,1,1,0,1,1,1,5,0,0,1,0,0,0,0,0,1,0,0,2,0.4,0,0,0
Spikeshot Elder,15,88,108,4,24,239,1,1,0,1,2,1,1,0,0,1,0,0,0,0,0,1,0,0,1,0.37,0,0,0
Spine of Ish Sah,16,184,0,16,8,224,0,0,0,1,0,1,7,0,0,1,0,0,0,0,1,0,0,0,0,0.48,0,0,0
Spinerock Knoll,15,332,0,14,4,365,0,1,-1,1,0,1,0,0,0,1,0,0,0,0,0,0,1,0,0,1.08,1,0,0
Spire of Industry,17,148,65,9,4,243,0,0,0,1,0,1,0,0,0,1,0,0,0,0,0,0,1,0,0,2.99,1,0,0
Spirebluff Canal,16,130,75,13,4,238,0,2,-2,1,0,1,0,0,0,1,0,0,0,0,0,0,1,0,0,8.37,1,1,0
Spires of Orazca,16,153,42,13,4,228,0,0,0,1,0,1,2,0,0,1,0,0,0,0,0,0,1,0,0,0.95,0,0,0
Spirit Away,11,94,94,12,18,229,1,1,0,1,1,1,7,0,0,1,0,0,0,1,0,0,0,0,2,0.32,0,0,0
Spirit Bonds,12,306,23,13,11,365,1,1,0,1,0,1,2,0,0,1,0,0,0,1,0,0,0,0,1,0.38,0,0,0
Spirit of the Hearth,20,98,66,10,21,215,1,1,0,1,2,1,6,0,0,1,0,0,0,0,0,1,0,0,2,1.03,1,0,0
Spirit of the Hunt,18,143,47,18,22,248,1,1,0,1,2,1,3,0,0,1,0,0,0,0,0,1,0,0,2,0.34,0,0,0
Spirit of the Labyrinth,23,52,94,10,29,208,1,1,0,2,1,1,2,0,0,1,0,0,0,1,0,1,0,0,1,0.55,0,0,0
Spiteful Visions,16,162,80,17,11,286,2,2,0,1,0,1,4,0,0,1,0,0,0,1,0,0,0,0,2,0.65,0,0,0
Spitfire Bastion,16,150,56,11,14,247,0,1,-1,1,0,1,4,0,0,1,1,0,0,0,0,0,1,0,0,0.64,0,0,0
Spitting Image,14,166,79,10,7,276,2,2,0,1,0,1,6,0,0,1,0,0,1,0,0,0,0,0,2,1.04,1,0,0
Splendid Reclamation,20,68,86,11,7,192,1,1,0,1,0,1,4,0,0,1,0,0,1,0,0,0,0,0,1,0.81,0,0,0
Splinter Twin,13,163,38,11,18,243,1,1,0,1,1,1,4,0,0,1,0,0,0,1,0,0,0,0,2,4.99,1,0,0
Splinterfright,14,202,0,14,20,250,1,1,0,1,1,1,3,0,0,1,0,0,0,0,0,1,0,0,1,0.38,0,0,0
Spoils of the Vault,19,227,0,14,7,267,1,1,0,1,0,1,1,0,0,1,0,1,0,0,0,0,0,0,1,3.46,1,0,0
Springjack Pasture,18,169,0,14,4,205,0,0,0,1,0,1,0,0,0,1,0,0,0,0,0,0,1,0,0,1.75,1,0,0
Sprite Noble,12,131,88,14,17,262,1,1,0,1,1,1,3,0,0,1,0,0,0,0,0,1,0,0,2,0.48,0,0,0
Sprouting Phytohydra,20,147,70,14,22,273,1,1,0,1,2,1,5,0,0,1,0,0,0,0,0,1,0,0,1,2.07,1,0,0
Squall Line,11,72,139,15,7,244,1,1,0,1,0,1,2,0,0,1,0,1,0,0,0,0,0,0,2,0.49,0,0,0
Squee  Goblin Nabob,19,101,105,12,27,264,1,1,0,1,1,1,3,0,0,1,1,0,0,0,0,1,0,0,1,3.58,1,0,0
Sram  Senior Edificer,21,68,133,10,34,266,1,1,0,1,2,1,2,0,0,1,1,0,0,0,0,1,0,0,1,0.71,0,0,0
Sram's Expertise,16,158,93,13,7,287,1,1,0,1,0,1,4,0,0,1,0,0,1,0,0,0,0,0,2,0.71,0,0,0
Staff of Domination,19,145,0,12,8,184,0,0,0,1,0,1,3,0,0,1,0,0,0,0,1,0,0,0,0,24.39,1,1,1
Staff of Nin,12,108,109,9,8,246,0,0,0,1,0,1,6,0,0,1,0,0,0,0,1,0,0,0,0,0.84,0,0,0
Stain the Mind,14,329,0,15,7,365,1,1,0,1,0,1,5,0,0,1,0,0,1,0,0,0,0,0,1,0.35,0,0,0
Stalking Vengeance,18,102,98,17,17,252,1,1,0,1,1,1,7,0,0,1,0,0,0,0,0,1,0,0,2,0.71,0,0,0
Steam Augury,12,179,70,12,7,280,2,2,0,1,0,1,4,0,0,1,0,1,0,0,0,0,0,0,2,0.26,0,0,0
Steam Vents,11,156,44,13,22,246,0,2,-2,1,2,1,0,0,0,1,0,0,0,0,0,0,1,0,0,14.48,1,1,1
Steam Vents,11,156,0,13,22,202,0,2,-2,1,2,1,0,0,0,1,0,0,0,0,0,0,1,0,0,18.95,1,1,1
Steamflogger Boss,17,153,64,11,24,269,1,1,0,1,2,1,4,0,0,1,0,0,0,0,0,1,0,0,1,2.02,1,0,0
Steel Hellkite,14,232,0,11,26,283,0,0,0,2,1,1,6,0,0,1,0,0,0,0,1,1,0,0,0,0.97,0,0,0
Steel Overseer,14,63,117,10,29,233,0,0,0,2,1,1,2,0,0,1,0,0,0,0,1,1,0,0,0,15.52,1,1,1
Steelshaper Apprentice,22,175,77,15,24,313,1,1,0,1,2,1,4,0,0,1,0,0,0,0,0,1,0,0,2,0.64,0,0,0
Stenchskipper,13,92,151,11,20,287,1,1,0,1,1,1,4,0,0,1,0,0,0,0,0,1,0,0,1,0.35,0,0,0
Stensia Bloodhall,17,98,60,9,4,188,0,2,-2,1,0,1,0,0,0,1,0,0,0,0,0,0,1,0,0,0.31,0,0,0
Stigma Lasher,13,173,57,14,27,284,1,1,0,1,2,1,2,0,0,1,0,0,0,0,0,1,0,0,2,6.58,1,1,0
Stillmoon Cavalier,18,219,0,19,24,280,2,2,0,1,2,1,3,0,0,1,0,0,0,0,0,1,0,0,2,3.79,1,0,0
Stirring Wildwood,17,215,0,14,4,250,0,2,-2,1,0,1,0,0,0,1,0,0,0,0,0,0,1,0,0,1.39,1,0,0
Stitch in Time,14,68,65,10,7,164,2,2,0,1,0,1,3,0,0,1,0,0,1,0,0,0,0,0,2,3.84,1,0,0
Stitcher's Graft,16,222,0,9,20,267,0,0,0,1,1,1,1,0,0,1,0,0,0,0,1,0,0,0,0,0.34,0,0,0
Stoic Angel,11,86,91,11,16,215,3,3,0,1,1,1,4,0,0,1,0,0,0,0,0,1,0,0,3,1.25,1,0,0
Stolen Goods,12,174,0,17,7,210,1,1,0,1,0,1,4,0,0,1,0,0,1,0,0,0,0,0,1,0.32,0,0,0
Stolen Identity,15,276,0,13,7,311,1,1,0,1,0,1,6,0,0,1,0,0,1,0,0,0,0,0,2,0.48,0,0,0
Stomping Ground,15,164,72,13,22,286,0,2,-2,1,2,1,0,0,0,1,0,0,0,0,0,0,1,0,0,14.24,1,1,1
Stomping Ground,15,164,0,13,22,214,0,2,-2,1,2,1,0,0,0,1,0,0,0,0,0,0,1,0,0,19.42,1,1,1
Stone Haven Outfitter,21,102,76,15,29,243,1,1,0,1,3,1,2,0,0,1,0,0,0,0,0,1,0,0,1,0.37,0,0,0
Stone Idol Trap,15,188,0,9,14,226,1,1,0,1,1,1,6,0,0,1,0,1,0,0,0,0,0,0,1,0.32,0,0,0
Stonebrow  Krosan Hero,22,94,124,10,36,286,2,2,0,1,2,1,5,0,0,1,1,0,0,0,0,1,0,0,2,0.58,0,0,0
Stoneforge Masterwork,21,111,110,9,20,271,0,0,0,1,1,1,1,0,0,1,0,0,0,0,1,0,0,0,0,0.67,0,0,0
Stoneforge Mystic,17,238,0,11,24,290,1,1,0,1,2,1,2,0,0,1,0,0,0,0,0,1,0,0,1,18.4,1,1,1
Stonehewer Giant,16,161,66,14,24,281,1,1,0,1,2,1,5,0,0,1,0,0,0,0,0,1,0,0,2,6.6,1,1,0
Stonewood Invocation,20,241,64,12,7,344,1,1,0,1,0,1,4,0,0,1,0,1,0,0,0,0,0,0,1,0.56,0,0,0
Stony Silence,13,52,77,13,11,166,1,1,0,1,0,1,2,0,0,1,0,0,0,1,0,0,0,0,1,5.31,1,1,0
Storage Matrix,14,184,0,10,8,216,0,0,0,1,0,1,3,0,0,1,0,0,0,0,1,0,0,0,0,0.75,0,0,0
Storm Herd,10,83,132,10,7,242,1,1,0,1,0,1,10,0,0,1,0,0,1,0,0,0,0,0,2,2.47,1,0,0
Stormscale Anarch,17,205,0,13,26,261,1,1,0,1,2,1,4,0,0,1,0,0,0,0,0,1,0,0,2,0.33,0,0,0
Stormtide Leviathan,19,200,0,13,20,252,1,1,0,1,1,1,8,0,0,1,0,0,0,0,0,1,0,0,3,0.37,0,0,0
Stormtide Leviathan,19,200,0,13,20,252,1,1,0,1,1,1,8,0,0,1,0,0,0,0,0,1,0,0,3,0.39,0,0,0
Stormtide Leviathan,19,200,0,13,20,252,1,1,0,1,1,1,8,0,0,1,0,0,0,0,0,1,0,0,3,0.44,0,0,0
Story Circle,12,175,0,12,11,210,1,1,0,1,0,1,3,0,0,1,0,0,0,1,0,0,0,0,2,0.85,0,0,0
Story Circle,12,175,0,12,11,210,1,1,0,1,0,1,3,0,0,1,0,0,0,1,0,0,0,0,2,0.88,0,0,0
Story Circle,12,175,0,14,11,212,1,1,0,1,0,1,3,0,0,1,0,0,0,1,0,0,0,0,2,1.61,1,0,0
Strata Scythe,13,237,0,10,20,280,0,0,0,1,1,1,3,0,0,1,0,0,0,0,1,0,0,0,0,0.36,0,0,0
Stratus Dancer,14,244,0,22,21,301,1,1,0,1,2,1,2,0,0,1,0,0,0,0,0,1,0,0,1,0.49,0,0,0
Strength of the Tajuru,22,238,0,19,7,286,1,1,0,1,0,1,2,0,0,1,0,1,0,0,0,0,0,0,2,0.37,0,0,0
Strionic Resonator,18,159,108,12,8,305,0,0,0,1,0,1,2,0,0,1,0,0,0,0,1,0,0,0,0,4.98,1,0,0
Stromkirk Condemned,19,108,93,17,25,262,1,1,0,1,2,1,2,0,0,1,0,0,0,0,0,1,0,0,2,0.43,0,0,0
Stromkirk Noble,15,128,46,11,18,218,1,1,0,1,1,1,1,0,0,1,0,0,0,0,0,1,0,0,1,0.67,0,0,0
Stromkirk Occultist,19,287,0,17,25,348,1,1,0,1,2,1,3,0,0,1,0,0,0,0,0,1,0,0,1,0.38,0,0,0
Stronghold Overseer,19,200,0,9,16,244,1,1,0,1,1,1,6,0,0,1,0,0,0,0,0,1,0,0,3,0.58,0,0,0
Student of Warfare,18,130,0,11,23,182,1,1,0,1,2,1,1,0,0,1,0,0,0,0,0,1,0,0,1,3.75,1,0,0
Stuffy Doll,11,199,0,12,29,251,0,0,0,2,1,1,5,0,0,1,0,0,0,0,1,1,0,0,0,2.94,1,0,0
Stuffy Doll,11,199,0,11,29,250,0,0,0,2,1,1,5,0,0,1,0,0,0,0,1,1,0,0,0,3.12,1,0,0
Sturmgeist,10,157,0,14,17,198,1,1,0,1,1,1,5,0,0,1,0,0,0,0,0,1,0,0,2,0.32,0,0,0
Sudden Disappearance,20,162,0,12,7,201,1,1,0,1,0,1,6,0,0,1,0,0,1,0,0,0,0,0,1,0.33,0,0,0
Sudden Spoiling,15,239,0,12,7,273,1,1,0,1,0,1,3,0,0,1,0,1,0,0,0,0,0,0,2,0.94,0,0,0
Sulfur Falls,12,125,81,12,4,234,0,2,-2,1,0,1,0,0,0,1,0,0,0,0,0,0,1,0,0,8.48,1,1,0
Sulfurous Springs,17,111,0,13,4,145,0,2,-2,1,0,1,0,0,0,1,0,0,0,0,0,0,1,0,0,4.62,1,0,0
Sulfurous Springs,17,111,0,13,4,145,0,2,-2,1,0,1,0,0,0,1,0,0,0,0,0,0,1,0,0,6.08,1,1,0
Sultai Ascendancy,17,173,0,13,11,214,3,3,0,1,0,1,3,0,0,1,0,0,0,1,0,0,0,0,3,0.32,0,0,0
Summary Dismissal,17,49,30,13,7,116,1,1,0,1,0,1,4,0,0,1,0,1,0,0,0,0,0,0,2,0.51,0,0,0
Summoner's Egg,14,229,0,10,29,282,0,0,0,2,1,1,4,0,0,1,0,0,0,0,1,1,0,0,0,1.15,1,0,0
Summoner's Pact,15,197,0,6,7,225,1,1,0,1,0,1,0,0,0,1,0,1,0,0,0,0,0,0,0,18.14,1,1,1
Summoning Station,17,151,0,14,8,190,0,0,0,1,0,1,7,0,0,1,0,0,0,0,1,0,0,0,0,0.93,0,0,0
Summoning Trap,14,326,0,13,14,367,1,1,0,1,1,1,6,0,0,1,0,1,0,0,0,0,0,0,2,0.88,0,0,0
Sunbird's Invocation,20,291,0,14,11,336,1,1,0,1,0,1,6,0,0,1,0,0,0,1,0,0,0,0,1,0.95,0,0,0
Sunblast Angel,14,80,50,10,16,170,1,1,0,1,1,1,6,0,0,1,0,0,0,0,0,1,0,0,2,0.68,0,0,0
Sun-Blessed Mount,17,223,70,11,19,340,2,2,0,1,1,1,5,0,0,1,0,0,0,0,0,1,0,0,2,0.77,0,0,0
Sunbringer's Touch,18,260,0,14,7,299,1,1,0,1,0,1,4,0,0,1,0,0,1,0,0,0,0,0,2,0.35,0,0,0
Suncrusher,10,265,0,11,29,315,0,0,0,2,1,1,9,0,0,1,0,0,0,0,1,1,0,0,0,0.34,0,0,0
Sundering Titan,15,135,0,10,25,185,0,0,0,2,1,1,8,0,0,1,0,0,0,0,1,1,0,0,0,3.59,1,0,0
Sundial of the Infinite,23,226,0,13,8,270,0,0,0,1,0,1,2,0,0,1,0,0,0,0,1,0,0,0,0,2.71,1,0,0
Sunforger,9,230,0,13,20,272,0,2,-2,1,1,1,3,0,0,1,0,0,0,0,1,0,0,0,0,0.89,0,0,0
Sunken Hollow,13,128,97,13,19,270,0,2,-2,1,2,1,0,0,0,1,0,0,0,0,0,0,1,0,0,1.99,1,0,0
Sunken Hope,11,112,123,11,11,268,1,1,0,1,0,1,5,0,0,1,0,0,0,1,0,0,0,0,2,0.35,0,0,0
Sunken Ruins,12,92,122,11,4,241,0,2,-2,1,0,1,0,0,0,1,0,0,0,0,0,0,1,0,0,18.65,1,1,1
Sunpetal Grove,14,124,88,7,4,237,0,2,-2,1,0,1,0,0,0,1,0,0,0,0,0,0,1,0,0,2.29,1,0,0
Sunpetal Grove,14,124,0,10,4,152,0,2,-2,1,0,1,0,0,0,1,0,0,0,0,0,0,1,0,0,2.5,1,0,0
Sunpetal Grove,14,124,0,10,4,152,0,2,-2,1,0,1,0,0,0,1,0,0,0,0,0,0,1,0,0,2.53,1,0,0
Sunpetal Grove,14,124,0,10,4,152,0,2,-2,1,0,1,0,0,0,1,0,0,0,0,0,0,1,0,0,2.56,1,0,0
Sunpetal Grove,14,124,0,10,4,152,0,2,-2,1,0,1,0,0,0,1,0,0,0,0,0,0,1,0,0,2.56,1,0,0
Sunrise Sovereign,17,61,173,16,24,291,1,1,0,1,2,1,6,0,0,1,0,0,0,0,0,1,0,0,1,0.48,0,0,0
Sunscorch Regent,16,103,96,12,17,244,1,1,0,1,1,1,5,0,0,1,0,0,0,0,0,1,0,0,2,0.71,0,0,0
Sunscour,8,105,0,10,7,130,1,1,0,1,0,1,7,0,0,1,0,0,1,0,0,0,0,0,2,0.89,0,0,0
Sunweb,6,96,64,12,15,193,1,1,0,1,1,1,4,0,0,1,0,0,0,0,0,1,0,0,1,0.39,0,0,0
Supplant Form,13,94,83,13,7,210,1,1,0,1,0,1,6,0,0,1,0,1,0,0,0,0,0,0,2,0.34,0,0,0
Supreme Exemplar,16,197,0,10,20,243,1,1,0,1,1,1,7,0,0,1,0,0,0,0,0,1,0,0,1,0.44,0,0,0
Supreme Verdict,15,58,129,10,7,219,2,2,0,1,0,1,4,0,0,1,0,0,1,0,0,0,0,0,3,4.74,1,0,0
Surgespanner,12,113,86,11,25,247,1,1,0,1,2,1,4,0,0,1,0,0,0,0,0,1,0,0,2,4.99,1,0,0
Surgical Extraction,19,276,0,15,7,317,1,1,0,1,0,1,1,0,0,1,0,1,0,0,0,0,0,0,1,19.3,1,1,1
Surrak  the Hunt Caller,23,168,39,11,34,275,1,1,0,1,2,1,4,0,0,1,1,0,0,0,0,1,0,0,2,0.43,0,0,0
Surrakar Spellblade,19,231,0,12,19,281,1,1,0,1,1,1,3,0,0,1,0,0,0,0,0,1,0,0,2,0.35,0,0,0
Sutured Ghoul,13,227,0,14,17,271,1,1,0,1,1,1,7,0,0,1,0,0,0,0,0,1,0,0,3,0.32,0,0,0
Swan Song,9,121,78,16,7,231,1,1,0,1,0,1,1,0,0,1,0,1,0,0,0,0,0,0,1,2.24,1,0,0
Swans of Bryn Argoll,20,158,52,12,22,264,2,2,0,1,2,1,4,0,0,1,0,0,0,0,0,1,0,0,2,2.2,1,0,0
Swarm Intelligence,18,112,105,16,11,262,1,1,0,1,0,1,7,0,0,1,0,0,0,1,0,0,0,0,1,0.38,0,0,0
Swarmyard,9,88,122,14,4,237,0,0,0,1,0,1,0,0,0,1,0,0,0,0,0,0,1,0,0,9.54,1,1,0
Sway of the Stars,17,163,0,14,7,201,1,1,0,1,0,1,10,0,0,1,0,0,1,0,0,0,0,0,2,0.44,0,0,0
Sweltering Suns,15,99,85,16,7,222,1,1,0,1,0,1,3,0,0,1,0,0,1,0,0,0,0,0,2,1.45,1,0,0
Swift Silence,13,72,85,12,7,189,2,2,0,1,0,1,5,0,0,1,0,1,0,0,0,0,0,0,3,0.4,0,0,0
Swirl the Mists,15,167,0,12,11,205,1,1,0,1,0,1,4,0,0,1,0,0,0,1,0,0,0,0,2,0.37,0,0,0
Sword of Fire and Ice,21,228,0,8,20,277,0,0,0,1,1,1,3,0,0,1,0,0,0,0,1,0,0,0,0,43.05,1,1,1
Sword of Kaldra,15,333,0,15,30,393,0,0,0,1,1,1,4,0,0,1,1,0,0,0,1,0,0,0,0,6.42,1,1,0
Sword of Light and Shadow,25,244,0,8,20,297,0,0,0,1,1,1,3,0,0,1,0,0,0,0,1,0,0,0,0,27.3,1,1,1
Sword of the Animist,20,189,43,16,30,298,0,0,0,1,1,1,2,0,0,1,1,0,0,0,1,0,0,0,0,2.09,1,0,0
Sword of the Paruns,19,218,0,15,20,272,0,0,0,1,1,1,4,0,0,1,0,0,0,0,1,0,0,0,0,0.53,0,0,0
Sword of Vengeance,18,91,93,9,20,231,0,0,0,1,1,1,3,0,0,1,0,0,0,0,1,0,0,0,0,0.86,0,0,0
Sword-Point Diplomacy,21,151,53,14,7,246,1,1,0,1,0,1,3,0,0,1,0,0,1,0,0,0,0,0,1,0.4,0,0,0
Sygg  River Cutthroat,21,131,104,13,34,303,2,2,0,1,2,1,2,0,0,1,1,0,0,0,0,1,0,0,2,4.3,1,0,0
Sygg  River Guide,17,192,124,16,35,384,2,2,0,1,2,1,2,0,0,1,1,0,0,0,0,1,0,0,2,0.63,0,0,0
Sylvan Advocate,15,109,75,11,25,235,1,1,0,1,3,1,2,0,0,1,0,0,0,0,0,1,0,0,1,0.75,0,0,0
Sylvan Caryatid,15,68,116,11,16,226,1,1,0,1,1,1,2,0,0,1,0,0,0,0,0,1,0,0,1,1.94,1,0,0
Sylvan Primordial,17,281,0,18,17,333,1,1,0,1,1,1,7,0,0,1,0,0,0,0,0,1,0,0,2,0.42,0,0,0
Syndicate Trafficker,20,115,66,9,27,237,1,1,0,1,2,1,2,0,0,1,0,0,0,0,0,1,0,0,1,0.34,0,0,0
Synod Artificer,15,93,119,8,29,264,1,1,0,1,2,1,3,0,0,1,0,0,0,0,0,1,0,0,1,0.35,0,0,0
Syphon Sliver,13,131,69,14,17,244,1,1,0,1,1,1,3,0,0,1,0,0,0,0,0,1,0,0,1,2.08,1,0,0
Szadek  Lord of Secrets,23,217,0,15,28,283,2,2,0,1,1,1,7,0,0,1,1,0,0,0,0,1,0,0,4,0.79,0,0,0
Tainted Remedy,14,73,59,4,11,161,1,1,0,1,0,1,3,0,0,1,0,0,0,1,0,0,0,0,1,0.91,0,0,0
Tajic  Blade of the Legion,26,139,70,11,34,280,2,2,0,1,2,1,4,0,0,1,1,0,0,0,0,1,0,0,2,0.69,0,0,0
Tajuru Preserver,16,84,77,7,21,205,1,1,0,1,2,1,2,0,0,1,0,0,0,0,0,1,0,0,1,1.92,1,0,0
Take Possession,15,180,0,17,18,230,1,1,0,1,1,1,7,0,0,1,0,0,0,1,0,0,0,0,2,0.43,0,0,0
Takeno  Samurai General,23,179,0,12,34,248,1,1,0,1,2,1,6,0,0,1,1,0,0,0,0,1,0,0,1,0.56,0,0,0
Talara's Battalion,18,82,158,13,22,293,1,1,0,1,2,1,2,0,0,1,0,0,0,0,0,1,0,0,1,2.93,1,0,0
Talent of the Telepath,22,376,0,16,7,421,1,1,0,1,0,1,4,0,0,1,0,0,1,0,0,0,0,0,2,0.49,0,0,0
Talrand  Sky Summoner,21,98,111,15,35,280,1,1,0,1,2,1,4,0,0,1,1,0,0,0,0,1,0,0,2,0.88,0,0,0
Talus Paladin,13,196,70,15,28,322,1,1,0,1,3,1,4,0,0,1,0,0,0,0,0,1,0,0,1,1.15,1,0,0
Tamanoa,7,80,91,7,17,202,3,3,0,1,1,1,3,0,0,1,0,0,0,0,0,1,0,0,3,0.7,0,0,0
Tamiyo's Journal,16,256,49,11,18,350,0,0,0,1,0,1,5,0,0,1,1,0,0,0,1,0,0,0,0,0.44,0,0,0
Tangleroot,10,87,129,12,8,246,0,1,-1,1,0,1,3,0,0,1,0,0,0,0,1,0,0,0,0,0.42,0,0,0
Tar Fiend,9,265,0,17,20,311,1,1,0,1,1,1,6,0,0,1,0,0,0,0,0,1,0,0,1,0.37,0,0,0
Tarmogoyf,9,134,0,13,19,175,1,1,0,1,1,1,2,0,0,1,0,0,0,0,0,1,0,0,1,92.02,1,1,1
Tarox Bladewing,15,136,81,14,27,273,1,1,0,1,1,1,5,0,0,1,1,0,0,0,0,1,0,0,3,0.47,0,0,0
Tasigur  the Golden Fang,24,245,0,10,33,312,1,3,-2,1,2,1,6,0,0,1,1,0,0,0,0,1,0,0,1,2.05,1,0,0
Tatsumasa  the Dragon's Fang,28,224,0,17,30,299,0,0,0,1,1,1,6,0,0,1,1,0,0,0,1,0,0,0,0,2.61,1,0,0
Taurean Mauler,14,129,87,16,23,269,1,1,0,1,1,1,3,0,0,1,0,0,0,0,0,1,0,0,1,1.44,1,0,0
Teferi  Mage of Zhalfir,23,209,47,36,33,348,1,1,0,1,2,1,5,0,0,1,1,0,0,0,0,1,0,0,3,8.6,1,1,0
Teferi's Puzzle Box,19,168,0,15,8,210,0,0,0,1,0,1,4,0,0,1,0,0,0,0,1,0,0,0,0,6.32,1,1,0
Teferi's Puzzle Box,19,168,0,15,8,210,0,0,0,1,0,1,4,0,0,1,0,0,0,0,1,0,0,0,0,6.99,1,1,0
Telemin Performance,19,261,0,4,7,291,1,1,0,1,0,1,5,0,0,1,0,0,1,0,0,0,0,0,2,1.45,1,0,0
Temmet  Vizier of Naktamun,26,323,0,15,33,397,2,2,0,1,2,1,2,0,0,1,1,0,0,0,0,1,0,0,2,0.33,0,0,0
Tempered Steel,14,41,109,14,11,189,1,1,0,1,0,1,3,0,0,1,0,0,0,1,0,0,0,0,2,1.54,1,0,0
Temple Bell,11,30,109,10,8,168,0,0,0,1,0,1,3,0,0,1,0,0,0,0,1,0,0,0,0,0.67,0,0,0
Temple Garden,13,160,72,11,20,276,0,2,-2,1,2,1,0,0,0,1,0,0,0,0,0,0,1,0,0,9.98,1,1,0
Temple Garden,13,160,0,13,20,206,0,2,-2,1,2,1,0,0,0,1,0,0,0,0,0,0,1,0,0,14.27,1,1,1
Temple of Abandon,17,235,0,11,4,267,0,2,-2,1,0,1,0,0,0,1,0,0,0,0,0,0,1,0,0,0.72,0,0,0
Temple of Aclazotz,18,157,83,7,14,279,0,1,-1,1,0,1,2,0,0,1,1,0,0,0,0,0,1,0,0,0.74,0,0,0
Temple of Deceit,16,233,0,16,4,269,0,2,-2,1,0,1,0,0,0,1,0,0,0,0,0,0,1,0,0,2.1,1,0,0
Temple of Enlightenment,23,247,0,15,4,289,0,2,-2,1,0,1,0,0,0,1,0,0,0,0,0,0,1,0,0,2.8,1,0,0
Temple of Epiphany,18,237,0,12,4,271,0,2,-2,1,0,1,0,0,0,1,0,0,0,0,0,0,1,0,0,3.9,1,0,0
Temple of Malady,16,233,0,11,4,264,0,2,-2,1,0,1,0,0,0,1,0,0,0,0,0,0,1,0,0,2.15,1,0,0
Temple of Malice,16,233,0,10,4,263,0,2,-2,1,0,1,0,0,0,1,0,0,0,0,0,0,1,0,0,2.44,1,0,0
Temple of Mystery,17,235,0,12,4,268,0,2,-2,1,0,1,0,0,0,1,0,0,0,0,0,0,1,0,0,1,1,0,0
Temple of Plenty,16,233,0,12,4,265,0,2,-2,1,0,1,0,0,0,1,0,0,0,0,0,0,1,0,0,1.82,1,0,0
Temple of Silence,17,235,0,13,4,269,0,2,-2,1,0,1,0,0,0,1,0,0,0,0,0,0,1,0,0,1.61,1,0,0
Temple of Triumph,17,235,0,11,4,267,0,2,-2,1,0,1,0,0,0,1,0,0,0,0,0,0,1,0,0,1.44,1,0,0
Temporal Adept,14,60,102,11,23,210,1,1,0,1,2,1,3,0,0,1,0,0,0,0,0,1,0,0,2,0.53,0,0,0
Temporal Adept,14,60,148,10,23,255,1,1,0,1,2,1,3,0,0,1,0,0,0,0,0,1,0,0,2,0.75,0,0,0
Temporal Cascade,16,178,0,9,7,210,1,1,0,1,0,1,7,0,0,1,0,0,1,0,0,0,0,0,2,0.37,0,0,0
Temporal Extortion,18,167,97,15,7,304,1,1,0,1,0,1,4,0,0,1,0,0,1,0,0,0,0,0,4,4.22,1,0,0
Temur Ascendancy,16,141,0,11,11,179,3,3,0,1,0,1,3,0,0,1,0,0,0,1,0,0,0,0,3,0.46,0,0,0
Temur War Shaman,16,347,0,9,23,395,1,1,0,1,2,1,6,0,0,1,0,0,0,0,0,1,0,0,2,0.33,0,0,0
Tendo Ice Bridge,16,197,0,13,4,230,0,0,0,1,0,1,0,0,0,1,0,0,0,0,0,0,1,0,0,3.95,1,0,0
Teneb  the Harvester,20,183,0,29,27,259,3,3,0,1,1,1,6,0,0,1,1,0,0,0,0,1,0,0,3,1.56,1,0,0
Terastodon,10,208,0,15,19,252,1,1,0,1,1,1,8,0,0,1,0,0,0,0,0,1,0,0,2,0.43,0,0,0
Terminus,8,177,0,11,7,203,1,1,0,1,0,1,6,0,0,1,0,0,1,0,0,0,0,0,2,1.23,1,0,0
Terra Eternal,13,30,146,16,11,216,1,1,0,1,0,1,3,0,0,1,0,0,0,1,0,0,0,0,1,0.49,0,0,0
Terra Stomper,13,140,89,11,16,269,1,1,0,1,1,1,6,0,0,1,0,0,0,0,0,1,0,0,3,0.49,0,0,0
Terra Stomper,13,140,114,11,16,294,1,1,0,1,1,1,6,0,0,1,0,0,0,0,0,1,0,0,3,0.5,0,0,0
Terra Stomper,13,140,114,11,16,294,1,1,0,1,1,1,6,0,0,1,0,0,0,0,0,1,0,0,3,0.55,0,0,0
Territorial Gorger,18,108,142,13,18,299,1,1,0,1,1,1,4,0,0,1,0,0,0,0,0,1,0,0,1,0.3,0,0,0
Terror of Kruin Pass,20,218,0,12,19,269,1,1,0,1,1,1,3,0,0,1,0,0,0,0,0,1,0,0,0,1.2,1,0,0
Teysa  Envoy of Ghosts,22,171,0,11,34,238,2,2,0,1,2,1,7,0,0,1,1,0,0,0,0,1,0,0,2,0.36,0,0,0
Teysa  Orzhov Scion,19,159,0,13,34,225,2,2,0,1,2,1,3,0,0,1,1,0,0,0,0,1,0,0,2,3.14,1,0,0
Tezzeret's Betrayal,19,200,70,14,7,310,2,2,0,1,0,1,5,0,0,1,0,0,1,0,0,0,0,0,2,0.32,0,0,0
Thada Adel  Acquisitor,22,309,0,15,34,380,1,1,0,1,2,1,3,0,0,1,1,0,0,0,0,1,0,0,2,1.59,1,0,0
Thalia  Guardian of Thraben,27,54,74,29,34,218,1,1,0,1,2,1,2,0,0,1,1,0,0,0,0,1,0,0,1,19.34,1,1,1
Thalia  Heretic Cathar,22,94,111,17,34,278,1,1,0,1,2,1,3,0,0,1,1,0,0,0,0,1,0,0,1,1.89,1,0,0
Thalia's Lancers,16,169,44,13,23,265,1,1,0,1,2,1,5,0,0,1,0,0,0,0,0,1,0,0,2,0.62,0,0,0
Thalia's Lieutenant,19,211,0,13,24,267,1,1,0,1,2,1,2,0,0,1,0,0,0,0,0,1,0,0,1,2,1,0,0
That Which Was Taken,20,150,110,8,18,306,0,0,0,1,0,1,5,0,0,1,1,0,0,0,1,0,0,0,0,3.75,1,0,0
Thaumatic Compass,17,213,67,13,8,318,0,0,0,1,0,1,2,0,0,1,0,0,0,0,1,0,0,0,0,0.95,0,0,0
The Hive,8,151,78,11,8,256,0,0,0,1,0,1,5,0,0,1,0,0,0,0,1,0,0,0,0,0.33,0,0,0
The Unspeakable,15,141,89,8,27,280,1,1,0,1,1,1,9,0,0,1,1,0,0,0,0,1,0,0,3,0.42,0,0,0
Thelon of Havenwood,19,162,86,10,30,307,1,2,-1,1,2,1,2,0,0,1,1,0,0,0,0,1,0,0,2,0.5,0,0,0
Thelonite Hermit,16,243,0,6,21,286,1,1,0,1,2,1,4,0,0,1,0,0,0,0,0,1,0,0,1,0.52,0,0,0
Thespian's Stage,16,112,104,9,4,245,0,0,0,1,0,1,0,0,0,1,0,0,0,0,0,0,1,0,0,2.81,1,0,0
Thieves' Auction,16,229,0,12,7,264,1,1,0,1,0,1,7,0,0,1,0,0,1,0,0,0,0,0,3,2.37,1,0,0
Thing in the Ice,16,222,0,15,17,270,1,1,0,1,1,1,2,0,0,1,0,0,0,0,0,1,0,0,1,2.99,1,0,0
Thistledown Liege,17,94,62,8,25,206,2,2,0,1,2,1,4,0,0,1,0,0,0,0,0,1,0,0,3,1.85,1,0,0
Thopter Assembly,16,215,0,11,27,269,0,0,0,2,1,1,6,0,0,1,0,0,0,0,1,1,0,0,0,0.91,0,0,0
Thopter Spy Network,19,225,0,9,11,264,1,1,0,1,0,1,4,0,0,1,0,0,0,1,0,0,0,0,2,0.77,0,0,0
Thorn Elemental,15,83,68,7,20,193,1,1,0,1,1,1,7,0,0,1,0,0,0,0,0,1,0,0,2,0.5,0,0,0
Thorn of Amethyst,17,41,83,12,8,161,0,0,0,1,0,1,2,0,0,1,0,0,0,0,1,0,0,0,0,17.05,1,1,1
Thorncaster Sliver,18,115,76,14,17,240,1,1,0,1,1,1,5,0,0,1,0,0,0,0,0,1,0,0,1,0.65,0,0,0
Thought Dissector,17,332,0,12,8,369,0,0,0,1,0,1,4,0,0,1,0,0,0,0,1,0,0,0,0,0.38,0,0,0
Thought Gorger,14,221,0,11,17,263,1,1,0,1,1,1,4,0,0,1,0,0,0,0,0,1,0,0,2,0.36,0,0,0
Thought Hemorrhage,18,310,0,6,7,341,2,2,0,1,0,1,4,0,0,1,0,0,1,0,0,0,0,0,2,0.35,0,0,0
Thought Reflection,18,49,66,28,11,172,1,1,0,1,0,1,7,0,0,1,0,0,0,1,0,0,0,0,3,0.88,0,0,0
Thought-Knot Seer,17,252,0,15,18,302,0,0,0,1,1,1,4,0,0,1,0,0,0,0,0,1,0,0,1,6.99,1,1,0
Thoughts of Ruin,16,57,126,9,7,215,1,1,0,1,0,1,4,0,0,1,0,0,1,0,0,0,0,0,2,0.4,0,0,0
Thoughtseize,12,122,97,14,7,252,1,1,0,1,0,1,1,0,0,1,0,0,1,0,0,0,0,0,1,15.65,1,1,1
Thoughtseize,12,122,119,14,7,274,1,1,0,1,0,1,1,0,0,1,0,0,1,0,0,0,0,0,1,30.98,1,1,1
Thoughtweft Trio,16,261,0,14,26,317,1,1,0,1,2,1,4,0,0,1,0,0,0,0,0,1,0,0,2,0.49,0,0,0
Thousand Winds,14,226,0,16,20,276,1,1,0,1,1,1,6,0,0,1,0,0,0,0,0,1,0,0,2,0.33,0,0,0
Thousand-Year Elixir,20,121,93,16,8,258,0,0,0,1,0,1,3,0,0,1,0,0,0,0,1,0,0,0,0,5.3,1,1,0
Thraben Doomsayer,17,135,89,11,23,275,1,1,0,1,2,1,3,0,0,1,0,0,0,0,0,1,0,0,2,0.97,0,0,0
Thragtusk,9,135,51,9,16,220,1,1,0,1,1,1,5,0,0,1,0,0,0,0,0,1,0,0,1,1.63,1,0,0
Thran Golem,11,93,111,10,25,250,0,0,0,2,1,1,5,0,0,1,0,0,0,0,1,1,0,0,0,0.33,0,0,0
Threads of Disloyalty,21,83,145,17,18,284,1,1,0,1,1,1,3,0,0,1,0,0,0,1,0,0,0,0,2,4.63,1,0,0
Three Dreams,12,137,107,10,7,273,1,1,0,1,0,1,5,0,0,1,0,0,1,0,0,0,0,0,1,1.28,1,0,0
Throne of Empires,17,160,58,9,8,252,0,0,0,1,0,1,4,0,0,1,0,0,0,0,1,0,0,0,0,0.33,0,0,0
Throne of the God-Pharaoh,25,112,199,12,18,366,0,0,0,1,0,1,2,0,0,1,1,0,0,0,1,0,0,0,0,0.56,0,0,0
Through the Breach,18,329,0,13,16,376,1,1,0,1,1,1,5,0,0,1,0,1,0,0,0,0,0,0,1,44.5,1,1,1
Thrumming Stone,15,251,0,13,18,297,0,0,0,1,0,1,5,0,0,1,1,0,0,0,1,0,0,0,0,7.5,1,1,0
Thunderblade Charge,19,267,0,13,7,306,1,1,0,1,0,1,3,0,0,1,0,0,1,0,0,0,0,0,2,0.38,0,0,0
Thunderblust,12,224,0,9,20,265,1,1,0,1,1,1,5,0,0,1,0,0,0,0,0,1,0,0,3,0.75,0,0,0
Thunderbreak Regent,19,150,65,13,17,264,1,1,0,1,1,1,4,0,0,1,0,0,0,0,0,1,0,0,2,1.85,1,0,0
Thundermare,11,136,66,12,26,251,1,1,0,1,2,1,6,0,0,1,0,0,0,0,0,1,0,0,1,0.51,0,0,0
Tibor and Lumia,15,174,48,10,33,280,2,2,0,1,2,1,4,0,0,1,1,0,0,0,0,1,0,0,2,0.38,0,0,0
Tidal Kraken,12,30,109,19,17,187,1,1,0,1,1,1,8,0,0,1,0,0,0,0,0,1,0,0,3,0.48,0,0,0
Tidal Kraken,12,30,109,19,17,187,1,1,0,1,1,1,8,0,0,1,0,0,0,0,0,1,0,0,3,0.64,0,0,0
Tide of War,11,204,0,14,11,240,1,1,0,1,0,1,6,0,0,1,0,0,0,1,0,0,0,0,2,0.45,0,0,0
Tidebinder Mage,15,206,0,21,25,267,1,1,0,1,2,1,2,0,0,1,0,0,0,0,0,1,0,0,2,0.68,0,0,0
Tidespout Tyrant,16,78,38,11,16,159,1,1,0,1,1,1,8,0,0,1,0,0,0,0,0,1,0,0,3,9.06,1,1,0
Tilonalli's Skinshifter,23,134,77,15,23,272,1,1,0,1,2,1,3,0,0,1,0,0,0,0,0,1,0,0,1,0.36,0,0,0
Timber Protector,16,107,85,27,27,262,1,1,0,1,2,1,5,0,0,1,0,0,0,0,0,1,0,0,1,8.07,1,1,0
Timbermare,10,233,37,14,26,320,1,1,0,1,2,1,4,0,0,1,0,0,0,0,0,1,0,0,1,0.42,0,0,0
Time Sieve,10,65,72,15,8,170,2,2,0,1,0,1,2,0,0,1,0,0,0,0,1,0,0,0,2,7.98,1,1,0
Time Stop,9,227,0,16,7,259,1,1,0,1,0,1,6,0,0,1,0,1,0,0,0,0,0,0,2,2.74,1,0,0
Time Stop,9,227,0,16,7,259,1,1,0,1,0,1,6,0,0,1,0,1,0,0,0,0,0,0,2,2.99,1,0,0
Time Stretch,12,51,38,12,7,120,1,1,0,1,0,1,10,0,0,1,0,0,1,0,0,0,0,0,2,12.82,1,1,1
Timesifter,10,310,0,11,8,339,0,0,0,1,0,1,5,0,0,1,0,0,0,0,1,0,0,0,0,0.56,0,0,0
Tireless Tracker,16,234,0,14,22,286,1,1,0,1,2,1,3,0,0,1,0,0,0,0,0,1,0,0,1,3.92,1,0,0
Titan Forge,11,152,0,15,8,186,0,0,0,1,0,1,3,0,0,1,0,0,0,0,1,0,0,0,0,0.6,0,0,0
Titan of Eternal Fire,21,106,58,14,16,215,1,1,0,1,1,1,6,0,0,1,0,0,0,0,0,1,0,0,1,0.27,0,0,0
Titanic Ultimatum,17,96,78,14,7,212,3,3,0,1,0,1,7,0,0,1,0,0,1,0,0,0,0,0,7,0.44,0,0,0
Titan's Revenge,15,316,0,19,7,357,1,1,0,1,0,1,2,0,0,1,0,0,1,0,0,0,0,0,2,0.36,0,0,0
Tivadar of Thorn,16,102,134,14,33,299,1,1,0,1,2,1,3,0,0,1,1,0,0,0,0,1,0,0,2,0.35,0,0,0
To the Slaughter,16,193,60,14,7,290,1,1,0,1,0,1,3,0,0,1,0,1,0,0,0,0,0,0,1,0.48,0,0,0
Tocatli Honor Guard,19,68,120,12,24,243,1,1,0,1,2,1,2,0,0,1,0,0,0,0,0,1,0,0,1,0.44,0,0,0
Tolsimir Wolfblood,18,165,0,15,32,230,2,2,0,1,2,1,6,0,0,1,1,0,0,0,0,1,0,0,2,2.36,1,0,0
Tomb of Urami,13,228,0,22,14,277,0,1,-1,1,0,1,0,0,0,1,1,0,0,0,0,0,1,0,0,0.48,0,0,0
Tombstalker,11,93,0,14,16,134,1,1,0,1,1,1,8,0,0,1,0,0,0,0,0,1,0,0,2,2.41,1,0,0
Tomorrow  Azami's Familiar,26,173,0,16,27,242,1,1,0,1,1,1,6,0,0,1,1,0,0,0,0,1,0,0,1,0.75,0,0,0
Toolcraft Exemplar,18,203,79,11,26,337,1,1,0,1,2,1,1,0,0,1,0,0,0,0,0,1,0,0,1,0.47,0,0,0
Tooth and Nail,14,252,0,16,7,289,1,1,0,1,0,1,7,0,0,1,0,0,1,0,0,0,0,0,2,17.62,1,1,1
Torchling,9,236,0,7,23,275,1,1,0,1,1,1,5,0,0,1,0,0,0,0,0,1,0,0,2,0.36,0,0,0
Torment of Hailfire,19,134,32,18,7,210,1,1,0,1,0,1,2,0,0,1,0,0,1,0,0,0,0,0,2,3.1,1,0,0
Tornado Elemental,17,180,0,22,20,239,1,1,0,1,1,1,7,0,0,1,0,0,0,0,0,1,0,0,2,0.62,0,0,0
Torpor Orb,10,68,90,15,8,191,0,0,0,1,0,1,2,0,0,1,0,0,0,0,1,0,0,0,0,2.13,1,0,0
Toshiro Umezawa,15,267,0,19,34,335,1,1,0,1,2,1,3,0,0,1,1,0,0,0,0,1,0,0,2,2.28,1,0,0
Touch of the Eternal,20,113,104,19,11,267,1,1,0,1,0,1,7,0,0,1,0,0,0,1,0,0,0,0,2,0.34,0,0,0
Tovolar's Magehunter,20,199,0,9,19,247,1,1,0,1,1,1,4,0,0,1,0,0,0,0,0,1,0,0,0,0.49,0,0,0
Tower of Calamities,19,65,156,14,8,262,0,0,0,1,0,1,4,0,0,1,0,0,0,0,1,0,0,0,0,0.35,0,0,0
Tower of Champions,18,55,105,12,8,198,0,0,0,1,0,1,4,0,0,1,0,0,0,0,1,0,0,0,0,0.38,0,0,0
Tower of Eons,13,27,95,9,8,152,0,0,0,1,0,1,4,0,0,1,0,0,0,0,1,0,0,0,0,0.41,0,0,0
Tower of Fortunes,17,26,157,12,8,220,0,0,0,1,0,1,4,0,0,1,0,0,0,0,1,0,0,0,0,0.41,0,0,0
Tower of Murmurs,16,97,104,10,8,235,0,0,0,1,0,1,4,0,0,1,0,0,0,0,1,0,0,0,0,0.36,0,0,0
Trade Routes,12,95,64,12,11,194,1,1,0,1,0,1,2,0,0,1,0,0,0,1,0,0,0,0,1,0.47,0,0,0
Trade Routes,12,95,64,12,11,194,1,1,0,1,0,1,2,0,0,1,0,0,0,1,0,0,0,0,1,0.5,0,0,0
Trading Post,12,244,0,13,8,277,0,0,0,1,0,1,4,0,0,1,0,0,0,0,1,0,0,0,0,0.37,0,0,0
Trading Post,12,244,0,13,8,277,0,0,0,1,0,1,4,0,0,1,0,0,0,0,1,0,0,0,0,0.39,0,0,0
Tragic Arrogance,16,212,78,13,7,326,1,1,0,1,0,1,5,0,0,1,0,0,1,0,0,0,0,0,2,0.51,0,0,0
Trail of Mystery,16,289,0,16,11,332,1,1,0,1,0,1,2,0,0,1,0,0,0,1,0,0,0,0,1,0.32,0,0,0
Training Grounds,16,173,71,11,11,282,1,1,0,1,0,1,1,0,0,1,0,0,0,1,0,0,0,0,1,14.98,1,1,1
Trait Doctoring,15,364,0,13,7,399,1,1,0,1,0,1,1,0,0,1,0,0,1,0,0,0,0,0,1,0.31,0,0,0
Trap Essence,12,83,87,16,7,205,3,3,0,1,0,1,3,0,0,1,0,1,0,0,0,0,0,0,3,0.32,0,0,0
Trash for Treasure,18,140,53,15,7,233,1,1,0,1,0,1,3,0,0,1,0,0,1,0,0,0,0,0,1,0.8,0,0,0
Traumatize,10,95,67,12,7,191,1,1,0,1,0,1,5,0,0,1,0,0,1,0,0,0,0,0,2,1.75,1,0,0
Traumatize,10,95,134,12,7,258,1,1,0,1,0,1,5,0,0,1,0,0,1,0,0,0,0,0,2,1.87,1,0,0
Traumatize,10,95,67,12,7,191,1,1,0,1,0,1,5,0,0,1,0,0,1,0,0,0,0,0,2,1.89,1,0,0
Traumatize,10,95,134,12,7,258,1,1,0,1,0,1,5,0,0,1,0,0,1,0,0,0,0,0,2,1.95,1,0,0
Traumatize,10,95,35,12,7,159,1,1,0,1,0,1,5,0,0,1,0,0,1,0,0,0,0,0,2,2.16,1,0,0
Traverse the Ulvenwald,22,300,0,13,7,342,1,1,0,1,0,1,1,0,0,1,0,0,1,0,0,0,0,0,1,2.14,1,0,0
Treacherous Pit-Dweller,23,259,0,15,16,313,1,1,0,1,1,1,2,0,0,1,0,0,0,0,0,1,0,0,2,0.36,0,0,0
Treasure Cove,13,103,45,12,4,177,0,0,0,1,0,1,2,0,0,1,0,0,0,0,0,0,1,0,0,2.65,1,0,0
Treasure Map,12,295,0,12,8,327,0,0,0,1,0,1,2,0,0,1,0,0,0,0,1,0,0,0,0,2.65,1,0,0
Treasury Thrull,15,251,0,8,17,291,2,2,0,1,1,1,6,0,0,1,0,0,0,0,0,1,0,0,2,0.31,0,0,0
Triad of Fates,14,275,0,7,33,329,2,2,0,1,2,1,4,0,0,1,1,0,0,0,0,1,0,0,2,0.32,0,0,0
Trickbind,9,328,0,13,7,357,1,1,0,1,0,1,2,0,0,1,0,1,0,0,0,0,0,0,1,4.74,1,0,0
Trinisphere,11,283,0,15,8,317,0,0,0,1,0,1,3,0,0,1,0,0,0,0,1,0,0,0,0,12.75,1,1,1
Triskaidekaphobia,17,209,0,13,11,250,1,1,0,1,0,1,4,0,0,1,0,0,0,1,0,0,0,0,1,0.38,0,0,0
Triskelavus,11,286,0,8,29,334,0,0,0,2,1,1,7,0,0,1,0,0,0,0,1,1,0,0,0,0.39,0,0,0
Triskelion,10,162,71,19,29,291,0,0,0,2,1,1,6,0,0,1,0,0,0,0,1,1,0,0,0,0.57,0,0,0
Triskelion,10,162,0,19,29,220,0,0,0,2,1,1,6,0,0,1,0,0,0,0,1,1,0,0,0,0.65,0,0,0
Troll Ascetic,13,125,65,9,23,235,1,1,0,1,2,1,3,0,0,1,0,0,0,0,0,1,0,0,2,0.58,0,0,0
Troll Ascetic,13,125,65,9,23,235,1,1,0,1,2,1,3,0,0,1,0,0,0,0,0,1,0,0,2,0.68,0,0,0
Tromokratis,11,234,0,12,27,284,1,1,0,1,1,1,7,0,0,1,1,0,0,0,0,1,0,0,2,0.33,0,0,0
True Believer,13,66,58,22,23,182,1,1,0,1,2,1,2,0,0,1,0,0,0,0,0,1,0,0,2,1.52,1,0,0
True Conviction,15,54,135,15,11,230,1,1,0,1,0,1,6,0,0,1,0,0,0,1,0,0,0,0,3,2.49,1,0,0
Tuktuk the Explorer,19,133,77,11,27,267,1,1,0,1,1,1,3,0,0,1,1,0,0,0,0,1,0,0,1,0.58,0,0,0
Tunnel Ignus,12,201,29,10,20,272,1,1,0,1,1,1,2,0,0,1,0,0,0,0,0,1,0,0,1,0.3,0,0,0
Tunnel Vision,13,327,0,11,7,358,1,1,0,1,0,1,6,0,0,1,0,0,1,0,0,0,0,0,1,2.23,1,0,0
Turn the Tables,15,101,35,19,7,177,1,1,0,1,0,1,5,0,0,1,0,1,0,0,0,0,0,0,2,0.38,0,0,0
Turntimber Ranger,17,186,25,14,25,267,1,1,0,1,3,1,5,0,0,1,0,0,0,0,0,1,0,0,2,0.94,0,0,0
Twilight Drover,15,199,0,11,17,242,1,1,0,1,1,1,3,0,0,1,0,0,0,0,0,1,0,0,1,1.25,1,0,0
Twilight Mire,13,92,124,13,4,246,0,2,-2,1,0,1,0,0,0,1,0,0,0,0,0,0,1,0,0,29.11,1,1,1
Twilight Shepherd,17,317,0,10,16,360,1,1,0,1,1,1,6,0,0,1,0,0,0,0,0,1,0,0,3,0.99,0,0,0
Twincast,8,78,49,19,7,161,1,1,0,1,0,1,2,0,0,1,0,1,0,0,0,0,0,0,2,2.88,1,0,0
Twincast,8,78,49,19,7,161,1,1,0,1,0,1,2,0,0,1,0,1,0,0,0,0,0,0,2,2.98,1,0,0
Twincast,8,78,93,19,7,205,1,1,0,1,0,1,2,0,0,1,0,1,0,0,0,0,0,0,2,3.14,1,0,0
Twinflame,9,269,0,11,7,296,1,1,0,1,0,1,2,0,0,1,0,0,1,0,0,0,0,0,1,0.36,0,0,0
Twinning Glass,14,141,122,15,8,300,0,0,0,1,0,1,4,0,0,1,0,0,0,0,1,0,0,0,0,0.35,0,0,0
Twist Allegiance,16,165,0,14,7,202,1,1,0,1,0,1,7,0,0,1,0,0,1,0,0,0,0,0,1,0.39,0,0,0
Two-Headed Dragon,17,199,0,8,17,241,1,1,0,1,1,1,6,0,0,1,0,0,0,0,0,1,0,0,2,1.24,1,0,0
Tymaret  the Murder King,24,172,85,11,35,327,2,2,0,1,2,1,2,0,0,1,1,0,0,0,0,1,0,0,2,0.28,0,0,0
Tyrannize,9,68,99,10,7,193,2,2,0,1,0,1,5,0,0,1,0,0,1,0,0,0,0,0,2,0.45,0,0,0
Tyrant of Discord,17,198,0,14,20,249,1,1,0,1,1,1,7,0,0,1,0,0,0,0,0,1,0,0,3,0.4,0,0,0
Tyrant of Valakut,17,245,0,14,17,293,1,1,0,1,1,1,7,0,0,1,0,0,0,0,0,1,0,0,2,0.3,0,0,0
Uba Mask,8,145,0,14,8,175,0,0,0,1,0,1,4,0,0,1,0,0,0,0,1,0,0,0,0,0.53,0,0,0
Ugin's Insight,14,103,103,14,7,241,1,1,0,1,0,1,5,0,0,1,0,0,1,0,0,0,0,0,2,0.3,0,0,0
Ulasht  the Hate Seed,21,325,0,7,34,387,2,2,0,1,2,1,4,0,0,1,1,0,0,0,0,1,0,0,2,1.96,1,0,0
Ulvenwald Observer,18,78,142,11,19,268,1,1,0,1,1,1,6,0,0,1,0,0,0,0,0,1,0,0,2,0.28,0,0,0
Ulvenwald Tracker,17,72,97,19,23,228,1,1,0,1,2,1,1,0,0,1,0,0,0,0,0,1,0,0,1,0.55,0,0,0
Umbra Mystic,12,188,58,12,23,293,1,1,0,1,2,1,3,0,0,1,0,0,0,0,0,1,0,0,1,1.05,1,0,0
Umbra Stalker,13,141,69,7,20,250,1,1,0,1,1,1,7,0,0,1,0,0,0,0,0,1,0,0,3,0.42,0,0,0
Umezawa's Jitte,15,277,0,19,30,341,0,0,0,1,1,1,2,0,0,1,1,0,0,0,1,0,0,0,0,21.26,1,1,1
Unbreathing Horde,17,241,0,12,17,287,1,1,0,1,1,1,3,0,0,1,0,0,0,0,0,1,0,0,1,0.82,0,0,0
Undead Alchemist,16,312,0,16,17,361,1,1,0,1,1,1,4,0,0,1,0,0,0,0,0,1,0,0,1,1.21,1,0,0
Undercity Plague,16,289,0,13,7,325,1,1,0,1,0,1,6,0,0,1,0,0,1,0,0,0,0,0,2,0.3,0,0,0
Underground River,17,111,0,15,4,147,0,2,-2,1,0,1,0,0,0,1,0,0,0,0,0,0,1,0,0,4.14,1,0,0
Underground River,17,111,0,15,4,147,0,2,-2,1,0,1,0,0,0,1,0,0,0,0,0,0,1,0,0,4.72,1,0,0
Underworld Connections,22,63,89,13,18,205,1,1,0,1,1,1,3,0,0,1,0,0,0,1,0,0,0,0,2,0.36,0,0,0
Underworld Dreams,17,82,126,14,11,250,1,1,0,1,0,1,3,0,0,1,0,0,0,1,0,0,0,0,3,3,1,0,0
Underworld Dreams,17,82,126,14,11,250,1,1,0,1,0,1,3,0,0,1,0,0,0,1,0,0,0,0,3,3.04,1,0,0
Underworld Dreams,17,82,126,14,11,250,1,1,0,1,0,1,3,0,0,1,0,0,0,1,0,0,0,0,3,3.18,1,0,0
Underworld Dreams,17,82,126,14,11,250,1,1,0,1,0,1,3,0,0,1,0,0,0,1,0,0,0,0,3,3.33,1,0,0
Undying Flames,14,356,0,14,7,391,1,1,0,1,0,1,6,0,0,1,0,0,1,0,0,0,0,0,2,0.37,0,0,0
Unexpected Results,18,225,0,11,7,261,2,2,0,1,0,1,4,0,0,1,0,0,1,0,0,0,0,0,2,0.35,0,0,0
Unliving Psychopath,19,138,123,12,26,318,1,1,0,1,2,1,4,0,0,1,0,0,0,0,0,1,0,0,2,0.36,0,0,0
Unscythe  Killer of Kings,25,208,0,13,30,276,3,3,0,1,1,1,4,0,0,1,1,0,0,0,1,0,0,0,4,1.6,1,0,0
Unstoppable Ash,15,299,0,12,27,353,1,1,0,1,2,1,4,0,0,1,0,0,0,0,0,1,0,0,1,1.36,1,0,0
Untaidake  the Cloud Keeper,27,152,59,9,14,261,0,0,0,1,0,1,0,0,0,1,1,0,0,0,0,0,1,0,0,3.75,1,0,0
Unwinding Clock,15,70,132,11,8,236,0,0,0,1,0,1,4,0,0,1,0,0,0,0,1,0,0,0,0,5.99,1,1,0
Unyaro Bees,11,141,83,15,17,267,1,1,0,1,1,1,3,0,0,1,0,0,0,0,0,1,0,0,3,0.39,0,0,0
Upwelling,9,47,112,6,11,185,1,1,0,1,0,1,4,0,0,1,0,0,0,1,0,0,0,0,1,0.6,0,0,0
Urborg  Tomb of Yawgmoth,24,57,130,9,14,234,0,0,0,1,0,1,0,0,0,1,1,0,0,0,0,0,1,0,0,19.25,1,1,1
Urborg  Tomb of Yawgmoth,24,57,130,9,14,234,0,0,0,1,0,1,0,0,0,1,1,0,0,0,0,0,1,0,0,21.97,1,1,1
Ursapine,8,50,118,10,16,202,1,1,0,1,1,1,5,0,0,1,0,0,0,0,0,1,0,0,2,0.35,0,0,0
Urza's Armor,12,63,53,7,8,143,0,0,0,1,0,1,6,0,0,1,0,0,0,0,1,0,0,0,0,0.34,0,0,0
Utopia Tree,11,49,81,12,16,169,1,1,0,1,1,1,2,0,0,1,0,0,0,0,0,1,0,0,1,1.55,1,0,0
Utter End,9,31,76,12,7,135,2,2,0,1,0,1,4,0,0,1,0,1,0,0,0,0,0,0,2,0.73,0,0,0
Uyo  Silent Prophet,19,142,0,11,36,208,1,1,0,1,2,1,6,0,0,1,1,0,0,0,0,1,0,0,2,0.36,0,0,0
Valakut  the Molten Pinnacle,28,286,0,13,4,331,0,1,-1,1,0,1,0,0,0,1,0,0,0,0,0,0,1,0,0,8.54,1,1,0
Valleymaker,11,167,87,14,23,302,2,2,0,1,2,1,6,0,0,1,0,0,0,0,0,1,0,0,1,0.39,0,0,0
Vampiric Spirit,15,68,0,14,17,114,1,1,0,1,1,1,4,0,0,1,0,0,0,0,0,1,0,0,2,0.35,0,0,0
Vance's Blasting Cannons,24,216,79,11,21,351,1,1,0,1,0,1,4,0,0,1,1,0,0,1,0,0,0,0,1,0.64,0,0,0
Vanquisher's Banner,19,190,0,13,8,230,0,0,0,1,0,1,5,0,0,1,0,0,0,0,1,0,0,0,0,2.96,1,0,0
Varolz  the Scar-Striped,24,333,0,13,34,404,2,2,0,1,2,1,3,0,0,1,1,0,0,0,0,1,0,0,2,0.56,0,0,0
Vassal's Duty,13,118,90,11,11,243,1,1,0,1,0,1,4,0,0,1,0,0,0,1,0,0,0,0,1,0.33,0,0,0
Vastwood Hydra,14,237,0,15,16,282,1,1,0,1,1,1,2,0,0,1,0,0,0,0,0,1,0,0,2,0.9,0,0,0
Vault of the Archangel,22,117,98,9,4,250,0,2,-2,1,0,1,0,0,0,1,0,0,0,0,0,0,1,0,0,2.66,1,0,0
Vedalken Archmage,17,49,78,10,26,180,1,1,0,1,2,1,4,0,0,1,0,0,0,0,0,1,0,0,2,2.4,1,0,0
Vedalken Heretic,16,75,109,12,25,237,2,2,0,1,2,1,2,0,0,1,0,0,0,0,0,1,0,0,2,0.35,0,0,0
Vedalken Orrery,15,45,77,9,8,154,0,0,0,1,0,1,4,0,0,1,0,0,0,0,1,0,0,0,0,14.85,1,1,1
Vedalken Shackles,17,227,0,8,8,260,0,0,0,1,0,1,3,0,0,1,0,0,0,0,1,0,0,0,0,9.78,1,1,0
Veilstone Amulet,16,126,41,17,8,208,0,0,0,1,0,1,3,0,0,1,0,0,0,0,1,0,0,0,0,0.68,0,0,0
Vein Drinker,12,246,0,15,18,291,1,2,-1,1,1,1,6,0,0,1,0,0,0,0,0,1,0,0,2,0.39,0,0,0
Vendilion Clique,16,239,0,14,34,303,1,1,0,1,2,1,3,0,0,1,1,0,0,0,0,1,0,0,2,29.5,1,1,1
Vengeful Archon,15,165,0,12,17,209,1,1,0,1,1,1,7,0,0,1,0,0,0,0,0,1,0,0,3,0.33,0,0,0
Vengeful Firebrand,18,130,45,16,28,237,1,1,0,1,2,1,4,0,0,1,0,0,0,0,0,1,0,0,1,0.37,0,0,0
Vengeful Pharaoh,16,280,0,13,17,326,1,1,0,1,1,1,5,0,0,1,0,0,0,0,0,1,0,0,3,2.71,1,0,0
Venser  Shaper Savant,21,110,83,14,33,261,1,1,0,1,2,1,4,0,0,1,1,0,0,0,0,1,0,0,2,6.36,1,1,0
Venser's Journal,16,107,80,19,8,230,0,0,0,1,0,1,5,0,0,1,0,0,0,0,1,0,0,0,0,4.25,1,0,0
Verdant Catacombs,17,152,0,12,4,185,0,0,0,1,0,1,0,0,0,1,0,0,0,0,0,0,1,0,0,44.99,1,1,1
Verdant Crescendo,17,222,0,11,7,257,1,1,0,1,0,1,4,0,0,1,0,0,1,0,0,0,0,0,1,0.39,0,0,0
Verdant Embrace,15,134,0,14,18,181,1,1,0,1,1,1,5,0,0,1,0,0,0,1,0,0,0,0,2,0.6,0,0,0
Verdant Force,13,77,0,10,20,120,1,1,0,1,1,1,8,0,0,1,0,0,0,0,0,1,0,0,3,0.67,0,0,0
Verdant Force,13,77,105,10,20,225,1,1,0,1,1,1,8,0,0,1,0,0,0,0,0,1,0,0,3,0.69,0,0,0
Verdant Sun's Avatar,20,142,124,4,26,316,1,1,0,1,2,1,7,0,0,1,0,0,0,0,0,1,0,0,2,0.46,0,0,0
Verduran Enchantress,20,60,81,13,22,196,1,1,0,1,2,1,3,0,0,1,0,0,0,0,0,1,0,0,2,0.66,0,0,0
Verduran Enchantress,20,60,81,13,22,196,1,1,0,1,2,1,3,0,0,1,0,0,0,0,0,1,0,0,2,0.72,0,0,0
Vermiculos,10,85,105,11,17,228,1,1,0,1,1,1,5,0,0,1,0,0,0,0,0,1,0,0,1,0.4,0,0,0
Vernal Bloom,12,130,85,12,11,250,1,1,0,1,0,1,4,0,0,1,0,0,0,1,0,0,0,0,1,2.85,1,0,0
Vesuva,6,90,34,29,4,163,0,0,0,1,0,1,0,0,0,1,0,0,0,0,0,0,1,0,0,12.76,1,1,1
Vesuvan Shapeshifter,20,417,0,14,23,474,1,1,0,1,1,1,5,0,0,1,0,0,0,0,0,1,0,0,2,2.42,1,0,0
Veteran Warleader,17,227,0,12,29,285,2,2,0,1,3,1,3,0,0,1,0,0,0,0,0,1,0,0,2,0.28,0,0,0
Vexing Arcanix,14,273,0,10,8,305,0,0,0,1,0,1,4,0,0,1,0,0,0,0,1,0,0,0,0,0.35,0,0,0
Vexing Devil,12,137,44,14,16,223,1,1,0,1,1,1,1,0,0,1,0,0,0,0,0,1,0,0,1,9.49,1,1,0
Vexing Shusher,14,97,154,20,24,309,2,2,0,1,2,1,2,0,0,1,0,0,0,0,0,1,0,0,2,6.68,1,1,0
Vexing Sphinx,13,255,0,15,17,300,1,1,0,1,1,1,3,0,0,1,0,0,0,0,0,1,0,0,2,0.54,0,0,0
Vicious Shadows,15,135,122,13,11,296,1,1,0,1,0,1,7,0,0,1,0,0,0,1,0,0,0,0,1,1.59,1,0,0
Victory's Herald,16,105,69,7,16,213,1,1,0,1,1,1,6,0,0,1,0,0,0,0,0,1,0,0,3,0.33,0,0,0
Vigor,5,259,0,10,32,306,1,1,0,1,2,1,6,0,0,1,0,0,0,0,0,1,0,0,3,16.06,1,1,1
Vildin-Pack Alpha,17,193,0,15,19,244,1,1,0,1,1,1,3,0,0,1,0,0,0,0,0,1,0,0,0,0.5,0,0,0
Vile Redeemer,13,286,0,15,18,332,0,1,-1,1,1,1,3,0,0,1,0,0,0,0,0,1,0,0,1,0.31,0,0,0
Villainous Wealth,17,186,34,10,7,254,3,3,0,1,0,1,3,0,0,1,0,0,1,0,0,0,0,0,3,0.37,0,0,0
Vinelasher Kudzu,16,99,21,10,16,162,1,1,0,1,1,1,2,0,0,1,0,0,0,0,0,1,0,0,1,0.67,0,0,0
Violent Ultimatum,17,32,89,16,7,161,3,3,0,1,0,1,7,0,0,1,0,0,1,0,0,0,0,0,7,0.48,0,0,0
Viridian Zealot,15,74,74,10,22,195,1,1,0,1,2,1,2,0,0,1,0,0,0,0,0,1,0,0,2,0.75,0,0,0
Visage of Bolas,15,265,0,12,8,300,0,3,-3,1,0,1,4,0,0,1,0,0,0,0,1,0,0,0,0,0.46,0,0,0
Visions of Beyond,17,85,158,14,7,281,1,1,0,1,0,1,1,0,0,1,0,1,0,0,0,0,0,0,1,5.78,1,1,0
Vizier of Many Faces,20,253,0,8,30,311,1,1,0,1,2,1,4,0,0,1,0,0,0,0,0,1,0,0,2,0.67,0,0,0
Vizzerdrix,10,0,104,11,23,148,1,1,0,1,2,1,7,0,0,1,0,0,0,0,0,1,0,0,1,0.33,0,0,0
Vizzerdrix,10,0,104,11,23,148,1,1,0,1,2,1,7,0,0,1,0,0,0,0,0,1,0,0,1,0.35,0,0,0
Voice of All,12,113,0,7,16,148,1,1,0,1,1,1,4,0,0,1,0,0,0,0,0,1,0,0,2,0.6,0,0,0
Void Maw,8,155,0,10,17,190,1,1,0,1,1,1,6,0,0,1,0,0,0,0,0,1,0,0,2,0.37,0,0,0
Void Stalker,12,128,32,11,20,203,1,1,0,1,1,1,2,0,0,1,0,0,0,0,0,1,0,0,1,0.32,0,0,0
Voidslime,9,98,151,10,7,275,2,2,0,1,0,1,3,0,0,1,0,1,0,0,0,0,0,0,3,7.38,1,1,0
Voidstone Gargoyle,18,195,0,14,19,246,1,1,0,1,1,1,5,0,0,1,0,0,0,0,0,1,0,0,2,0.4,0,0,0
Volatile Rig,12,258,0,15,29,314,0,0,0,2,1,1,4,0,0,1,0,0,0,0,1,1,0,0,0,0.28,0,0,0
Volcanic Vision,15,205,0,12,7,239,1,1,0,1,0,1,7,0,0,1,0,0,1,0,0,0,0,0,2,0.35,0,0,0
Volcano Hellion,15,356,0,14,18,403,1,1,0,1,1,1,4,0,0,1,0,0,0,0,0,1,0,0,2,0.5,0,0,0
Voldaren Pariah,15,208,0,11,25,259,1,1,0,1,2,1,5,0,0,1,0,0,0,0,0,1,0,0,2,0.74,0,0,0
Voracious Dragon,16,307,0,16,17,356,1,1,0,1,1,1,5,0,0,1,0,0,0,0,0,1,0,0,2,0.83,0,0,0
Vorel of the Hull Clade,23,93,144,11,34,305,2,2,0,1,2,1,3,0,0,1,1,0,0,0,0,1,0,0,2,0.59,0,0,0
Vorosh  the Hunter,18,132,0,8,27,185,3,3,0,1,1,1,6,0,0,1,1,0,0,0,0,1,0,0,3,1.24,1,0,0
Vraska's Contempt,17,55,141,13,7,233,1,1,0,1,0,1,4,0,0,1,0,1,0,0,0,0,0,0,2,6.49,1,1,0
Vryn Wingmare,13,48,94,12,18,185,1,1,0,1,1,1,3,0,0,1,0,0,0,0,0,1,0,0,1,0.42,0,0,0
Vulshok Battlemaster,20,145,93,10,24,292,1,1,0,1,2,1,5,0,0,1,0,0,0,0,0,1,0,0,1,0.37,0,0,0
Vulturous Zombie,16,114,96,12,23,261,2,2,0,1,2,1,5,0,0,1,0,0,0,0,0,1,0,0,2,0.75,0,0,0
Wake Thrasher,13,94,85,13,26,231,1,1,0,1,2,1,3,0,0,1,0,0,0,0,0,1,0,0,1,2.82,1,0,0
Waker of the Wilds,18,133,85,13,25,274,1,1,0,1,2,1,4,0,0,1,0,0,0,0,0,1,0,0,2,0.35,0,0,0
Wakestone Gargoyle,18,118,65,10,19,230,1,1,0,1,1,1,4,0,0,1,0,0,0,0,0,1,0,0,1,0.37,0,0,0
Walk the Aeons,14,227,0,13,7,261,1,1,0,1,0,1,6,0,0,1,0,0,1,0,0,0,0,0,2,5.36,1,1,0
Walking Archive,15,266,0,14,25,320,0,2,-2,2,1,1,3,0,0,1,0,0,0,0,1,1,0,0,0,1.52,1,0,0
Walking Ballista,16,208,0,16,29,269,0,0,0,2,1,1,0,0,0,1,0,0,0,0,1,1,0,0,0,11.45,1,1,1
Wall of Reverence,17,120,109,14,22,282,1,1,0,1,2,1,4,0,0,1,0,0,0,0,0,1,0,0,1,2.85,1,0,0
Wand of the Elements,20,151,48,14,8,241,0,0,0,1,0,1,4,0,0,1,0,0,0,0,1,0,0,0,0,0.32,0,0,0
Wandering Fumarole,18,276,0,21,4,319,0,2,-2,1,0,1,0,0,0,1,0,0,0,0,0,0,1,0,0,1.85,1,0,0
Wanderwine Hub,14,186,72,11,4,287,0,2,-2,1,0,1,0,0,0,1,0,0,0,0,0,0,1,0,0,5.05,1,1,0
Wanderwine Prophets,19,322,0,22,25,388,1,1,0,1,2,1,6,0,0,1,0,0,0,0,0,1,0,0,2,10.66,1,1,1
War Elemental,13,187,0,17,20,237,1,1,0,1,1,1,3,0,0,1,0,0,0,0,0,1,0,0,3,0.9,0,0,0
Ward of Bones,13,192,55,12,8,280,0,0,0,1,0,1,6,0,0,1,0,0,0,0,1,0,0,0,0,5.95,1,1,0
Wargate,7,132,90,15,7,251,3,3,0,1,0,1,3,0,0,1,0,0,1,0,0,0,0,0,3,4.18,1,0,0
Warp World,10,391,0,11,7,419,1,1,0,1,0,1,8,0,0,1,0,0,1,0,0,0,0,0,3,0.48,0,0,0
Warp World,10,391,0,11,7,419,1,1,0,1,0,1,8,0,0,1,0,0,1,0,0,0,0,0,3,0.48,0,0,0
Warp World,10,391,0,11,7,419,1,1,0,1,0,1,8,0,0,1,0,0,1,0,0,0,0,0,3,0.53,0,0,0
Warped Devotion,15,81,79,13,11,199,1,1,0,1,0,1,3,0,0,1,0,0,0,1,0,0,0,0,1,0.4,0,0,0
War's Toll,10,175,50,12,11,258,1,1,0,1,0,1,4,0,0,1,0,0,0,1,0,0,0,0,1,5.41,1,1,0
Warstorm Surge,14,127,104,16,11,272,1,1,0,1,0,1,6,0,0,1,0,0,0,1,0,0,0,0,1,0.6,0,0,0
Waste Not,9,233,31,12,11,296,1,1,0,1,0,1,2,0,0,1,0,0,0,1,0,0,0,0,1,3.4,1,0,0
Wasteland Strangler,19,215,0,9,28,271,0,1,-1,1,2,1,3,0,0,1,0,0,0,0,0,1,0,0,1,0.43,0,0,0
Watery Grave,12,158,89,16,19,294,0,2,-2,1,2,1,0,0,0,1,0,0,0,0,0,0,1,0,0,16.08,1,1,1
Watery Grave,12,158,0,13,19,202,0,2,-2,1,2,1,0,0,0,1,0,0,0,0,0,0,1,0,0,19.98,1,1,1
Waves of Aggression,19,259,0,11,7,296,2,2,0,1,0,1,5,0,0,1,0,0,1,0,0,0,0,0,2,5.65,1,1,0
Wayfaring Temple,16,226,0,16,20,278,2,2,0,1,1,1,3,0,0,1,0,0,0,0,0,1,0,0,2,0.4,0,0,0
Weathered Bodyguards,20,274,0,14,24,332,1,1,0,1,2,1,6,0,0,1,0,0,0,0,0,1,0,0,1,0.41,0,0,0
Weathered Wayfarer,18,183,0,22,29,252,1,1,0,1,3,1,1,0,0,1,0,0,0,0,0,1,0,0,1,13.06,1,1,1
Weird Harvest,13,195,44,11,7,270,1,1,0,1,0,1,2,0,0,1,0,0,1,0,0,0,0,0,2,0.88,0,0,0
Weirding Shaman,15,78,59,12,24,188,1,1,0,1,2,1,2,0,0,1,0,0,0,0,0,1,0,0,1,0.45,0,0,0
Welcome to the Fold,19,321,0,13,7,360,1,1,0,1,0,1,4,0,0,1,0,0,1,0,0,0,0,0,2,0.34,0,0,0
Well of Lost Dreams,19,129,96,13,8,265,0,0,0,1,0,1,4,0,0,1,0,0,0,0,1,0,0,0,0,2.59,1,0,0
Werewolf of Ancient Hunger,26,252,0,15,19,312,1,1,0,1,1,1,5,0,0,1,0,0,0,0,0,1,0,0,0,0.3,0,0,0
Western Paladin,15,43,98,14,24,194,1,1,0,1,2,1,4,0,0,1,0,0,0,0,0,1,0,0,2,0.36,0,0,0
Westvale Abbey,14,188,0,7,4,213,0,1,-1,1,0,1,0,0,0,1,0,0,0,0,0,0,1,0,0,3.28,1,0,0
Westvale Cult Leader,20,190,0,13,23,246,1,1,0,1,2,1,2,0,0,1,0,0,0,0,0,1,0,0,0,0.7,0,0,0
Wharf Infiltrator,17,299,0,7,23,346,1,1,0,1,2,1,2,0,0,1,0,0,0,0,0,1,0,0,1,0.35,0,0,0
Wheel of Fate,13,298,0,10,7,328,1,1,0,1,0,1,0,0,0,1,0,0,1,0,0,0,0,0,0,4.01,1,0,0
Wheel of Sun and Moon,21,164,44,29,18,276,2,2,0,1,1,1,2,0,0,1,0,0,0,1,0,0,0,0,2,7.08,1,1,0
Whelming Wave,13,100,46,15,7,181,1,1,0,1,0,1,4,0,0,1,0,0,1,0,0,0,0,0,2,0.38,0,0,0
Where Ancients Tread,20,164,76,29,11,300,1,1,0,1,0,1,5,0,0,1,0,0,0,1,0,0,0,0,1,0.36,0,0,0
Whetwheel,9,213,0,20,8,250,0,0,0,1,0,1,4,0,0,1,0,0,0,0,1,0,0,0,0,0.37,0,0,0
Whims of the Fates,18,206,0,12,7,243,1,1,0,1,0,1,6,0,0,1,0,0,1,0,0,0,0,0,1,0.33,0,0,0
Whip of Erebos,14,327,0,13,30,384,1,1,0,2,0,1,4,0,0,1,1,0,0,1,1,0,0,0,2,2.18,1,0,0
Whir of Invention,17,265,0,14,7,303,1,1,0,1,0,1,3,0,0,1,0,1,0,0,0,0,0,0,3,0.86,0,0,0
Whispering Madness,18,337,0,13,7,375,2,2,0,1,0,1,4,0,0,1,0,0,1,0,0,0,0,0,2,0.34,0,0,0
White Sun's Zenith,18,92,115,11,7,243,1,1,0,1,0,1,3,0,0,1,0,1,0,0,0,0,0,0,3,0.41,0,0,0
Wild Beastmaster,16,133,87,10,23,269,1,1,0,1,2,1,3,0,0,1,0,0,0,0,0,1,0,0,1,0.26,0,0,0
Wild Defiance,13,126,94,15,11,259,1,1,0,1,0,1,3,0,0,1,0,0,0,1,0,0,0,0,1,1.04,1,0,0
Wild Evocation,14,231,0,6,11,262,1,1,0,1,0,1,6,0,0,1,0,0,0,1,0,0,0,0,1,0.43,0,0,0
Wild Pair,9,228,0,10,11,258,1,1,0,1,0,1,6,0,0,1,0,0,0,1,0,0,0,0,2,1.19,1,0,0
Wild Ricochet,13,126,75,9,7,230,1,1,0,1,0,1,4,0,0,1,0,1,0,0,0,0,0,0,2,0.35,0,0,0
Wild Ricochet,13,126,84,9,7,239,1,1,0,1,0,1,4,0,0,1,0,1,0,0,0,0,0,0,2,0.56,0,0,0
Wildblood Pack,14,156,0,12,19,201,1,1,0,1,1,1,4,0,0,1,0,0,0,0,0,1,0,0,0,0.75,0,0,0
Wildcall,8,218,38,13,7,284,1,1,0,1,0,1,2,0,0,1,0,0,1,0,0,0,0,0,2,0.35,0,0,0
Wildest Dreams,14,77,135,16,7,249,1,1,0,1,0,1,1,0,0,1,0,0,1,0,0,0,0,0,1,0.3,0,0,0
Wildfire,8,76,71,14,7,176,1,1,0,1,0,1,6,0,0,1,0,0,1,0,0,0,0,0,2,0.4,0,0,0
Wildfire Eternal,16,220,0,17,31,284,1,1,0,1,3,1,4,0,0,1,0,0,0,0,0,1,0,0,1,0.46,0,0,0
Willbreaker,11,164,49,9,23,256,1,1,0,1,2,1,5,0,0,1,0,0,0,0,0,1,0,0,2,0.33,0,0,0
Will-o'-the-Wisp,16,255,0,13,17,301,1,1,0,1,1,1,1,0,0,1,0,0,0,0,0,1,0,0,1,2.23,1,0,0
Wilt-Leaf Liege,15,242,0,10,21,288,2,2,0,1,2,1,4,0,0,1,0,0,0,0,0,1,0,0,3,3.58,1,0,0
Windborn Muse,13,125,70,8,17,233,1,1,0,1,1,1,4,0,0,1,0,0,0,0,0,1,0,0,1,2.47,1,0,0
Windbrisk Heights,17,335,0,11,4,367,0,1,-1,1,0,1,0,0,0,1,0,0,0,0,0,0,1,0,0,1.9,1,0,0
Windbrisk Raptor,16,53,93,11,15,188,1,1,0,1,1,1,7,0,0,1,0,0,0,0,0,1,0,0,2,0.96,0,0,0
Windreaver,10,211,0,14,20,255,2,2,0,1,1,1,5,0,0,1,0,0,0,0,0,1,0,0,2,0.33,0,0,0
Windswept Heath,15,151,48,13,4,231,0,0,0,1,0,1,0,0,0,1,0,0,0,0,0,0,1,0,0,12.5,1,1,1
Wine of Blood and Iron,22,144,104,12,8,290,0,0,0,1,0,1,3,0,0,1,0,0,0,0,1,0,0,0,0,0.37,0,0,0
Witchbane Orb,13,193,0,9,8,223,0,0,0,1,0,1,4,0,0,1,0,0,0,0,1,0,0,0,0,0.73,0,0,0
Witch-Maw Nephilim,18,183,70,12,19,302,4,4,0,1,1,1,4,0,0,1,0,0,0,0,0,1,0,0,4,0.92,0,0,0
Witchstalker,12,195,0,19,15,241,1,1,0,1,1,1,3,0,0,1,0,0,0,0,0,1,0,0,2,0.49,0,0,0
Witherscale Wurm,16,264,0,14,15,309,1,1,0,1,1,1,6,0,0,1,0,0,0,0,0,1,0,0,2,0.42,0,0,0
Wit's End,9,39,122,10,7,187,1,1,0,1,0,1,7,0,0,1,0,0,1,0,0,0,0,0,2,0.33,0,0,0
Wit's End,9,39,99,10,7,164,1,1,0,1,0,1,7,0,0,1,0,0,1,0,0,0,0,0,2,0.34,0,0,0
Woebringer Demon,16,132,48,11,16,223,1,1,0,1,1,1,5,0,0,1,0,0,0,0,0,1,0,0,2,0.39,0,0,0
Wolfbitten Captive,18,196,0,12,25,251,1,1,0,1,2,1,1,0,0,1,0,0,0,0,0,1,0,0,1,0.86,0,0,0
Wolfbriar Elemental,19,208,0,6,20,253,1,1,0,1,1,1,4,0,0,1,0,0,0,0,0,1,0,0,2,0.48,0,0,0
Wolfir Silverheart,18,263,0,16,23,320,1,1,0,1,2,1,5,0,0,1,0,0,0,0,0,1,0,0,2,0.7,0,0,0
Wooded Bastion,14,92,151,19,4,280,0,2,-2,1,0,1,0,0,0,1,0,0,0,0,0,0,1,0,0,12.79,1,1,1
Wooded Foothills,16,154,58,11,4,243,0,0,0,1,0,1,0,0,0,1,0,0,0,0,0,0,1,0,0,16.99,1,1,1
Woodfall Primus,15,243,0,8,26,292,1,1,0,1,2,1,8,0,0,1,0,0,0,0,0,1,0,0,3,8.95,1,1,0
Woodland Cemetery,17,126,129,15,4,291,0,2,-2,1,0,1,0,0,0,1,0,0,0,0,0,0,1,0,0,5.92,1,1,0
Woodland Wanderer,17,138,94,13,20,282,1,1,0,1,1,1,4,0,0,1,0,0,0,0,0,1,0,0,1,0.32,0,0,0
Woodwraith Corrupter,20,105,129,12,27,293,2,2,0,1,2,1,6,0,0,1,0,0,0,0,0,1,0,0,3,0.39,0,0,0
Woolly Razorback,16,250,0,16,21,303,1,1,0,1,2,1,4,0,0,1,0,0,0,0,0,1,0,0,2,0.5,0,0,0
Word of Seizing,15,228,7,12,7,269,1,1,0,1,0,1,5,0,0,1,0,1,0,0,0,0,0,0,2,0.43,0,0,0
World at War,12,375,0,13,7,407,1,1,0,1,0,1,5,0,0,1,0,0,1,0,0,0,0,0,2,2.18,1,0,0
World Queller,13,120,63,11,17,224,1,1,0,1,1,1,5,0,0,1,0,0,0,0,0,1,0,0,2,0.4,0,0,0
Worldheart Phoenix,18,186,0,14,18,236,1,5,-4,1,1,1,4,0,0,1,0,0,0,0,0,1,0,0,1,0.3,0,0,0
Worldpurge,10,173,61,6,7,257,2,2,0,1,0,1,8,0,0,1,0,0,1,0,0,0,0,0,4,0.53,0,0,0
Worldslayer,11,187,72,12,20,302,0,0,0,1,1,1,5,0,0,1,0,0,0,0,1,0,0,0,0,0.64,0,0,0
Worldslayer,11,187,0,12,20,230,0,0,0,1,1,1,5,0,0,1,0,0,0,0,1,0,0,0,0,0.75,0,0,0
Worm Harvest,12,204,0,12,7,235,2,2,0,1,0,1,5,0,0,1,0,0,1,0,0,0,0,0,3,0.59,0,0,0
Worship,7,107,44,8,11,177,1,1,0,1,0,1,4,0,0,1,0,0,0,1,0,0,0,0,1,6.71,1,1,0
Worship,7,107,44,8,11,177,1,1,0,1,0,1,4,0,0,1,0,0,0,1,0,0,0,0,1,7.24,1,1,0
Wort  Boggart Auntie,20,191,105,16,34,366,2,2,0,1,2,1,4,0,0,1,1,0,0,0,0,1,0,0,2,1.61,1,0,0
Wort  the Raidmother,20,342,0,11,34,407,2,2,0,1,2,1,6,0,0,1,1,0,0,0,0,1,0,0,2,1.3,1,0,0
Wound Reflection,16,133,119,28,11,307,1,1,0,1,0,1,6,0,0,1,0,0,0,1,0,0,0,0,1,8.53,1,1,0
Wrath of God,12,49,0,10,7,78,1,1,0,1,0,1,4,0,0,1,0,0,1,0,0,0,0,0,2,5.3,1,1,0
Wrath of God,12,49,0,10,7,78,1,1,0,1,0,1,4,0,0,1,0,0,1,0,0,0,0,0,2,5.68,1,1,0
Wrath of God,12,49,0,10,7,78,1,1,0,1,0,1,4,0,0,1,0,0,1,0,0,0,0,0,2,7.19,1,1,0
Wrecking Ogre,13,139,92,9,23,276,1,1,0,1,2,1,5,0,0,1,0,0,0,0,0,1,0,0,1,0.28,0,0,0
Wren's Run Packmaster,21,280,0,8,22,331,1,1,0,1,2,1,4,0,0,1,0,0,0,0,0,1,0,0,1,0.9,0,0,0
Wurmcalling,11,170,0,11,7,199,1,1,0,1,0,1,1,0,0,1,0,0,1,0,0,0,0,0,1,0.56,0,0,0
Wurmweaver Coil,15,131,65,11,18,240,1,1,0,1,1,1,6,0,0,1,0,0,0,1,0,0,0,0,2,0.38,0,0,0
Wydwen  the Biting Gale,23,84,76,12,34,229,2,2,0,1,2,1,4,0,0,1,1,0,0,0,0,1,0,0,2,0.56,0,0,0
Xathrid Gorgon,14,312,0,11,17,354,1,1,0,1,1,1,6,0,0,1,0,0,0,0,0,1,0,0,1,0.37,0,0,0
Xathrid Necromancer,19,121,55,14,23,232,1,1,0,1,2,1,3,0,0,1,0,0,0,0,0,1,0,0,1,0.4,0,0,0
Xenograft,9,137,113,16,11,286,1,1,0,1,0,1,5,0,0,1,0,0,0,1,0,0,0,0,1,0.47,0,0,0
Yahenni  Undying Partisan,25,178,41,13,39,296,1,1,0,1,2,1,3,0,0,1,1,0,0,0,0,1,0,0,1,2.12,1,0,0
Yahenni's Expertise,19,142,71,7,7,246,1,1,0,1,0,1,4,0,0,1,0,0,1,0,0,0,0,0,2,0.72,0,0,0
Yasova Dragonclaw,17,264,0,13,34,328,1,3,-2,1,2,1,3,0,0,1,1,0,0,0,0,1,0,0,1,0.32,0,0,0
Yavimaya Coast,14,108,0,17,4,143,0,2,-2,1,0,1,0,0,0,1,0,0,0,0,0,0,1,0,0,1.01,1,0,0
Yavimaya Coast,14,108,0,17,4,143,0,2,-2,1,0,1,0,0,0,1,0,0,0,0,0,0,1,0,0,1.08,1,0,0
Yavimaya Coast,14,108,0,17,4,143,0,2,-2,1,0,1,0,0,0,1,0,0,0,0,0,0,1,0,0,2.34,1,0,0
Yavimaya Coast,14,108,0,17,4,143,0,2,-2,1,0,1,0,0,0,1,0,0,0,0,0,0,1,0,0,2.47,1,0,0
Yawgmoth Demon,14,296,0,12,16,338,1,1,0,1,1,1,6,0,0,1,0,0,0,0,0,1,0,0,2,0.37,0,0,0
Yeva  Nature's Herald,21,128,71,14,31,265,1,1,0,1,2,1,4,0,0,1,1,0,0,0,0,1,0,0,2,1.15,1,0,0
Yisan  the Wanderer Bard,24,230,23,11,32,320,1,1,0,1,2,1,3,0,0,1,1,0,0,0,0,1,0,0,1,0.49,0,0,0
Yomiji  Who Bars the Way,24,150,152,16,27,369,1,1,0,1,1,1,7,0,0,1,1,0,0,0,0,1,0,0,2,3.3,1,0,0
Yore-Tiller Nephilim,20,127,70,13,19,249,4,4,0,1,1,1,4,0,0,1,0,0,0,0,0,1,0,0,4,1.69,1,0,0
Yosei  the Morning Star,23,144,0,10,34,211,1,1,0,1,2,1,6,0,0,1,1,0,0,0,0,1,0,0,2,4.88,1,0,0
Yukora  the Prisoner,20,95,205,13,33,366,1,1,0,1,2,1,4,0,0,1,1,0,0,0,0,1,0,0,2,0.35,0,0,0
Zada  Hedron Grinder,20,220,64,12,32,348,1,1,0,1,2,1,4,0,0,1,1,0,0,0,0,1,0,0,1,0.4,0,0,0
Zealous Conscripts,18,161,0,14,24,217,1,1,0,1,2,1,5,0,0,1,0,0,0,0,0,1,0,0,1,0.64,0,0,0
Zendikar Resurgent,18,216,0,12,11,257,1,1,0,1,0,1,7,0,0,1,0,0,0,1,0,0,0,0,2,0.82,0,0,0
Zhur-Taa Ancient,16,121,109,13,16,275,2,2,0,1,1,1,5,0,0,1,0,0,0,0,0,1,0,0,2,0.34,0,0,0
Zombie Apocalypse,17,104,125,16,7,269,1,1,0,1,0,1,6,0,0,1,0,0,1,0,0,0,0,0,3,1.49,1,0,0
Zo-Zu the Punisher,18,100,125,12,35,290,1,1,0,1,2,1,3,0,0,1,1,0,0,0,0,1,0,0,2,1.89,1,0,0
Zur the Enchanter,17,195,81,12,33,338,3,3,0,1,2,1,4,0,0,1,1,0,0,0,0,1,0,0,3,2.82,1,0,0
Zurgo Bellstriker,17,246,0,15,32,310,1,1,0,1,2,1,1,0,0,1,1,0,0,0,0,1,0,0,1,0.56,0,0,0
Zur's Weirding,14,235,0,16,11,276,1,1,0,1,0,1,4,0,0,1,0,0,0,1,0,0,0,0,1,0.48,0,0,0
Zur's Weirding,14,235,0,7,11,267,1,1,0,1,0,1,4,0,0,1,0,0,0,1,0,0,0,0,1,0.64,0,0,0
Abandon Reason,14,221,0,9,7,251,1,1,0,1,0,1,3,0,1,0,0,1,0,0,0,0,0,0,1,0.19,0,0,0
Abattoir Ghoul,14,129,57,11,17,228,1,1,0,1,1,1,4,0,1,0,0,0,0,0,0,1,0,0,1,0.17,0,0,0
Aberrant Researcher,19,160,47,9,23,258,1,1,0,1,2,1,4,0,1,0,0,0,0,0,0,1,0,0,1,0.21,0,0,0
Abrade,6,83,64,11,7,171,1,1,0,1,0,1,2,0,1,0,0,1,0,0,0,0,0,0,1,1.44,1,0,0
Abuna Acolyte,13,180,38,13,21,265,1,1,0,1,2,1,2,0,1,0,0,0,0,0,0,1,0,0,1,0.19,0,0,0
Abundant Maw,12,218,0,12,24,266,0,1,-1,1,2,1,8,0,1,0,0,0,0,0,0,1,0,0,0,0.19,0,0,0
Abyssal Specter,15,86,42,14,18,175,1,1,0,1,1,1,4,0,1,0,0,0,0,0,0,1,0,0,2,0.22,0,0,0
Abzan Battle Priest,19,155,42,10,23,249,1,1,0,1,2,1,4,0,1,0,0,0,0,0,0,1,0,0,1,0.24,0,0,0
Abzan Beastmaster,17,136,77,13,23,266,1,1,0,1,2,1,3,0,1,0,0,0,0,0,0,1,0,0,1,0.21,0,0,0
Abzan Charm,11,170,0,15,7,203,3,3,0,1,0,1,3,0,1,0,0,1,0,0,0,0,0,0,3,0.25,0,0,0
Abzan Falconer,14,153,42,15,24,248,1,1,0,1,2,1,3,0,1,0,0,0,0,0,0,1,0,0,1,0.22,0,0,0
Abzan Kin-Guard,15,79,135,16,24,269,1,1,0,1,2,1,4,0,1,0,0,0,0,0,0,1,0,0,1,0.21,0,0,0
Academy Researchers,19,142,68,15,23,267,1,1,0,1,2,1,3,0,1,0,0,0,0,0,0,1,0,0,2,0.26,0,0,0
Accorder Paladin,16,104,63,12,23,218,1,1,0,1,2,1,2,0,1,0,0,0,0,0,0,1,0,0,1,0.21,0,0,0
Accorder's Shield,17,165,119,12,20,333,0,0,0,1,1,1,0,0,1,0,0,0,0,0,1,0,0,0,0,0.21,0,0,0
Accursed Horde,14,203,0,20,17,254,1,1,0,1,1,1,4,0,1,0,0,0,0,0,0,1,0,0,1,0.21,0,0,0
Accursed Witch,14,191,0,11,23,239,1,1,0,1,2,1,4,0,1,0,0,0,0,0,0,1,0,0,1,0.25,0,0,0
Acid Web Spider,15,84,76,10,17,202,1,1,0,1,1,1,5,0,1,0,0,0,0,0,0,1,0,0,2,0.19,0,0,0
Acidic Slime,12,172,0,13,15,212,1,1,0,1,1,1,5,0,1,0,0,0,0,0,0,1,0,0,2,0.2,0,0,0
Acidic Slime,12,172,0,13,15,212,1,1,0,1,1,1,5,0,1,0,0,0,0,0,0,1,0,0,2,0.2,0,0,0
Acidic Slime,12,172,0,13,15,212,1,1,0,1,1,1,5,0,1,0,0,0,0,0,0,1,0,0,2,0.22,0,0,0
Acidic Slime,12,172,0,13,15,212,1,1,0,1,1,1,5,0,1,0,0,0,0,0,0,1,0,0,2,0.22,0,0,0
Acid-Spewer Dragon,18,285,0,12,17,332,1,1,0,1,1,1,6,0,1,0,0,0,0,0,0,1,0,0,1,0.23,0,0,0
Acolyte of the Inferno,22,234,0,13,21,290,1,1,0,1,2,1,3,0,1,0,0,0,0,0,0,1,0,0,1,0.21,0,0,0
Acolyte's Reward,16,306,0,15,7,344,1,1,0,1,0,1,2,0,1,0,0,1,0,0,0,0,0,0,1,0.2,0,0,0
Act of Aggression,17,173,0,12,7,209,1,1,0,1,0,1,5,0,1,0,0,1,0,0,0,0,0,0,2,0.2,0,0,0
Act of Treason,14,140,83,14,7,258,1,1,0,1,0,1,3,0,1,0,0,0,1,0,0,0,0,0,1,0.19,0,0,0
Act on Impulse,14,234,65,11,7,331,1,1,0,1,0,1,3,0,1,0,0,0,1,0,0,0,0,0,1,0.2,0,0,0
Adanto Vanguard,15,181,0,15,26,237,1,1,0,1,2,1,2,0,1,0,0,0,0,0,0,1,0,0,1,0.24,0,0,0
Adarkar Windform,16,117,56,14,24,227,1,1,0,1,1,1,5,0,1,0,0,0,0,0,0,1,0,0,1,0.22,0,0,0
Advanced Stitchwing,19,107,60,12,24,222,1,1,0,1,2,1,5,0,1,0,0,0,0,0,0,1,0,0,2,0.2,0,0,0
Adverse Conditions,18,249,0,15,7,289,0,1,-1,1,0,1,4,0,1,0,0,1,0,0,0,0,0,0,1,0.2,0,0,0
Advice from the Fae,19,330,0,6,7,362,1,1,0,1,0,1,6,0,1,0,0,0,1,0,0,0,0,0,4,0.22,0,0,0
Aerial Modification,19,166,0,9,18,212,1,1,0,1,1,1,5,0,1,0,0,0,0,1,0,0,0,0,1,0.2,0,0,0
Aerial Responder,16,27,185,12,24,264,1,1,0,1,2,1,3,0,1,0,0,0,0,0,0,1,0,0,2,0.22,0,0,0
Aerie Mystics,13,122,160,8,22,325,1,3,-2,1,2,1,5,0,1,0,0,0,0,0,0,1,0,0,1,0.2,0,0,0
Aerie Worshippers,17,149,40,9,23,238,1,1,0,1,2,1,4,0,1,0,0,0,0,0,0,1,0,0,1,0.2,0,0,0
Aeronaut Admiral,16,40,105,10,22,193,1,1,0,1,2,1,4,0,1,0,0,0,0,0,0,1,0,0,1,0.21,0,0,0
Aether Figment,14,186,0,14,19,233,1,1,0,1,1,1,2,0,1,0,0,0,0,0,0,1,0,0,1,0.19,0,0,0
Aether Hub,10,163,33,10,4,220,0,0,0,1,0,1,0,0,1,0,0,0,0,0,0,0,1,0,0,1.25,1,0,0
Aether Meltdown,15,210,0,11,18,254,1,1,0,1,1,1,2,0,1,0,0,0,0,1,0,0,0,0,1,0.23,0,0,0
Aether Membrane,15,167,0,29,15,226,1,1,0,1,1,1,3,0,1,0,0,0,0,0,0,1,0,0,2,0.87,0,0,0
Aether Shockwave,16,63,194,14,7,294,1,1,0,1,0,1,4,0,1,0,0,1,0,0,0,0,0,0,1,0.23,0,0,0
Aether Vial,11,226,0,16,8,261,0,0,0,1,0,1,1,0,1,0,0,0,0,0,1,0,0,0,0,39.44,1,1,1
Aetherborn Marauder,19,159,79,13,27,297,1,1,0,1,2,1,4,0,1,0,0,0,0,0,0,1,0,0,1,0.2,0,0,0
Aetherize,9,53,109,11,7,189,1,1,0,1,0,1,4,0,1,0,0,1,0,0,0,0,0,0,1,0.24,0,0,0
Aetherplasm,11,186,60,7,19,283,1,1,0,1,1,1,4,0,1,0,0,0,0,0,0,1,0,0,2,0.3,0,0,0
Aethertorch Renegade,20,256,0,12,22,310,1,1,0,1,2,1,3,0,1,0,0,0,0,0,0,1,0,0,1,0.2,0,0,0
Affa Guard Hound,16,159,94,13,16,298,1,1,0,1,1,1,3,0,1,0,0,0,0,0,0,1,0,0,1,0.19,0,0,0
Afflicted Deserter,18,96,95,13,25,247,1,1,0,1,2,1,4,0,1,0,0,0,0,0,0,1,0,0,1,0.21,0,0,0
Agent of Erebos,15,154,78,20,29,296,1,1,0,2,1,1,4,0,1,0,0,0,0,1,0,1,0,0,1,0.24,0,0,0
Agent of Masks,14,107,85,13,24,243,2,2,0,1,2,1,5,0,1,0,0,0,0,0,0,1,0,0,2,0.25,0,0,0
Aggravate,9,128,82,12,7,238,1,1,0,1,0,1,5,0,1,0,0,1,0,0,0,0,0,0,2,0.18,0,0,0
Agonizing Memories,18,113,97,8,7,243,1,1,0,1,0,1,4,0,1,0,0,0,1,0,0,0,0,0,2,0.21,0,0,0
Agoraphobia,11,95,59,10,18,193,1,1,0,1,1,1,2,0,1,0,0,0,0,1,0,0,0,0,1,0.17,0,0,0
Ahn-Crop Champion,17,161,69,16,24,287,2,2,0,1,2,1,4,0,1,0,0,0,0,0,0,1,0,0,2,0.19,0,0,0
Ahn-Crop Crasher,16,166,113,12,27,334,1,1,0,1,2,1,3,0,1,0,0,0,0,0,0,1,0,0,1,0.32,0,0,0
Ainok Survivalist,17,260,0,16,23,316,1,1,0,1,2,1,2,0,1,0,0,0,0,0,0,1,0,0,1,0.22,0,0,0
Air Elemental,13,6,170,16,20,225,1,1,0,1,1,1,5,0,1,0,0,0,0,0,0,1,0,0,2,0.17,0,0,0
Air Elemental,13,6,201,10,20,250,1,1,0,1,1,1,5,0,1,0,0,0,0,0,0,1,0,0,2,0.2,0,0,0
Air Elemental,13,6,201,10,20,250,1,1,0,1,1,1,5,0,1,0,0,0,0,0,0,1,0,0,2,0.2,0,0,0
Air Elemental,13,6,51,13,20,103,1,1,0,1,1,1,5,0,1,0,0,0,0,0,0,1,0,0,2,0.21,0,0,0
Air Elemental,13,6,51,13,20,103,1,1,0,1,1,1,5,0,1,0,0,0,0,0,0,1,0,0,2,0.22,0,0,0
Air Servant,11,47,160,15,20,253,1,1,0,1,1,1,5,0,1,0,0,0,0,0,0,1,0,0,1,0.17,0,0,0
Air Servant,11,47,160,15,20,253,1,1,0,1,1,1,5,0,1,0,0,0,0,0,0,1,0,0,1,0.18,0,0,0
Airdrop Aeronauts,17,141,42,14,22,236,1,1,0,1,2,1,5,0,1,0,0,0,0,0,0,1,0,0,2,0.2,0,0,0
Ajani's Comrade,15,126,37,11,22,211,1,1,0,1,2,1,2,0,1,0,0,0,0,0,0,1,0,0,1,0.25,0,0,0
Ajani's Pridemate,17,73,62,15,22,189,1,1,0,1,2,1,2,0,1,0,0,0,0,0,0,1,0,0,1,0.45,0,0,0
Ajani's Pridemate,17,73,62,15,22,189,1,1,0,1,2,1,2,0,1,0,0,0,0,0,0,1,0,0,1,0.49,0,0,0
Akki Coalflinger,16,79,50,7,24,176,1,1,0,1,2,1,3,0,1,0,0,0,0,0,0,1,0,0,2,0.2,0,0,0
Akki Raider,11,103,170,17,25,326,1,1,0,1,2,1,2,0,1,0,0,0,0,0,0,1,0,0,1,0.23,0,0,0
Akki Underminer,15,93,204,14,30,356,1,1,0,1,3,1,4,0,1,0,0,0,0,0,0,1,0,0,1,0.22,0,0,0
Akoum Boulderfoot,17,94,113,22,24,270,1,1,0,1,2,1,6,0,1,0,0,0,0,0,0,1,0,0,2,0.2,0,0,0
Akoum Refuge,12,141,0,11,4,168,0,2,-2,1,0,1,0,0,1,0,0,0,0,0,0,0,1,0,0,0.24,0,0,0
Akoum Stonewaker,16,222,0,20,23,281,1,1,0,1,2,1,2,0,1,0,0,0,0,0,0,1,0,0,1,0.2,0,0,0
Akroan Conscriptor,18,181,27,11,23,260,1,1,0,1,2,1,5,0,1,0,0,0,0,0,0,1,0,0,1,0.2,0,0,0
Akroan Hoplite,14,123,71,13,24,245,2,2,0,1,2,1,2,0,1,0,0,0,0,0,0,1,0,0,2,0.19,0,0,0
Akroan Line Breaker,19,235,89,11,24,378,1,1,0,1,2,1,3,0,1,0,0,0,0,0,0,1,0,0,1,0.19,0,0,0
Akroan Phalanx,14,68,47,14,24,167,1,2,-1,1,2,1,4,0,1,0,0,0,0,0,0,1,0,0,1,0.21,0,0,0
Alabaster Mage,14,151,105,4,23,297,1,1,0,1,2,1,2,0,1,0,0,0,0,0,0,1,0,0,1,0.19,0,0,0
Algae Gharial,13,144,104,12,20,293,1,1,0,1,1,1,4,0,1,0,0,0,0,0,0,1,0,0,1,0.2,0,0,0
Allied Reinforcements,21,49,116,12,7,205,1,1,0,1,0,1,4,0,1,0,0,0,1,0,0,0,0,0,1,0.2,0,0,0
Alloy Myr,9,49,68,12,23,161,0,0,0,2,1,1,3,0,1,0,0,0,0,0,1,1,0,0,0,0.27,0,0,0
Alluring Siren,14,72,216,6,16,324,1,1,0,1,1,1,2,0,1,0,0,0,0,0,0,1,0,0,1,0.19,0,0,0
Alluring Siren,14,72,216,6,16,324,1,1,0,1,1,1,2,0,1,0,0,0,0,0,0,1,0,0,1,0.2,0,0,0
Alluring Siren,14,72,120,6,16,228,1,1,0,1,1,1,2,0,1,0,0,0,0,0,0,1,0,0,1,0.2,0,0,0
Alpha Authority,15,96,95,12,18,236,1,1,0,1,1,1,2,0,1,0,0,0,0,1,0,0,0,0,1,0.23,0,0,0
Altac Bloodseeker,17,257,0,16,26,316,1,1,0,1,2,1,2,0,1,0,0,0,0,0,0,1,0,0,1,0.2,0,0,0
Altar of the Lost,17,183,0,7,8,215,0,0,0,1,0,1,3,0,1,0,0,0,0,0,1,0,0,0,0,0.18,0,0,0
Altar's Light,13,37,107,11,7,175,1,1,0,1,0,1,4,0,1,0,0,1,0,0,0,0,0,0,2,0.23,0,0,0
Ambition's Cost,15,41,30,13,7,106,1,1,0,1,0,1,4,0,1,0,0,0,1,0,0,0,0,0,1,0.47,0,0,0
Ambuscade Shaman,16,314,0,15,21,366,1,1,0,1,2,1,3,0,1,0,0,0,0,0,0,1,0,0,1,0.23,0,0,0
Ana Battlemage,14,404,0,10,23,451,1,3,-2,1,2,1,3,0,1,0,0,0,0,0,0,1,0,0,1,0.23,0,0,0
Anaconda,8,88,127,15,16,254,1,1,0,1,1,1,4,0,1,0,0,0,0,0,0,1,0,0,1,0.23,0,0,0
Anarchist,9,107,45,4,23,188,1,1,0,1,2,1,5,0,1,0,0,0,0,0,0,1,0,0,1,0.24,0,0,0
Anathemancer,12,350,0,16,24,402,2,2,0,1,2,1,3,0,1,0,0,0,0,0,0,1,0,0,2,0.23,0,0,0
Ancestor's Chosen,17,183,35,12,23,270,1,1,0,1,2,1,7,0,1,0,0,0,0,0,0,1,0,0,2,0.22,0,0,0
Anchor to the Aether,20,151,0,12,7,190,1,1,0,1,0,1,3,0,1,0,0,0,1,0,0,0,0,0,1,0.21,0,0,0
Ancient of the Equinox,22,17,94,11,19,163,1,2,-1,1,1,1,3,0,1,0,0,0,0,0,0,1,0,0,0,0.21,0,0,0
Ancient Silverback,18,175,0,16,14,223,1,1,0,1,1,1,6,0,1,0,0,0,0,0,0,1,0,0,2,0.2,0,0,0
Ancient Ziggurat,16,96,120,9,4,245,0,0,0,1,0,1,0,0,1,0,0,0,0,0,0,0,1,0,0,9.33,1,1,0
Angel of Mercy,14,67,42,17,16,156,1,1,0,1,1,1,5,0,1,0,0,0,0,0,0,1,0,0,1,0.21,0,0,0
Angel of Mercy,14,67,0,17,16,114,1,1,0,1,1,1,5,0,1,0,0,0,0,0,0,1,0,0,1,0.23,0,0,0
Angel of Mercy,14,67,41,11,16,149,1,1,0,1,1,1,5,0,1,0,0,0,0,0,0,1,0,0,1,0.24,0,0,0
Angel of Renewal,16,99,56,13,21,205,1,1,0,1,2,1,6,0,1,0,0,0,0,0,0,1,0,0,1,0.2,0,0,0
Angel of the God-Pharaoh,24,57,117,10,16,224,1,1,0,1,1,1,6,0,1,0,0,0,0,0,0,1,0,0,2,0.21,0,0,0
Angelic Accord,14,127,74,16,11,242,1,1,0,1,0,1,4,0,1,0,0,0,0,1,0,0,0,0,1,0.31,0,0,0
Angelic Armaments,17,115,55,16,20,223,0,0,0,1,1,1,3,0,1,0,0,0,0,0,1,0,0,0,0,0.19,0,0,0
Angelic Benediction,19,176,46,15,11,267,1,1,0,1,0,1,4,0,1,0,0,0,0,1,0,0,0,0,1,0.2,0,0,0
Angelic Benediction,19,176,61,15,11,282,1,1,0,1,0,1,4,0,1,0,0,0,0,1,0,0,0,0,1,0.23,0,0,0
Angel's Feather,15,59,87,12,8,181,0,0,0,1,0,1,2,0,1,0,0,0,0,0,1,0,0,0,0,0.2,0,0,0
Angel's Feather,15,59,87,12,8,181,0,0,0,1,0,1,2,0,1,0,0,0,0,0,1,0,0,0,0,0.2,0,0,0
Angel's Feather,15,59,104,12,8,198,0,0,0,1,0,1,2,0,1,0,0,0,0,0,1,0,0,0,0,0.2,0,0,0
Angel's Feather,15,59,87,12,8,181,0,0,0,1,0,1,2,0,1,0,0,0,0,0,1,0,0,0,0,0.21,0,0,0
Angel's Feather,15,59,87,12,8,181,0,0,0,1,0,1,2,0,1,0,0,0,0,0,1,0,0,0,0,0.22,0,0,0
Angel's Feather,15,59,87,12,8,181,0,0,0,1,0,1,2,0,1,0,0,0,0,0,1,0,0,0,0,0.24,0,0,0
Angel's Herald,14,195,66,12,23,310,1,1,0,1,2,1,1,0,1,0,0,0,0,0,0,1,0,0,1,0.2,0,0,0
Angel's Tomb,12,162,73,9,8,264,0,0,0,1,0,1,3,0,1,0,0,0,0,0,1,0,0,0,0,0.1,0,0,0
Angel's Tomb,12,162,72,9,8,263,0,0,0,1,0,1,3,0,1,0,0,0,0,0,1,0,0,0,0,0.2,0,0,0
Angler Drake,12,100,98,15,16,241,1,1,0,1,1,1,6,0,1,0,0,0,0,0,0,1,0,0,2,0.19,0,0,0
Annex,5,130,36,9,18,198,1,1,0,1,1,1,4,0,1,0,0,0,0,1,0,0,0,0,2,0.25,0,0,0
Anointer of Champions,21,60,107,15,23,226,1,1,0,1,2,1,1,0,1,0,0,0,0,0,0,1,0,0,1,0.21,0,0,0
Anvilwrought Raptor,19,20,122,12,24,197,0,0,0,2,1,1,4,0,1,0,0,0,0,0,1,1,0,0,0,0.19,0,0,0
Appetite for Brains,19,125,60,16,7,227,1,1,0,1,0,1,1,0,1,0,0,0,1,0,0,0,0,0,1,0.2,0,0,0
Aquus Steed,11,58,116,11,16,212,1,1,0,1,1,1,4,0,1,0,0,0,0,0,0,1,0,0,1,0.19,0,0,0
Arachnoid,9,54,98,12,26,199,0,0,0,2,1,1,6,0,1,0,0,0,0,0,1,1,0,0,0,0.2,0,0,0
Arashin War Beast,17,247,0,14,16,294,1,1,0,1,1,1,7,0,1,0,0,0,0,0,0,1,0,0,2,0.21,0,0,0
Arbalest Elite,14,142,60,10,23,249,1,1,0,1,2,1,4,0,1,0,0,0,0,0,0,1,0,0,2,0.19,0,0,0
Arborback Stomper,17,71,118,9,16,231,1,1,0,1,1,1,5,0,1,0,0,0,0,0,0,1,0,0,2,0.18,0,0,0
Arc Blade,9,348,0,10,7,374,1,1,0,1,0,1,5,0,1,0,0,0,1,0,0,0,0,0,2,0.29,0,0,0
Arc Lightning,13,108,29,12,7,169,1,1,0,1,0,1,3,0,1,0,0,0,1,0,0,0,0,0,1,0.2,0,0,0
Arc Trail,9,104,121,14,7,255,1,1,0,1,0,1,2,0,1,0,0,0,1,0,0,0,0,0,1,0.2,0,0,0
Arcane Sanctum,14,90,124,17,4,249,0,3,-3,1,0,1,0,0,1,0,0,0,0,0,0,0,1,0,0,1,1,0,0
Arcane Teachings,16,218,44,14,18,310,1,1,0,1,1,1,3,0,1,0,0,0,0,1,0,0,0,0,1,0.22,0,0,0
Arcanum Wings,13,125,114,10,18,280,1,1,0,1,1,1,2,0,1,0,0,0,0,1,0,0,0,0,1,0.4,0,0,0
Arcbound Crusher,16,240,0,14,30,300,0,0,0,2,1,1,4,0,1,0,0,0,0,0,1,1,0,0,0,0.55,0,0,0
Arcbound Fiend,14,341,0,6,26,387,0,0,0,2,1,1,6,0,1,0,0,0,0,0,1,1,0,0,0,0.23,0,0,0
Arcbound Lancer,15,158,0,9,25,207,0,0,0,2,1,1,7,0,1,0,0,0,0,0,1,1,0,0,0,0.22,0,0,0
Arcbound Slith,14,225,0,12,25,276,0,0,0,2,1,1,2,0,1,0,0,0,0,0,1,1,0,0,0,0.42,0,0,0
Arcbound Wanderer,17,188,0,19,25,249,0,0,0,2,1,1,6,0,1,0,0,0,0,0,1,1,0,0,0,0.21,0,0,0
Archangel,9,17,89,16,16,147,1,1,0,1,1,1,7,0,1,0,0,0,0,0,0,1,0,0,2,0.2,0,0,0
Archetype of Aggression,23,113,152,15,36,339,1,1,0,2,2,1,3,0,1,0,0,0,0,1,0,1,0,0,2,0.29,0,0,0
Archetype of Courage,20,128,102,13,36,299,1,1,0,2,2,1,3,0,1,0,0,0,0,1,0,1,0,0,2,0.96,0,0,0
Archetype of Endurance,22,116,113,15,27,293,1,1,0,2,1,1,8,0,1,0,0,0,0,1,0,1,0,0,2,1,1,0,0
Archetype of Finality,21,122,70,10,29,252,1,1,0,2,1,1,6,0,1,0,0,0,0,1,0,1,0,0,2,0.31,0,0,0
Archetype of Imagination,24,110,80,14,35,263,1,1,0,2,2,1,6,0,1,0,0,0,0,1,0,1,0,0,2,0.32,0,0,0
Archweaver,10,14,97,11,17,149,1,1,0,1,1,1,7,0,1,0,0,0,0,0,0,1,0,0,2,0.19,0,0,0
Arctic Aven,11,185,0,13,22,231,1,2,-1,1,2,1,3,0,1,0,0,0,0,0,0,1,0,0,1,0.19,0,0,0
Arctic Flats,12,82,149,9,9,261,0,2,-2,1,0,1,0,0,1,0,0,0,0,0,0,0,1,0,0,0.95,0,0,0
Arctic Nishoba,14,256,0,12,22,304,1,2,-1,1,2,1,6,0,1,0,0,0,0,0,0,1,0,0,1,0.23,0,0,0
Ardent Militia,14,9,95,13,24,155,1,1,0,1,2,1,5,0,1,0,0,0,0,0,0,1,0,0,1,0.21,0,0,0
Ardent Plea,11,341,0,6,11,369,2,2,0,1,0,1,3,0,1,0,0,0,0,1,0,0,0,0,2,1.22,1,0,0
Arena Athlete,13,122,85,10,16,246,1,1,0,1,1,1,2,0,1,0,0,0,0,0,0,1,0,0,1,0.19,0,0,0
Argent Mutation,15,99,99,29,7,249,1,1,0,1,0,1,3,0,1,0,0,1,0,0,0,0,0,0,1,0.2,0,0,0
Arm with Aether,15,172,71,10,7,275,1,1,0,1,0,1,3,0,1,0,0,0,1,0,0,0,0,0,1,0.2,0,0,0
Armament Corps,14,120,99,15,24,272,3,3,0,1,2,1,5,0,1,0,0,0,0,0,0,1,0,0,3,0.2,0,0,0
Armorcraft Judge,16,115,53,13,24,221,1,1,0,1,2,1,4,0,1,0,0,0,0,0,0,1,0,0,1,0.2,0,0,0
Armored Ascension,17,90,110,12,18,247,1,1,0,1,1,1,4,0,1,0,0,0,0,1,0,0,0,0,1,0.23,0,0,0
Armored Ascension,17,90,104,13,18,242,1,1,0,1,1,1,4,0,1,0,0,0,0,1,0,0,0,0,1,0.24,0,0,0
Armored Ascension,17,90,85,13,18,223,1,1,0,1,1,1,4,0,1,0,0,0,0,1,0,0,0,0,1,0.24,0,0,0
Armory of Iroas,15,72,142,13,20,262,0,0,0,1,1,1,2,0,1,0,0,0,0,0,1,0,0,0,0,0.2,0,0,0
Arms Dealer,11,74,114,14,23,236,1,1,0,1,2,1,3,0,1,0,0,0,0,0,0,1,0,0,1,0.2,0,0,0
Arrest,6,106,101,12,18,243,1,1,0,1,1,1,3,0,1,0,0,0,0,1,0,0,0,0,1,0.2,0,0,0
Arrogant Bloodlord,18,134,102,11,25,290,1,1,0,1,2,1,3,0,1,0,0,0,0,0,0,1,0,0,2,0.2,0,0,0
Arrow Volley Trap,17,209,0,12,14,252,1,1,0,1,1,1,5,0,1,0,0,1,0,0,0,0,0,0,2,0.19,0,0,0
Arrows of Justice,17,74,97,11,7,206,2,2,0,1,0,1,3,0,1,0,0,1,0,0,0,0,0,0,1,0.18,0,0,0
Artificer's Hex,15,123,71,15,18,242,1,1,0,1,1,1,1,0,1,0,0,0,0,1,0,0,0,0,1,0.19,0,0,0
Artisan of Kozilek,18,201,0,11,18,248,0,0,0,1,1,1,9,0,1,0,0,0,0,0,0,1,0,0,0,0.44,0,0,0
Artisan's Sorrow,16,184,68,9,7,284,1,1,0,1,0,1,4,0,1,0,0,1,0,0,0,0,0,0,1,0.2,0,0,0
Ascended Lawmage,16,98,110,8,26,258,2,2,0,1,2,1,4,0,1,0,0,0,0,0,0,1,0,0,2,0.19,0,0,0
Ashen Monstrosity,17,52,156,15,17,257,1,1,0,1,1,1,7,0,1,0,0,0,0,0,0,1,0,0,2,0.22,0,0,0
Ashenmoor Gouger,16,29,107,12,28,192,2,2,0,1,2,1,3,0,1,0,0,0,0,0,0,1,0,0,3,0.28,0,0,0
Ashiok's Adept,14,94,87,11,23,229,1,1,0,1,2,1,3,0,1,0,0,0,0,0,0,1,0,0,1,0.19,0,0,0
Ashmouth Blade,14,60,75,11,20,180,0,0,0,1,1,1,1,0,1,0,0,0,0,0,1,0,0,0,0,0.21,0,0,0
Aspect of Mongoose,18,213,0,11,18,260,1,1,0,1,1,1,2,0,1,0,0,0,0,1,0,0,0,0,1,0.34,0,0,0
Assassin's Strike,17,56,111,11,7,202,1,1,0,1,0,1,6,0,1,0,0,0,1,0,0,0,0,0,2,0.19,0,0,0
Assembly-Worker,15,66,148,6,35,270,0,0,0,2,1,1,3,0,1,0,0,0,0,0,1,1,0,0,0,0.2,0,0,0
Assert Authority,16,207,0,16,7,246,1,1,0,1,0,1,7,0,1,0,0,1,0,0,0,0,0,0,2,0.2,0,0,0
Atarka Monument,15,149,74,16,8,262,0,2,-2,1,0,1,3,0,1,0,0,0,0,0,1,0,0,0,0,0.23,0,0,0
Atarka Pummeler,15,216,0,14,23,268,1,1,0,1,2,1,5,0,1,0,0,0,0,0,0,1,0,0,1,0.21,0,0,0
Atog,4,57,51,9,15,136,1,1,0,1,1,1,2,0,1,0,0,0,0,0,0,1,0,0,1,0.3,0,0,0
Atzocan Archer,14,149,80,11,23,277,1,1,0,1,2,1,3,0,1,0,0,0,0,0,0,1,0,0,1,0.19,0,0,0
Augur of Bolas,14,230,0,15,25,284,1,1,0,1,2,1,2,0,1,0,0,0,0,0,0,1,0,0,1,0.24,0,0,0
Aura Barbs,10,137,0,14,16,177,1,1,0,1,1,1,3,0,1,0,0,1,0,0,0,0,0,0,1,0.23,0,0,0
Aura Graft,10,106,62,8,7,193,1,1,0,1,0,1,2,0,1,0,0,1,0,0,0,0,0,0,1,0.22,0,0,0
Aura of Dominion,16,85,120,14,18,253,1,1,0,1,1,1,2,0,1,0,0,0,0,1,0,0,0,0,2,0.22,0,0,0
Aura of Silence,15,141,35,20,11,222,1,1,0,1,0,1,3,0,1,0,0,0,0,1,0,0,0,0,2,1.99,1,0,0
Auramancer's Guise,18,94,59,12,18,201,1,1,0,1,1,1,4,0,1,0,0,0,0,1,0,0,0,0,2,0.4,0,0,0
Auratouched Mage,16,296,0,13,23,348,1,1,0,1,2,1,6,0,1,0,0,0,0,0,0,1,0,0,1,0.21,0,0,0
Auriok Bladewarden,18,89,91,11,24,233,1,1,0,1,2,1,2,0,1,0,0,0,0,0,0,1,0,0,1,0.19,0,0,0
Auriok Edgewright,17,96,104,11,24,252,1,1,0,1,2,1,2,0,1,0,0,0,0,0,0,1,0,0,2,0.2,0,0,0
Auriok Salvagers,16,104,105,14,24,263,1,1,0,1,2,1,4,0,1,0,0,0,0,0,0,1,0,0,1,0.23,0,0,0
Auriok Siege Sled,17,144,62,10,30,263,0,0,0,2,1,1,6,0,1,0,0,0,0,0,1,1,0,0,0,0.2,0,0,0
Auriok Survivors,16,172,85,11,24,308,1,1,0,1,2,1,6,0,1,0,0,0,0,0,0,1,0,0,1,0.2,0,0,0
Aurora of Emrakul,17,82,200,9,29,337,0,0,0,1,2,1,3,0,1,0,0,0,0,0,0,1,0,0,0,0.22,0,0,0
Autumnal Gloom,14,198,0,11,11,234,1,2,-1,1,0,1,3,0,1,0,0,0,0,1,0,0,0,0,1,0.21,0,0,0
Autumn's Veil,13,154,69,12,7,255,1,1,0,1,0,1,1,0,1,0,0,1,0,0,0,0,0,0,1,0.18,0,0,0
Autumn's Veil,13,154,69,12,7,255,1,1,0,1,0,1,1,0,1,0,0,1,0,0,0,0,0,0,1,0.19,0,0,0
Avacynian Missionaries,22,87,61,14,23,207,1,1,0,1,2,1,4,0,1,0,0,0,0,0,0,1,0,0,1,0.22,0,0,0
Avacyn's Collar,15,163,0,11,20,209,0,0,0,1,1,1,1,0,1,0,0,0,0,0,1,0,0,0,0,0.19,0,0,0
Avarice Totem,13,68,95,12,8,196,0,0,0,1,0,1,1,0,1,0,0,0,0,0,1,0,0,0,0,0.22,0,0,0
Aven Mindcensor,15,116,0,12,22,165,1,1,0,1,2,1,3,0,1,0,0,0,0,0,0,1,0,0,1,2.46,1,0,0
Aven Sunstriker,15,245,0,21,23,304,1,1,0,1,2,1,3,0,1,0,0,0,0,0,0,1,0,0,2,0.23,0,0,0
Aven Wind Guide,15,260,0,19,23,317,2,2,0,1,2,1,4,0,1,0,0,0,0,0,0,1,0,0,2,0.19,0,0,0
Avid Reclaimer,14,92,45,12,22,185,1,2,-1,1,2,1,3,0,1,0,0,0,0,0,0,1,0,0,1,0.11,0,0,0
Awakener Druid,14,172,84,10,22,302,1,1,0,1,2,1,3,0,1,0,0,0,0,0,0,1,0,0,1,0.19,0,0,0
Awakener Druid,14,172,84,10,22,302,1,1,0,1,2,1,3,0,1,0,0,0,0,0,0,1,0,0,1,0.2,0,0,0
Azorius Aethermage,18,87,99,5,23,232,2,2,0,1,2,1,3,0,1,0,0,0,0,0,0,1,0,0,2,0.23,0,0,0
Azorius Charm,13,159,77,12,7,268,2,2,0,1,0,1,2,0,1,0,0,1,0,0,0,0,0,0,2,0.3,0,0,0
Azorius Guildmage,17,106,0,19,26,168,2,2,0,1,2,1,2,0,1,0,0,0,0,0,0,1,0,0,2,0.52,0,0,0
Azorius Herald,14,183,57,12,17,283,1,2,-1,1,1,1,3,0,1,0,0,0,0,0,0,1,0,0,1,0.28,0,0,0
Azorius Justiciar,17,216,66,10,23,332,1,1,0,1,2,1,4,0,1,0,0,0,0,0,0,1,0,0,2,0.2,0,0,0
Azorius Keyrune,15,145,79,16,8,263,0,2,-2,1,0,1,3,0,1,0,0,0,0,0,1,0,0,0,0,0.16,0,0,0
Azorius Ploy,12,139,90,14,7,262,2,2,0,1,0,1,4,0,1,0,0,1,0,0,0,0,0,0,3,0.22,0,0,0
Azure Drake,11,6,145,15,16,193,1,1,0,1,1,1,4,0,1,0,0,0,0,0,0,1,0,0,1,0.21,0,0,0
Azure Mage,10,20,114,4,23,171,1,1,0,1,2,1,2,0,1,0,0,0,0,0,0,1,0,0,1,0.2,0,0,0
Back to Nature,14,25,119,11,7,176,1,1,0,1,0,1,2,0,1,0,0,1,0,0,0,0,0,0,1,0.21,0,0,0
Back to Nature,14,25,92,11,7,149,1,1,0,1,0,1,2,0,1,0,0,1,0,0,0,0,0,0,1,0.24,0,0,0
Balduvian Fallen,16,294,0,12,17,339,1,2,-1,1,1,1,4,0,1,0,0,0,0,0,0,1,0,0,1,0.22,0,0,0
Balduvian Frostwaker,20,96,80,14,23,233,1,1,0,1,2,1,3,0,1,0,0,0,0,0,0,1,0,0,1,0.22,0,0,0
Balduvian Rage,14,111,136,11,7,279,1,1,0,1,0,1,1,0,1,0,0,1,0,0,0,0,0,0,1,0.35,0,0,0
Balduvian Warlord,17,266,0,13,26,322,1,1,0,1,2,1,4,0,1,0,0,0,0,0,0,1,0,0,1,0.24,0,0,0
Baleful Ammit,13,103,115,12,26,269,1,1,0,1,2,1,3,0,1,0,0,0,0,0,0,1,0,0,1,0.22,0,0,0
Baleful Stare,13,94,102,14,7,230,1,1,0,1,0,1,3,0,1,0,0,0,1,0,0,0,0,0,1,0.21,0,0,0
Ballista Charger,16,220,0,9,18,263,0,0,0,1,1,1,5,0,1,0,0,0,0,0,1,0,0,0,0,0.19,0,0,0
Ballista Squad,14,84,52,17,22,189,1,1,0,1,2,1,4,0,1,0,0,0,0,0,0,1,0,0,1,0.23,0,0,0
Ballista Squad,14,84,52,17,22,189,1,1,0,1,2,1,4,0,1,0,0,0,0,0,0,1,0,0,1,0.23,0,0,0
Baloth Cage Trap,16,194,0,10,14,234,1,1,0,1,1,1,5,0,1,0,0,1,0,0,0,0,0,0,2,0.2,0,0,0
Baloth Null,11,113,95,12,23,254,2,2,0,1,2,1,6,0,1,0,0,0,0,0,0,1,0,0,2,0.19,0,0,0
Baloth Pup,10,63,124,14,16,227,1,1,0,1,1,1,2,0,1,0,0,0,0,0,0,1,0,0,1,0.21,0,0,0
Baloth Woodcrasher,18,136,118,29,16,317,1,1,0,1,1,1,6,0,1,0,0,0,0,0,0,1,0,0,2,0.2,0,0,0
Bane Alley Broker,17,192,0,13,22,244,2,2,0,1,2,1,3,0,1,0,0,0,0,0,0,1,0,0,2,0.2,0,0,0
Bane of Bala Ged,16,93,132,11,18,270,0,0,0,1,1,1,7,0,1,0,0,0,0,0,0,1,0,0,0,0.24,0,0,0
Bane of Hanweir,15,151,77,14,19,276,1,1,0,1,1,1,3,0,1,0,0,0,0,0,0,1,0,0,0,0.2,0,0,0
Banewhip Punisher,17,184,33,12,24,270,1,1,0,1,2,1,3,0,1,0,0,0,0,0,0,1,0,0,1,0.21,0,0,0
Banisher Priest,15,184,30,13,23,265,1,1,0,1,2,1,3,0,1,0,0,0,0,0,0,1,0,0,2,0.23,0,0,0
Banishing Light,15,194,0,13,11,233,1,1,0,1,0,1,3,0,1,0,0,0,0,1,0,0,0,0,1,0.23,0,0,0
Banishing Stroke,16,201,0,13,7,237,1,1,0,1,0,1,6,0,1,0,0,1,0,0,0,0,0,0,1,0.2,0,0,0
Banshee's Blade,15,339,0,16,20,390,0,0,0,1,1,1,2,0,1,0,0,0,0,0,1,0,0,0,0,0.22,0,0,0
Bant Battlemage,15,116,127,15,23,296,1,3,-2,1,2,1,3,0,1,0,0,0,0,0,0,1,0,0,1,0.23,0,0,0
Bant Charm,10,131,51,14,7,213,3,3,0,1,0,1,3,0,1,0,0,1,0,0,0,0,0,0,3,0.95,0,0,0
Barbed Battlegear,17,39,174,12,20,262,0,0,0,1,1,1,3,0,1,0,0,0,0,0,1,0,0,0,0,0.19,0,0,0
Barbed Shocker,14,147,93,13,17,284,1,1,0,1,1,1,4,0,1,0,0,0,0,0,0,1,0,0,1,0.21,0,0,0
Barrage of Expendables,22,94,64,14,11,205,1,1,0,1,0,1,1,0,1,0,0,0,0,1,0,0,0,0,1,0.2,0,0,0
Barrage Ogre,12,85,138,12,23,270,1,1,0,1,2,1,5,0,1,0,0,0,0,0,0,1,0,0,2,0.19,0,0,0
Barricade Breaker,17,179,116,13,30,355,0,0,0,2,1,1,7,0,1,0,0,0,0,0,1,1,0,0,0,0.2,0,0,0
Barter in Blood,15,37,70,14,7,143,1,1,0,1,0,1,4,0,1,0,0,0,1,0,0,0,0,0,2,0.19,0,0,0
Barter in Blood,15,37,103,13,7,175,1,1,0,1,0,1,4,0,1,0,0,0,1,0,0,0,0,0,2,0.23,0,0,0
Basalt Gargoyle,15,220,0,13,19,267,1,1,0,1,1,1,3,0,1,0,0,0,0,0,0,1,0,0,1,0.2,0,0,0
Bassara Tower Archer,20,15,146,15,23,219,1,1,0,1,2,1,2,0,1,0,0,0,0,0,0,1,0,0,2,0.21,0,0,0
Bathe in Light,14,151,101,22,7,295,1,1,0,1,0,1,2,0,1,0,0,1,0,0,0,0,0,0,1,0.23,0,0,0
Battering Wurm,14,193,0,13,15,235,1,1,0,1,1,1,7,0,1,0,0,0,0,0,0,1,0,0,1,0.21,0,0,0
Battle Brawler,14,96,80,13,22,225,1,1,0,1,2,1,2,0,1,0,0,0,0,0,0,1,0,0,1,0.24,0,0,0
Battle Mastery,14,110,155,29,18,326,1,1,0,1,1,1,3,0,1,0,0,0,0,1,0,0,0,0,1,0.2,0,0,0
Battle Mastery,14,110,87,12,18,241,1,1,0,1,1,1,3,0,1,0,0,0,0,1,0,0,0,0,1,0.23,0,0,0
Battle Mastery,14,110,152,29,18,323,1,1,0,1,1,1,3,0,1,0,0,0,0,1,0,0,0,0,1,0.27,0,0,0
Battle Sliver,13,39,178,15,17,262,1,1,0,1,1,1,5,0,1,0,0,0,0,0,0,1,0,0,1,0.2,0,0,0
Battlefield Scavenger,21,175,0,9,23,228,1,1,0,1,2,1,2,0,1,0,0,0,0,0,0,1,0,0,1,0.2,0,0,0
Battlefront Krushok,19,160,75,14,16,284,1,1,0,1,1,1,5,0,1,0,0,0,0,0,0,1,0,0,1,0.21,0,0,0
Battleground Geist,18,52,123,13,17,223,1,1,0,1,1,1,5,0,1,0,0,0,0,0,0,1,0,0,1,0.18,0,0,0
Battlewise Hoplite,18,232,0,13,24,287,2,2,0,1,2,1,2,0,1,0,0,0,0,0,0,1,0,0,2,0.2,0,0,0
Batwing Brume,13,238,0,21,7,279,2,2,0,1,0,1,2,0,1,0,0,1,0,0,0,0,0,0,1,1.43,1,0,0
Bazaar Krovod,13,116,118,15,16,278,1,1,0,1,1,1,5,0,1,0,0,0,0,0,0,1,0,0,1,0.19,0,0,0
Bearer of Overwhelming Truths,29,268,0,12,23,332,1,1,0,1,2,1,2,0,1,0,0,0,0,0,0,1,0,0,0,0.21,0,0,0
Bear's Companion,16,85,106,13,24,244,3,3,0,1,2,1,5,0,1,0,0,0,0,0,0,1,0,0,3,0.21,0,0,0
Beast Within,12,82,126,11,7,238,1,1,0,1,0,1,3,0,1,0,0,1,0,0,0,0,0,0,1,1.72,1,0,0
Beastbreaker of Bala Ged,24,117,0,13,24,178,1,1,0,1,2,1,2,0,1,0,0,0,0,0,0,1,0,0,1,0.2,0,0,0
Become Immense,14,132,0,11,7,164,1,1,0,1,0,1,6,0,1,0,0,1,0,0,0,0,0,0,1,0.42,0,0,0
Behemoth Sledge,15,68,95,14,20,212,2,2,0,1,1,1,3,0,1,0,0,0,0,0,1,0,0,0,2,0.32,0,0,0
Behemoth's Herald,17,183,80,13,21,314,1,1,0,1,2,1,1,0,1,0,0,0,0,0,0,1,0,0,1,0.21,0,0,0
Behind the Scenes,17,149,65,13,11,255,1,2,-1,1,0,1,3,0,1,0,0,0,0,1,0,0,0,0,1,0.22,0,0,0
Belfry Spirit,13,202,0,11,17,243,1,1,0,1,1,1,5,0,1,0,0,0,0,0,0,1,0,0,2,0.22,0,0,0
Belligerent Brontodon,21,93,115,9,19,257,2,2,0,1,1,1,7,0,1,0,0,0,0,0,0,1,0,0,2,0.2,0,0,0
Belligerent Hatchling,21,255,0,14,20,310,2,2,0,1,1,1,4,0,1,0,0,0,0,0,0,1,0,0,1,0.23,0,0,0
Belligerent Sliver,18,98,97,16,17,246,1,1,0,1,1,1,3,0,1,0,0,0,0,0,0,1,0,0,1,0.22,0,0,0
Bellowing Aegisaur,18,109,106,16,19,268,1,1,0,1,1,1,6,0,1,0,0,0,0,0,0,1,0,0,1,0.19,0,0,0
Bellowing Saddlebrute,21,120,0,19,22,182,1,1,0,1,2,1,4,0,1,0,0,0,0,0,0,1,0,0,1,0.2,0,0,0
Bellowing Tanglewurm,20,168,0,2,15,205,1,1,0,1,1,1,5,0,1,0,0,0,0,0,0,1,0,0,2,0.25,0,0,0
Belltoll Dragon,15,280,0,11,17,323,1,1,0,1,1,1,6,0,1,0,0,0,0,0,0,1,0,0,1,0.22,0,0,0
Belltower Sphinx,16,166,0,10,17,209,1,1,0,1,1,1,5,0,1,0,0,0,0,0,0,1,0,0,1,0.21,0,0,0
Belltower Sphinx,16,166,0,10,17,209,1,1,0,1,1,1,5,0,1,0,0,0,0,0,0,1,0,0,1,0.24,0,0,0
Benthicore,10,231,0,10,20,271,1,1,0,1,1,1,7,0,1,0,0,0,0,0,0,1,0,0,1,0.21,0,0,0
Beseech the Queen,17,264,43,10,7,341,1,1,0,1,0,1,6,0,1,0,0,0,1,0,0,0,0,0,4,3.55,1,0,0
Bestial Menace,14,114,74,15,7,224,1,1,0,1,0,1,5,0,1,0,0,0,1,0,0,0,0,0,2,0.21,0,0,0
Betrayal of Flesh,17,183,0,13,7,220,1,1,0,1,0,1,6,0,1,0,0,1,0,0,0,0,0,0,1,0.2,0,0,0
Big Game Hunter,15,254,0,14,31,314,1,1,0,1,3,1,3,0,1,0,0,0,0,0,0,1,0,0,2,2.66,1,0,0
Bile Blight,11,104,72,13,7,207,1,1,0,1,0,1,2,0,1,0,0,1,0,0,0,0,0,0,2,0.18,0,0,0
Birthing Hulk,13,262,0,9,24,308,0,1,-1,1,2,1,7,0,1,0,0,0,0,0,0,1,0,0,1,0.19,0,0,0
Bishop of the Bloodstained,26,114,117,12,25,294,1,1,0,1,2,1,5,0,1,0,0,0,0,0,0,1,0,0,2,0.2,0,0,0
Biting Rain,11,181,49,11,7,259,1,1,0,1,0,1,4,0,1,0,0,0,1,0,0,0,0,0,2,0.21,0,0,0
Biting Tether,13,124,35,14,18,204,1,1,0,1,1,1,5,0,1,0,0,0,0,1,0,0,0,0,1,0.22,0,0,0
Bitterheart Witch,17,167,0,13,23,220,1,1,0,1,2,1,5,0,1,0,0,0,0,0,0,1,0,0,1,0.19,0,0,0
Bituminous Blast,16,292,0,16,7,331,2,2,0,1,0,1,5,0,1,0,0,1,0,0,0,0,0,0,2,0.25,0,0,0
Black Knight,12,199,0,19,23,253,1,1,0,1,2,1,2,0,1,0,0,0,0,0,0,1,0,0,2,0.21,0,0,0
Black Knight,12,199,0,19,23,253,1,1,0,1,2,1,2,0,1,0,0,0,0,0,0,1,0,0,2,0.22,0,0,0
Black Oak of Odunos,19,106,95,10,26,256,1,1,0,1,2,1,3,0,1,0,0,0,0,0,0,1,0,0,1,0.2,0,0,0
Blackmail,9,114,158,19,7,307,1,1,0,1,0,1,1,0,1,0,0,0,1,0,0,0,0,0,1,2.95,1,0,0
Blanchwood Armor,16,173,107,13,18,327,1,1,0,1,1,1,3,0,1,0,0,0,0,1,0,0,0,0,1,0.29,0,0,0
Blanchwood Armor,16,173,0,13,18,220,1,1,0,1,1,1,3,0,1,0,0,0,0,1,0,0,0,0,1,0.32,0,0,0
Blanchwood Armor,16,173,88,13,18,308,1,1,0,1,1,1,3,0,1,0,0,0,0,1,0,0,0,0,1,0.45,0,0,0
Blast of Genius,15,179,59,14,7,274,2,2,0,1,0,1,6,0,1,0,0,0,1,0,0,0,0,0,2,0.2,0,0,0
Blasting Station,16,164,0,14,8,202,0,0,0,1,0,1,3,0,1,0,0,0,0,0,1,0,0,0,0,3.89,1,0,0
Blaze,5,50,22,22,7,106,1,1,0,1,0,1,1,0,1,0,0,0,1,0,0,0,0,0,1,0.25,0,0,0
Blaze,5,50,22,22,7,106,1,1,0,1,0,1,1,0,1,0,0,0,1,0,0,0,0,0,1,0.25,0,0,0
Blaze,5,50,0,22,7,84,1,1,0,1,0,1,1,0,1,0,0,0,1,0,0,0,0,0,1,0.27,0,0,0
Blaze Commando,14,127,82,11,27,261,2,2,0,1,2,1,5,0,1,0,0,0,0,0,0,1,0,0,2,0.2,0,0,0
Blazing Hellhound,17,95,80,13,26,231,2,2,0,1,2,1,4,0,1,0,0,0,0,0,0,1,0,0,2,0.2,0,0,0
Blazing Torch,13,252,0,12,20,297,0,0,0,1,1,1,1,0,1,0,0,0,0,0,1,0,0,0,0,0.2,0,0,0
Blessed Alliance,16,206,0,12,7,241,1,1,0,1,0,1,2,0,1,0,0,1,0,0,0,0,0,0,1,1.36,1,0,0
Blessed Orator,14,38,101,14,23,190,1,1,0,1,2,1,4,0,1,0,0,0,0,0,0,1,0,0,1,0.22,0,0,0
Blessed Spirits,15,86,28,15,17,161,1,1,0,1,1,1,3,0,1,0,0,0,0,0,0,1,0,0,1,0.22,0,0,0
Blessing,8,70,72,14,18,182,1,1,0,1,1,1,2,0,1,0,0,0,0,1,0,0,0,0,2,0.19,0,0,0
Blessing of the Nephilim,24,70,141,16,18,269,1,1,0,1,1,1,1,0,1,0,0,0,0,1,0,0,0,0,1,0.34,0,0,0
Blessings of Nature,19,186,0,17,7,229,1,1,0,1,0,1,5,0,1,0,0,0,1,0,0,0,0,0,1,0.21,0,0,0
Blightcaster,12,97,40,13,23,185,1,1,0,1,2,1,4,0,1,0,0,0,0,0,0,1,0,0,1,0.2,0,0,0
Blightcaster,12,97,40,13,23,185,1,1,0,1,2,1,4,0,1,0,0,0,0,0,0,1,0,0,1,0.22,0,0,0
Blighted Cataract,17,89,68,13,4,191,0,1,-1,1,0,1,0,0,1,0,0,0,0,0,0,0,1,0,0,0.23,0,0,0
Blighted Fen,12,107,115,11,4,249,0,1,-1,1,0,1,0,0,1,0,0,0,0,0,0,0,1,0,0,0.22,0,0,0
Blighted Gorge,14,130,49,9,4,206,0,1,-1,1,0,1,0,0,1,0,0,0,0,0,0,0,1,0,0,0.2,0,0,0
Blighted Steppe,15,118,83,13,4,233,0,1,-1,1,0,1,0,0,1,0,0,0,0,0,0,0,1,0,0,0.19,0,0,0
Blighted Woodland,17,193,0,11,4,225,0,1,-1,1,0,1,0,0,1,0,0,0,0,0,0,0,1,0,0,0.22,0,0,0
Blind with Anger,16,121,170,11,16,334,1,1,0,1,1,1,4,0,1,0,0,1,0,0,0,0,0,0,1,0.22,0,0,0
Blinding Flare,14,134,0,12,7,167,1,1,0,1,0,1,1,0,1,0,0,0,1,0,0,0,0,0,1,0.2,0,0,0
Blinding Powder,15,204,0,16,20,255,0,0,0,1,1,1,1,0,1,0,0,0,0,0,1,0,0,0,0,0.25,0,0,0
Blinding Spray,14,74,77,14,7,186,1,1,0,1,0,1,5,0,1,0,0,1,0,0,0,0,0,0,1,0.19,0,0,0
Blinkmoth Well,14,74,98,12,4,202,0,0,0,1,0,1,0,0,1,0,0,0,0,0,0,0,1,0,0,0.22,0,0,0
Blistercoil Weird,17,104,145,9,16,291,2,2,0,1,1,1,1,0,1,0,0,0,0,0,0,1,0,0,1,0.22,0,0,0
Blizzard Specter,16,183,0,16,23,238,2,2,0,1,1,1,4,0,1,0,0,0,0,0,0,1,0,0,2,0.7,0,0,0
Blockbuster,11,98,121,11,11,252,1,1,0,1,0,1,5,0,1,0,0,0,0,1,0,0,0,0,2,0.21,0,0,0
Blood Artist,12,95,57,13,18,195,1,1,0,1,1,1,2,0,1,0,0,0,0,0,0,1,0,0,1,1.33,1,0,0
Blood Cultist,13,157,17,13,23,223,2,2,0,1,2,1,3,0,1,0,0,0,0,0,0,1,0,0,2,0.22,0,0,0
Blood Feud,10,100,66,13,7,196,1,1,0,1,0,1,6,0,1,0,0,0,1,0,0,0,0,0,2,0.18,0,0,0
Blood Host,10,90,89,16,18,223,1,1,0,1,1,1,5,0,1,0,0,0,0,0,0,1,0,0,2,0.17,0,0,0
Blood Knight,12,35,138,12,23,220,1,1,0,1,2,1,2,0,1,0,0,0,0,0,0,1,0,0,2,0.29,0,0,0
Blood Mist,10,107,126,13,11,267,1,1,0,1,0,1,4,0,1,0,0,0,0,1,0,0,0,0,1,0.2,0,0,0
Blood Reckoning,15,103,66,14,11,209,1,1,0,1,0,1,4,0,1,0,0,0,0,1,0,0,0,0,1,0.2,0,0,0
Blood Rites,11,86,160,13,11,281,1,1,0,1,0,1,5,0,1,0,0,0,0,1,0,0,0,0,2,0.2,0,0,0
Blood Speaker,13,297,0,8,22,340,1,1,0,1,2,1,4,0,1,0,0,0,0,0,0,1,0,0,1,0.43,0,0,0
Bloodbond Vampire,17,65,127,15,30,254,1,1,0,1,3,1,4,0,1,0,0,0,0,0,0,1,0,0,2,0.23,0,0,0
Bloodbraid Elf,14,246,0,16,24,300,2,2,0,1,2,1,4,0,1,0,0,0,0,0,0,1,0,0,2,3.53,1,0,0
Blood-Chin Rager,16,152,43,13,24,248,1,1,0,1,2,1,2,0,1,0,0,0,0,0,0,1,0,0,1,0.25,0,0,0
Blood-Cursed Knight,19,159,76,13,25,292,2,2,0,1,2,1,3,0,1,0,0,0,0,0,0,1,0,0,2,0.24,0,0,0
Bloodfire Enforcers,19,117,145,15,21,317,1,1,0,1,2,1,4,0,1,0,0,0,0,0,0,1,0,0,1,0.21,0,0,0
Bloodfray Giant,15,150,93,12,16,286,1,1,0,1,1,1,4,0,1,0,0,0,0,0,0,1,0,0,2,0.19,0,0,0
Bloodhusk Ritualist,19,201,0,7,25,252,1,1,0,1,2,1,3,0,1,0,0,0,0,0,0,1,0,0,1,0.22,0,0,0
Bloodied Ghost,14,72,121,16,17,240,2,2,0,1,1,1,3,0,1,0,0,0,0,0,0,1,0,0,2,0.2,0,0,0
Bloodmark Mentor,16,44,131,11,25,227,1,1,0,1,2,1,2,0,1,0,0,0,0,0,0,1,0,0,1,1.37,1,0,0
Bloodrage Brawler,17,62,61,15,27,182,1,1,0,1,2,1,2,0,1,0,0,0,0,0,0,1,0,0,1,0.29,0,0,0
Bloodscent,10,60,113,12,7,202,1,1,0,1,0,1,4,0,1,0,0,1,0,0,0,0,0,0,1,0.2,0,0,0
Bloodshot Trainee,17,130,58,12,25,242,1,1,0,1,2,1,4,0,1,0,0,0,0,0,0,1,0,0,1,0.19,0,0,0
Bloodshot Trainee,17,130,123,14,25,309,1,1,0,1,2,1,4,0,1,0,0,0,0,0,0,1,0,0,1,0.2,0,0,0
Bloodthirsty Ogre,17,216,0,14,30,277,1,1,0,1,3,1,3,0,1,0,0,0,0,0,0,1,0,0,1,0.2,0,0,0
Bloodwater Entity,17,233,0,12,20,282,2,2,0,1,1,1,3,0,1,0,0,0,0,0,0,1,0,0,2,0.22,0,0,0
Blossoming Defense,18,76,95,22,7,218,1,1,0,1,0,1,1,0,1,0,0,1,0,0,0,0,0,0,1,1.48,1,0,0
Blowfly Infestation,19,98,98,11,11,237,1,1,0,1,0,1,3,0,1,0,0,0,0,1,0,0,0,0,1,3.54,1,0,0
Blustersquall,13,182,43,13,7,258,1,1,0,1,0,1,1,0,1,0,0,1,0,0,0,0,0,0,1,0.2,0,0,0
Boar Umbra,10,160,45,19,18,252,1,1,0,1,1,1,3,0,1,0,0,0,0,1,0,0,0,0,1,0.21,0,0,0
Body of Jukai,13,149,0,12,17,191,1,1,0,1,1,1,9,0,1,0,0,0,0,0,0,1,0,0,2,0.23,0,0,0
Bog Wraith,10,88,40,7,17,162,1,1,0,1,1,1,4,0,1,0,0,0,0,0,0,1,0,0,1,0.19,0,0,0
Bog Wraith,10,88,56,11,17,182,1,1,0,1,1,1,4,0,1,0,0,0,0,0,0,1,0,0,1,0.2,0,0,0
Bog Wraith,10,88,56,10,17,181,1,1,0,1,1,1,4,0,1,0,0,0,0,0,0,1,0,0,1,0.22,0,0,0
Bog Wraith,10,88,154,7,17,276,1,1,0,1,1,1,4,0,1,0,0,0,0,0,0,1,0,0,1,0.22,0,0,0
Boggart Harbinger,17,162,0,14,24,217,1,1,0,1,2,1,3,0,1,0,0,0,0,0,0,1,0,0,1,0.23,0,0,0
Boggart Ram-Gang,16,76,67,11,25,195,2,2,0,1,2,1,3,0,1,0,0,0,0,0,0,1,0,0,3,0.73,0,0,0
Boggart Shenanigans,19,146,119,11,27,322,1,1,0,2,1,1,3,0,1,0,0,0,0,1,0,0,0,0,1,0.46,0,0,0
Boil,4,20,73,22,7,126,1,1,0,1,0,1,4,0,1,0,0,1,0,0,0,0,0,0,1,0.71,0,0,0
Boiling Seas,12,20,36,15,7,90,1,1,0,1,0,1,4,0,1,0,0,0,1,0,0,0,0,0,1,0.35,0,0,0
Boldwyr Intimidator,19,147,34,19,24,243,1,1,0,1,2,1,7,0,1,0,0,0,0,0,0,1,0,0,2,0.21,0,0,0
Boldwyr Intimidator,19,147,0,10,24,200,1,1,0,1,2,1,7,0,1,0,0,0,0,0,0,1,0,0,2,0.23,0,0,0
Bomat Bazaar Barge,18,198,0,14,18,248,0,0,0,1,1,1,4,0,1,0,0,0,0,0,1,0,0,0,0,0.2,0,0,0
Bond of Agony,13,88,112,12,7,232,1,1,0,1,0,1,1,0,1,0,0,0,1,0,0,0,0,0,1,0.46,0,0,0
Bonded Fetch,12,54,159,17,21,263,1,1,0,1,1,1,3,0,1,0,0,0,0,0,0,1,0,0,1,0.25,0,0,0
Bonded Horncrest,16,45,116,13,19,209,1,1,0,1,1,1,4,0,1,0,0,0,0,0,0,1,0,0,1,0.18,0,0,0
Bonds of Mortality,18,150,133,12,11,324,1,1,0,1,0,1,2,0,1,0,0,0,0,1,0,0,0,0,1,0.2,0,0,0
Bone Picker,11,83,67,13,15,189,1,1,0,1,1,1,4,0,1,0,0,0,0,0,0,1,0,0,1,0.34,0,0,0
Boneyard Wurm,13,101,77,11,15,217,1,1,0,1,1,1,2,0,1,0,0,0,0,0,0,1,0,0,1,0.2,0,0,0
Bontu's Monument,16,137,117,11,18,299,0,0,0,1,0,1,3,0,1,0,1,0,0,0,1,0,0,0,0,0.24,0,0,0
Boonweaver Giant,16,225,0,13,21,275,1,1,0,1,2,1,7,0,1,0,0,0,0,0,0,1,0,0,1,0.23,0,0,0
Boreal Shelf,12,82,134,14,9,251,0,2,-2,1,0,1,0,0,1,0,0,0,0,0,0,0,1,0,0,0.71,0,0,0
Boros Charm,11,180,70,12,7,280,2,2,0,1,0,1,2,0,1,0,0,1,0,0,0,0,0,0,2,3.11,1,0,0
Boros Elite,11,115,125,13,24,288,1,1,0,1,2,1,1,0,1,0,0,0,0,0,0,1,0,0,1,0.21,0,0,0
Boros Guildmage,15,116,0,13,23,167,2,2,0,1,2,1,2,0,1,0,0,0,0,0,0,1,0,0,2,0.23,0,0,0
Boros Keyrune,13,208,0,16,8,245,0,2,-2,1,0,1,3,0,1,0,0,0,0,0,1,0,0,0,0,0.2,0,0,0
Boros Swiftblade,16,13,166,12,24,231,2,2,0,1,2,1,2,0,1,0,0,0,0,0,0,1,0,0,2,0.25,0,0,0
Bottle Gnomes,13,41,37,12,25,128,0,0,0,2,1,1,3,0,1,0,0,0,0,0,1,1,0,0,0,0.21,0,0,0
Bottle Gnomes,13,41,37,12,25,128,0,0,0,2,1,1,3,0,1,0,0,0,0,0,1,1,0,0,0,0.23,0,0,0
Bottle Gnomes,13,41,37,12,25,128,0,0,0,2,1,1,3,0,1,0,0,0,0,0,1,1,0,0,0,0.24,0,0,0
Bound by Moonsilver,19,232,0,13,18,282,1,1,0,1,1,1,3,0,1,0,0,0,0,1,0,0,0,0,1,0.2,0,0,0
Bound in Silence,16,58,39,15,31,159,1,1,0,2,2,1,3,0,1,0,0,0,0,1,0,0,0,0,1,0.23,0,0,0
Bounding Krasis,15,150,57,9,22,253,2,2,0,1,2,1,3,0,1,0,0,0,0,0,0,1,0,0,2,0.26,0,0,0
Bower Passage,13,56,84,12,11,176,1,1,0,1,0,1,2,0,1,0,0,0,0,1,0,0,0,0,1,0.18,0,0,0
Brace for Impact,16,157,84,9,7,273,1,1,0,1,0,1,5,0,1,0,0,1,0,0,0,0,0,0,1,0.21,0,0,0
Brain Maggot,12,179,0,7,29,227,1,1,0,2,1,1,2,0,1,0,0,0,0,1,0,1,0,0,1,0.23,0,0,0
Brain Pry,9,147,74,10,7,247,1,1,0,1,0,1,2,0,1,0,0,0,1,0,0,0,0,0,1,0.21,0,0,0
Bramblecrush,12,37,49,10,7,115,1,1,0,1,0,1,4,0,1,0,0,0,1,0,0,0,0,0,2,0.2,0,0,0
Bramblecrush,12,37,30,10,7,96,1,1,0,1,0,1,4,0,1,0,0,0,1,0,0,0,0,0,2,0.2,0,0,0
Bramblesnap,11,87,100,11,20,229,1,1,0,1,1,1,2,0,1,0,0,0,0,0,0,1,0,0,1,0.2,0,0,0
Bramblewood Paragon,19,168,76,10,22,295,1,1,0,1,2,1,2,0,1,0,0,0,0,0,0,1,0,0,1,1.46,1,0,0
Brass Squire,12,72,92,13,23,212,0,0,0,2,1,1,3,0,1,0,0,0,0,0,1,1,0,0,0,0.24,0,0,0
Brave the Elements,18,100,0,11,7,136,1,1,0,1,0,1,1,0,1,0,0,1,0,0,0,0,0,0,1,0.27,0,0,0
Brave the Elements,18,100,130,11,7,266,1,1,0,1,0,1,1,0,1,0,0,1,0,0,0,0,0,0,1,0.29,0,0,0
Brave the Sands,15,109,107,12,11,254,1,1,0,1,0,1,2,0,1,0,0,0,0,1,0,0,0,0,1,0.25,0,0,0
Brawler's Plate,15,214,0,9,20,258,0,0,0,1,1,1,3,0,1,0,0,0,0,0,1,0,0,0,0,0.19,0,0,0
Brawler's Plate,15,214,0,9,20,258,0,0,0,1,1,1,3,0,1,0,0,0,0,0,1,0,0,0,0,0.22,0,0,0
Brazen Scourge,14,5,120,10,18,167,1,1,0,1,1,1,3,0,1,0,0,0,0,0,0,1,0,0,2,0.2,0,0,0
Break Through the Line,22,103,108,13,11,257,1,1,0,1,0,1,2,0,1,0,0,0,0,1,0,0,0,0,1,0.21,0,0,0
Breaker of Armies,17,52,157,14,18,258,0,0,0,1,1,1,8,0,1,0,0,0,0,0,0,1,0,0,0,0.2,0,0,0
Breakneck Rider,15,93,70,20,31,229,1,1,0,1,3,1,3,0,1,0,0,0,0,0,0,1,0,0,2,0.21,0,0,0
Bred for the Hunt,17,112,104,13,11,257,2,2,0,1,0,1,3,0,1,0,0,0,0,1,0,0,0,0,2,0.2,0,0,0
Briarbridge Patrol,18,319,0,14,24,375,1,1,0,1,2,1,4,0,1,0,0,0,0,0,0,1,0,0,1,0.21,0,0,0
Briarhorn,9,208,0,9,20,246,1,1,0,1,1,1,4,0,1,0,0,0,0,0,0,1,0,0,1,0.21,0,0,0
Briarknit Kami,14,83,69,13,17,196,1,1,0,1,1,1,5,0,1,0,0,0,0,0,0,1,0,0,2,0.22,0,0,0
Briarpack Alpha,15,158,50,7,15,245,1,1,0,1,1,1,4,0,1,0,0,0,0,0,0,1,0,0,1,0.19,0,0,0
Briarpack Alpha,15,158,105,7,15,300,1,1,0,1,1,1,4,0,1,0,0,0,0,0,0,1,0,0,1,0.2,0,0,0
Briber's Purse,14,165,42,12,8,241,0,0,0,1,0,1,0,0,1,0,0,0,0,0,1,0,0,0,0,0.2,0,0,0
Bright Reprisal,15,47,104,18,7,191,1,1,0,1,0,1,5,0,1,0,0,1,0,0,0,0,0,0,1,0.2,0,0,0
Brimstone Mage,14,239,0,11,23,287,1,1,0,1,2,1,3,0,1,0,0,0,0,0,0,1,0,0,1,0.2,0,0,0
Brine Elemental,15,210,79,14,20,338,1,1,0,1,1,1,6,0,1,0,0,0,0,0,0,1,0,0,2,0.22,0,0,0
Broken Concentration,20,160,45,13,7,245,1,1,0,1,0,1,3,0,1,0,0,1,0,0,0,0,0,0,2,0.22,0,0,0
Bronzebeak Moa,14,113,63,11,15,216,2,2,0,1,1,1,4,0,1,0,0,0,0,0,0,1,0,0,2,0.19,0,0,0
Brood Keeper,12,160,92,12,23,299,1,1,0,1,2,1,4,0,1,0,0,0,0,0,0,1,0,0,1,0.19,0,0,0
Brood Monitor,13,197,49,4,24,287,0,1,-1,1,2,1,6,0,1,0,0,0,0,0,0,1,0,0,2,0.2,0,0,0
Broodwarden,11,46,124,4,24,209,1,1,0,1,2,1,5,0,1,0,0,0,0,0,0,1,0,0,2,0.27,0,0,0
Brothers Yamazaki,17,285,0,10,34,346,1,1,0,1,2,1,3,0,1,0,1,0,0,0,0,1,0,0,1,0.01,0,0,0
Brothers Yamazaki,17,285,0,10,34,346,1,1,0,1,2,1,3,0,1,0,1,0,0,0,0,1,0,0,1,0.01,0,0,0
Brown Ouphe,11,106,143,16,16,292,1,1,0,1,1,1,1,0,1,0,0,0,0,0,0,1,0,0,1,0.19,0,0,0
Brushstrider,12,9,131,12,16,180,1,1,0,1,1,1,2,0,1,0,0,0,0,0,0,1,0,0,1,0.2,0,0,0
Brutalizer Exarch,17,244,0,8,17,286,1,1,0,1,1,1,6,0,1,0,0,0,0,0,0,1,0,0,1,0.2,0,0,0
Bubbling Cauldron,17,176,0,14,8,215,0,0,0,1,0,1,2,0,1,0,0,0,0,0,1,0,0,0,0,0.21,0,0,0
Budoka Pupil,12,190,0,10,21,233,1,1,0,1,2,1,3,0,1,0,0,0,0,0,0,1,0,0,2,0.22,0,0,0
Builder's Blessing,18,41,96,11,11,177,1,1,0,1,0,1,4,0,1,0,0,0,0,1,0,0,0,0,1,0.18,0,0,0
Bull Cerodon,12,16,176,13,16,233,2,2,0,1,1,1,6,0,1,0,0,0,0,0,0,1,0,0,2,0.2,0,0,0
Buried Ruin,11,126,38,15,4,194,0,0,0,1,0,1,0,0,1,0,0,0,0,0,0,0,1,0,0,0.82,0,0,0
Burn Away,9,128,102,13,7,259,1,1,0,1,0,1,5,0,1,0,0,1,0,0,0,0,0,0,1,0.21,0,0,0
Burning Oil,11,169,61,14,7,262,1,2,-1,1,0,1,2,0,1,0,0,1,0,0,0,0,0,0,1,0.18,0,0,0
Burning Vengeance,17,109,72,16,11,225,1,1,0,1,0,1,3,0,1,0,0,0,0,1,0,0,0,0,1,0.18,0,0,0
Burning-Eye Zubera,18,140,0,17,24,199,1,1,0,1,2,1,4,0,1,0,0,0,0,0,0,1,0,0,2,0.21,0,0,0
Burning-Fist Minotaur,21,88,94,12,26,241,1,1,0,1,2,1,2,0,1,0,0,0,0,0,0,1,0,0,1,0.21,0,0,0
Burning-Tree Emissary,21,80,96,4,23,224,2,2,0,1,2,1,2,0,1,0,0,0,0,0,0,1,0,0,2,0.39,0,0,0
Burnished Hart,14,147,47,13,23,244,0,0,0,2,1,1,3,0,1,0,0,0,0,0,1,1,0,0,0,0.5,0,0,0
Burrenton Forge-Tender,22,122,111,12,25,292,1,1,0,1,2,1,1,0,1,0,0,0,0,0,0,1,0,0,1,1.29,1,0,0
Bushi Tenderfoot,16,87,0,8,24,135,1,1,0,1,2,1,1,0,1,0,0,0,0,0,0,1,0,0,1,0.33,0,0,0
Butcher's Cleaver,17,97,83,11,20,228,0,0,0,1,1,1,3,0,1,0,0,0,0,0,1,0,0,0,0,0.19,0,0,0
By Force,8,27,108,17,7,167,1,1,0,1,0,1,1,0,1,0,0,0,1,0,0,0,0,0,1,0.26,0,0,0
Cache Raiders,13,84,39,12,24,172,1,1,0,1,2,1,5,0,1,0,0,0,0,0,0,1,0,0,2,0.22,0,0,0
Cached Defenses,15,119,116,11,7,268,1,1,0,1,0,1,3,0,1,0,0,0,1,0,0,0,0,0,1,0.21,0,0,0
Calciderm,9,252,0,12,16,289,1,1,0,1,1,1,4,0,1,0,0,0,0,0,0,1,0,0,2,0.23,0,0,0
Calciform Pools,15,203,0,13,4,235,0,2,-2,1,0,1,0,0,1,0,0,0,0,0,0,0,1,0,0,0.5,0,0,0
Call of the Conclave,20,42,107,14,7,190,2,2,0,1,0,1,2,0,1,0,0,0,1,0,0,0,0,0,2,0.19,0,0,0
Call of the Full Moon,21,264,0,9,18,312,1,1,0,1,1,1,2,0,1,0,0,0,0,1,0,0,0,0,1,0.2,0,0,0
Call of the Nightwing,21,278,0,13,7,319,2,2,0,1,0,1,4,0,1,0,0,0,1,0,0,0,0,0,2,0.2,0,0,0
Call the Bloodline,18,127,109,12,11,277,1,1,0,1,0,1,2,0,1,0,0,0,0,1,0,0,0,0,1,0.22,0,0,0
Call to Mind,12,71,123,14,7,227,1,1,0,1,0,1,3,0,1,0,0,0,1,0,0,0,0,0,1,0.2,0,0,0
Call to the Feast,17,61,129,12,7,226,2,2,0,1,0,1,4,0,1,0,0,0,1,0,0,0,0,0,2,0.2,0,0,0
Callow Jushi,12,190,0,14,23,239,1,1,0,1,2,1,3,0,1,0,0,0,0,0,0,1,0,0,2,0.23,0,0,0
Campaign of Vengeance,21,91,97,13,11,233,2,2,0,1,0,1,5,0,1,0,0,0,0,1,0,0,0,0,2,0.22,0,0,0
Candles' Glow,13,311,0,12,16,352,1,1,0,1,1,1,2,0,1,0,0,1,0,0,0,0,0,0,1,0.2,0,0,0
Canker Abomination,18,174,75,17,26,310,2,2,0,1,2,1,4,0,1,0,0,0,0,0,0,1,0,0,2,0.25,0,0,0
Cankerous Thirst,16,232,61,10,7,326,2,2,0,1,0,1,4,0,1,0,0,1,0,0,0,0,0,0,1,0.23,0,0,0
Canopy Cover,12,180,0,13,18,223,1,1,0,1,1,1,2,0,1,0,0,0,0,1,0,0,0,0,1,0.27,0,0,0
Captivating Glance,18,359,0,14,18,409,1,1,0,1,1,1,3,0,1,0,0,0,0,1,0,0,0,0,1,0.21,0,0,0
Captive Flame,13,50,47,14,11,135,1,1,0,1,0,1,3,0,1,0,0,0,0,1,0,0,0,0,1,0.21,0,0,0
Careful Consideration,21,168,102,15,7,313,1,1,0,1,0,1,4,0,1,0,0,1,0,0,0,0,0,0,2,0.23,0,0,0
Caress of Phyrexia,18,78,39,13,7,155,1,1,0,1,0,1,5,0,1,0,0,0,1,0,0,0,0,0,2,0.2,0,0,0
Carnage Altar,13,39,93,11,8,164,0,0,0,1,0,1,2,0,1,0,0,0,0,0,1,0,0,0,0,0.2,0,0,0
Carnage Gladiator,17,109,59,11,27,223,2,2,0,1,2,1,4,0,1,0,0,0,0,0,0,1,0,0,2,0.19,0,0,0
Carnage Wurm,12,235,0,12,15,274,1,1,0,1,1,1,7,0,1,0,0,0,0,0,0,1,0,0,1,0.19,0,0,0
Carrier Thrall,14,139,104,13,18,288,1,1,0,1,1,1,2,0,1,0,0,0,0,0,0,1,0,0,1,0.21,0,0,0
Carrion Call,12,165,34,12,7,230,1,1,0,1,0,1,4,0,1,0,0,1,0,0,0,0,0,0,1,0.21,0,0,0
Carrion Howler,14,56,94,13,22,199,1,1,0,1,2,1,4,0,1,0,0,0,0,0,0,1,0,0,1,0.21,0,0,0
Carrion Wall,12,71,92,13,15,203,1,1,0,1,1,1,3,0,1,0,0,0,0,0,0,1,0,0,2,0.21,0,0,0
Carry Away,10,120,83,10,18,241,1,1,0,1,1,1,2,0,1,0,0,0,0,1,0,0,0,0,2,0.21,0,0,0
Cartel Aristocrat,17,111,77,11,24,240,2,2,0,1,2,1,2,0,1,0,0,0,0,0,0,1,0,0,2,0.24,0,0,0
Carven Caryatid,15,96,132,10,17,270,1,1,0,1,1,1,3,0,1,0,0,0,0,0,0,1,0,0,2,0.43,0,0,0
Cast Out,8,185,0,17,11,221,1,1,0,1,0,1,4,0,1,0,0,0,0,1,0,0,0,0,1,1.14,1,0,0
Catacomb Sifter,15,336,0,16,24,391,0,2,-2,1,2,1,3,0,1,0,0,0,0,0,0,1,0,0,2,0.22,0,0,0
Cathedral Membrane,18,158,0,16,24,216,1,1,0,2,1,1,2,0,1,0,0,0,0,0,1,1,0,0,1,0.2,0,0,0
Cathodion,9,53,132,13,29,236,0,0,0,2,1,1,3,0,1,0,0,0,0,0,1,1,0,0,0,0.2,0,0,0
Cauldron Haze,13,229,0,17,7,266,2,2,0,1,0,1,2,0,1,0,0,1,0,0,0,0,0,0,1,0.54,0,0,0
Caustic Crawler,15,127,112,16,17,287,1,1,0,1,1,1,5,0,1,0,0,0,0,0,0,1,0,0,2,0.2,0,0,0
Caustic Rain,12,18,173,12,7,222,1,1,0,1,0,1,4,0,1,0,0,0,1,0,0,0,0,0,2,0.22,0,0,0
Caustic Tar,11,66,101,9,18,205,1,1,0,1,1,1,6,0,1,0,0,0,0,1,0,0,0,0,2,0.2,0,0,0
Cautery Sliver,14,252,0,11,17,294,2,2,0,1,1,1,2,0,1,0,0,0,0,0,0,1,0,0,2,0.28,0,0,0
Cavalry Master,14,227,0,14,23,278,1,1,0,1,2,1,4,0,1,0,0,0,0,0,0,1,0,0,2,0.22,0,0,0
Ceaseless Searblades,20,100,55,10,28,213,1,1,0,1,2,1,4,0,1,0,0,0,0,0,0,1,0,0,1,0.25,0,0,0
Celestial Crusader,18,237,0,10,17,282,1,1,0,1,1,1,4,0,1,0,0,0,0,0,0,1,0,0,2,0.24,0,0,0
Celestial Purge,15,36,109,13,7,180,1,1,0,1,0,1,2,0,1,0,0,1,0,0,0,0,0,0,1,0.17,0,0,0
Celestial Purge,15,36,111,13,7,182,1,1,0,1,0,1,2,0,1,0,0,1,0,0,0,0,0,0,1,0.2,0,0,0
Celestial Purge,15,36,120,13,7,191,1,1,0,1,0,1,2,0,1,0,0,1,0,0,0,0,0,0,1,0.2,0,0,0
Celestial Purge,15,36,129,13,7,200,1,1,0,1,0,1,2,0,1,0,0,1,0,0,0,0,0,0,1,0.22,0,0,0
Cellar Door,11,164,63,13,8,259,0,0,0,1,0,1,2,0,1,0,0,0,0,0,1,0,0,0,0,0.18,0,0,0
Cenn's Tactician,16,156,78,29,26,305,1,1,0,1,2,1,1,0,1,0,0,0,0,0,0,1,0,0,1,0.31,0,0,0
Censor,6,103,52,11,7,179,1,1,0,1,0,1,2,0,1,0,0,1,0,0,0,0,0,0,1,1.25,1,0,0
Centaur Battlemaster,20,119,124,10,26,299,1,1,0,1,2,1,5,0,1,0,0,0,0,0,0,1,0,0,2,0.2,0,0,0
Centaur Omenreader,18,88,111,12,30,259,1,1,0,1,2,1,4,0,1,0,0,0,0,0,0,1,0,0,1,0.24,0,0,0
Ceremonious Rejection,21,31,158,10,7,227,1,1,0,1,0,1,1,0,1,0,0,1,0,0,0,0,0,0,1,0.48,0,0,0
Chalice of Death,16,32,42,8,8,106,0,0,0,1,0,1,3,0,1,0,0,0,0,0,1,0,0,0,0,0.69,0,0,0
Chalice of Life,15,118,34,8,8,183,0,0,0,1,0,1,3,0,1,0,0,0,0,0,1,0,0,0,0,0.69,0,0,0
Chandra's Defeat,16,168,54,13,7,258,1,1,0,1,0,1,1,0,1,0,0,1,0,0,0,0,0,0,1,0.31,0,0,0
Chandra's Spitfire,18,103,98,12,20,251,1,1,0,1,1,1,3,0,1,0,0,0,0,0,0,1,0,0,1,0.25,0,0,0
Changeling Berserker,20,240,0,11,23,294,1,1,0,1,1,1,4,0,1,0,0,0,0,0,0,1,0,0,1,0.24,0,0,0
Changeling Hero,15,315,0,13,23,366,1,1,0,1,1,1,5,0,1,0,0,0,0,0,0,1,0,0,1,0.23,0,0,0
Changeling Titan,16,234,0,13,23,286,1,1,0,1,1,1,5,0,1,0,0,0,0,0,0,1,0,0,1,0.25,0,0,0
Channel Harm,12,213,0,13,7,245,1,1,0,1,0,1,6,0,1,0,0,1,0,0,0,0,0,0,1,0.2,0,0,0
Channel the Suns,16,38,118,13,7,192,1,5,-4,1,0,1,4,0,1,0,0,0,1,0,0,0,0,0,1,0.44,0,0,0
Chant of Vitu-Ghazi,19,265,0,14,7,305,1,1,0,1,0,1,8,0,1,0,0,1,0,0,0,0,0,0,2,0.22,0,0,0
Chaotic Backlash,16,124,126,10,7,283,1,1,0,1,0,1,5,0,1,0,0,1,0,0,0,0,0,0,1,0.21,0,0,0
Charge Across the Araba,23,155,0,11,16,205,1,1,0,1,1,1,5,0,1,0,0,1,0,0,0,0,0,0,1,0.23,0,0,0
Charging Monstrosaur,20,14,71,11,19,135,1,1,0,1,1,1,5,0,1,0,0,0,0,0,0,1,0,0,1,0.21,0,0,0
Chariot of Victory,18,65,103,11,20,217,0,0,0,1,1,1,3,0,1,0,0,0,0,0,1,0,0,0,0,0.25,0,0,0
Char-Rumbler,12,61,107,10,20,210,1,1,0,1,1,1,4,0,1,0,0,0,0,0,0,1,0,0,2,0.22,0,0,0
Chart a Course,14,82,73,11,7,187,1,1,0,1,0,1,2,0,1,0,0,0,1,0,0,0,0,0,1,0.73,0,0,0
Chasm Guide,11,139,72,13,28,263,1,1,0,1,3,1,4,0,1,0,0,0,0,0,0,1,0,0,1,0.2,0,0,0
Chastise,8,68,68,14,7,165,1,1,0,1,0,1,4,0,1,0,0,1,0,0,0,0,0,0,1,0.23,0,0,0
Chastise,8,68,68,14,7,165,1,1,0,1,0,1,4,0,1,0,0,1,0,0,0,0,0,0,1,0.27,0,0,0
Chief of the Edge,17,46,83,13,24,183,2,2,0,1,2,1,2,0,1,0,0,0,0,0,0,1,0,0,2,0.22,0,0,0
Chief of the Foundry,20,47,97,16,29,209,0,0,0,2,1,1,3,0,1,0,0,0,0,0,1,1,0,0,0,0.19,0,0,0
Chief of the Foundry,20,47,97,16,29,209,0,0,0,2,1,1,3,0,1,0,0,0,0,0,1,1,0,0,0,0.25,0,0,0
Chief of the Scale,18,46,109,13,24,210,2,2,0,1,2,1,2,0,1,0,0,0,0,0,0,1,0,0,2,0.21,0,0,0
Chill of Foreboding,19,185,44,14,7,269,1,1,0,1,0,1,3,0,1,0,0,0,1,0,0,0,0,0,1,0.19,0,0,0
Chilling Grasp,14,241,0,12,7,274,1,1,0,1,0,1,3,0,1,0,0,1,0,0,0,0,0,0,1,0.2,0,0,0
Chimeric Coils,14,118,103,14,8,257,0,0,0,1,0,1,1,0,1,0,0,0,0,0,1,0,0,0,0,0.2,0,0,0
Chimeric Egg,12,220,0,14,8,254,0,0,0,1,0,1,3,0,1,0,0,0,0,0,1,0,0,0,0,0.21,0,0,0
Chitinous Cloak,15,109,126,10,20,280,0,0,0,1,1,1,3,0,1,0,0,0,0,0,1,0,0,0,0,0.2,0,0,0
Choke,5,58,71,14,11,159,1,1,0,1,0,1,3,0,1,0,0,0,0,1,0,0,0,0,1,2.49,1,0,0
Choking Fumes,13,47,70,10,7,147,1,1,0,1,0,1,3,0,1,0,0,1,0,0,0,0,0,0,1,0.19,0,0,0
Chromatic Star,14,159,0,22,8,203,0,0,0,1,0,1,1,0,1,0,0,0,0,0,1,0,0,0,0,4.18,1,0,0
Chronatog Totem,15,277,0,16,8,316,0,1,-1,1,0,1,3,0,1,0,0,0,0,0,1,0,0,0,0,0.21,0,0,0
Chronicler of Heroes,20,115,71,11,25,242,2,2,0,1,2,1,3,0,1,0,0,0,0,0,0,1,0,0,2,0.19,0,0,0
Chronomantic Escape,19,353,0,15,7,394,1,1,0,1,0,1,6,0,1,0,0,0,1,0,0,0,0,0,2,0.25,0,0,0
Chronomaton,11,45,130,13,25,224,0,0,0,2,1,1,1,0,1,0,0,0,0,0,1,1,0,0,0,0.2,0,0,0
Cinder Barrens,14,84,110,12,4,224,0,2,-2,1,0,1,0,0,1,0,0,0,0,0,0,0,1,0,0,0.2,0,0,0
Cinder Elemental,16,102,132,15,20,285,1,1,0,1,1,1,4,0,1,0,0,0,0,0,0,1,0,0,1,0.19,0,0,0
Circle of Affliction,20,198,0,13,11,242,1,1,0,1,0,1,2,0,1,0,0,0,0,1,0,0,0,0,1,0.23,0,0,0
Circle of Elders,16,143,69,12,23,263,1,1,0,1,2,1,4,0,1,0,0,0,0,0,0,1,0,0,2,0.22,0,0,0
Circle of Flame,15,126,91,11,11,254,1,1,0,1,0,1,2,0,1,0,0,0,0,1,0,0,0,0,1,0.19,0,0,0
Circle of Flame,15,126,91,11,11,254,1,1,0,1,0,1,2,0,1,0,0,0,0,1,0,0,0,0,1,0.21,0,0,0
Circle of Protection: Artifacts,31,109,50,14,11,215,1,1,0,1,0,1,2,0,1,0,0,0,0,1,0,0,0,0,1,0.21,0,0,0
Circle of Protection: Black,27,105,0,14,11,157,1,1,0,1,0,1,2,0,1,0,0,0,0,1,0,0,0,0,1,0.22,0,0,0
Circle of Protection: Black,27,105,0,16,11,159,1,1,0,1,0,1,2,0,1,0,0,0,0,1,0,0,0,0,1,0.26,0,0,0
Circle of Protection: Blue,26,104,0,22,11,163,1,1,0,1,0,1,2,0,1,0,0,0,0,1,0,0,0,0,1,0.22,0,0,0
Circle of Protection: Green,27,105,0,12,11,155,1,1,0,1,0,1,2,0,1,0,0,0,0,1,0,0,0,0,1,0.22,0,0,0
Circle of Protection: Red,25,103,0,12,11,151,1,1,0,1,0,1,2,0,1,0,0,0,0,1,0,0,0,0,1,0.24,0,0,0
Circle of Protection: Red,25,103,0,16,11,155,1,1,0,1,0,1,2,0,1,0,0,0,0,1,0,0,0,0,1,0.3,0,0,0
Circle of Protection: White,27,105,0,13,11,156,1,1,0,1,0,1,2,0,1,0,0,0,0,1,0,0,0,0,1,0.2,0,0,0
Citadel Castellan,17,196,68,22,23,326,2,2,0,1,2,1,3,0,1,0,0,0,0,0,0,1,0,0,2,0.21,0,0,0
Civic Saber,11,62,74,9,20,176,0,0,0,1,1,1,1,0,1,0,0,0,0,0,1,0,0,0,0,0.19,0,0,0
Civilized Scholar,17,124,85,16,24,266,1,2,-1,1,2,1,3,0,1,0,0,0,0,0,0,1,0,0,1,0.19,0,0,0
Clash of Wills,14,52,89,6,7,168,1,1,0,1,0,1,1,0,1,0,0,1,0,0,0,0,0,0,1,0.32,0,0,0
Cleanfall,9,25,117,11,16,178,1,1,0,1,1,1,3,0,1,0,0,0,1,0,0,0,0,0,1,0.22,0,0,0
Cleansing Beam,14,112,115,7,7,255,1,1,0,1,0,1,5,0,1,0,0,1,0,0,0,0,0,0,1,0.21,0,0,0
Clear Shot,10,130,102,16,7,265,1,1,0,1,0,1,3,0,1,0,0,1,0,0,0,0,0,0,1,0.2,0,0,0
Cleaver Riot,12,116,24,12,7,171,1,1,0,1,0,1,5,0,1,0,0,0,1,0,0,0,0,0,1,0.19,0,0,0
Cliffhaven Vampire,18,58,104,13,31,224,2,2,0,1,3,1,4,0,1,0,0,0,0,0,0,1,0,0,2,0.29,0,0,0
Cloak and Dagger,16,192,0,11,33,252,0,0,0,2,2,1,2,0,1,0,0,0,0,0,1,0,0,0,0,0.47,0,0,0
Clock of Omens,14,62,55,8,8,147,0,0,0,1,0,1,4,0,1,0,0,0,0,0,1,0,0,0,0,0.19,0,0,0
Clock of Omens,14,62,97,22,8,203,0,0,0,1,0,1,4,0,1,0,0,0,0,0,1,0,0,0,0,0.26,0,0,0
Clockwork Hydra,15,263,0,11,25,314,0,0,0,2,1,1,5,0,1,0,0,0,0,0,1,1,0,0,0,0.22,0,0,0
Clockwork Vorrac,16,219,0,12,30,277,0,0,0,2,2,1,5,0,1,0,0,0,0,0,1,1,0,0,0,0.2,0,0,0
Cloistered Youth,16,68,149,13,16,262,1,2,-1,1,1,1,2,0,1,0,0,0,0,0,0,1,0,0,1,0.18,0,0,0
Clone Shell,11,303,0,11,32,357,0,0,0,2,1,1,5,0,1,0,0,0,0,0,1,1,0,0,0,0.2,0,0,0
Cloudblazer,11,83,90,9,22,215,2,2,0,1,2,1,5,0,1,0,0,0,0,0,0,1,0,0,2,0.23,0,0,0
Cloudcrest Lake,15,129,0,9,4,157,0,2,-2,1,0,1,0,0,1,0,0,0,0,0,0,0,1,0,0,0.22,0,0,0
Cloudform,9,337,0,12,11,369,1,1,0,1,0,1,3,0,1,0,0,0,0,1,0,0,0,0,2,0.23,0,0,0
Cloudgoat Ranger,16,205,0,8,24,253,1,1,0,1,2,1,5,0,1,0,0,0,0,0,0,1,0,0,2,0.22,0,0,0
Cloudseeder,11,163,0,14,29,217,1,1,0,1,2,1,2,0,1,0,0,0,0,0,0,1,0,0,1,0.23,0,0,0
Clutch of the Undercity,23,298,0,12,7,340,2,2,0,1,0,1,4,0,1,0,0,1,0,0,0,0,0,0,3,0.28,0,0,0
Coastal Discovery,17,195,0,13,7,232,1,1,0,1,0,1,4,0,1,0,0,0,1,0,0,0,0,0,1,0.19,0,0,0
Coastal Tower,13,83,42,13,4,155,0,2,-2,1,0,1,0,0,1,0,0,0,0,0,0,0,1,0,0,0.44,0,0,0
Cobra Trap,10,216,0,10,14,250,1,1,0,1,1,1,6,0,1,0,0,1,0,0,0,0,0,0,2,0.21,0,0,0
Codex Shredder,14,174,0,11,8,207,0,0,0,1,0,1,1,0,1,0,0,0,0,0,1,0,0,0,0,0.26,0,0,0
Coerced Confession,18,159,74,15,7,273,2,2,0,1,0,1,5,0,1,0,0,0,1,0,0,0,0,0,1,0.17,0,0,0
Cogwork Assembler,17,125,63,13,35,253,0,0,0,2,1,1,3,0,1,0,0,0,0,0,1,1,0,0,0,0.23,0,0,0
Coldsteel Heart,15,162,90,14,13,294,0,0,0,1,0,1,2,0,1,0,0,0,0,0,1,0,0,0,0,1.49,1,0,0
Colossal Heroics,16,173,0,12,7,208,1,1,0,1,0,1,3,0,1,0,0,1,0,0,0,0,0,0,1,0.2,0,0,0
Combust,7,138,0,11,7,163,1,1,0,1,0,1,2,0,1,0,0,1,0,0,0,0,0,0,1,0.23,0,0,0
Combust,7,138,0,11,7,163,1,1,0,1,0,1,2,0,1,0,0,1,0,0,0,0,0,0,1,0.24,0,0,0
Commander's Authority,21,115,83,13,18,250,1,1,0,1,1,1,5,0,1,0,0,0,0,1,0,0,0,0,1,0.18,0,0,0
Companion of the Trials,23,102,59,12,23,219,1,1,0,1,2,1,3,0,1,0,0,0,0,0,0,1,0,0,1,0.15,0,0,0
Compelling Deterrence,21,110,37,12,7,187,1,1,0,1,0,1,2,0,1,0,0,1,0,0,0,0,0,0,1,0.2,0,0,0
Composite Golem,15,65,37,10,25,152,0,5,-5,2,1,1,6,0,1,0,0,0,0,0,1,1,0,0,0,0.26,0,0,0
Composite Golem,15,65,113,10,25,228,0,5,-5,2,1,1,6,0,1,0,0,0,0,0,1,1,0,0,0,0.35,0,0,0
Concentrate,11,17,60,25,7,120,1,1,0,1,0,1,4,0,1,0,0,0,1,0,0,0,0,0,2,0.24,0,0,0
Conclave Naturalists,20,97,43,11,16,187,1,1,0,1,1,1,5,0,1,0,0,0,0,0,0,1,0,0,1,0.21,0,0,0
Conclave Phalanx,16,241,0,14,24,295,1,1,0,1,2,1,5,0,1,0,0,0,0,0,0,1,0,0,1,0.2,0,0,0
Condemn,7,117,134,11,7,276,1,1,0,1,0,1,1,0,1,0,0,1,0,0,0,0,0,0,1,0.27,0,0,0
Condemn,7,117,134,11,7,276,1,1,0,1,0,1,1,0,1,0,0,1,0,0,0,0,0,0,1,0.36,0,0,0
Condemn,7,117,134,11,7,276,1,1,0,1,0,1,1,0,1,0,0,1,0,0,0,0,0,0,1,0.37,0,0,0
Conduit of Emrakul,18,117,22,16,27,200,0,1,-1,1,2,1,3,0,1,0,0,0,0,0,0,1,0,0,0,0.19,0,0,0
Conduit of Storms,17,153,38,16,26,250,1,1,0,1,2,1,3,0,1,0,0,0,0,0,0,1,0,0,1,0.19,0,0,0
Cone of Flame,13,156,0,6,7,182,1,1,0,1,0,1,5,0,1,0,0,0,1,0,0,0,0,0,2,0.19,0,0,0
Cone of Flame,13,156,0,6,7,182,1,1,0,1,0,1,5,0,1,0,0,0,1,0,0,0,0,0,2,0.22,0,0,0
Confiscate,10,150,120,8,18,306,1,1,0,1,1,1,6,0,1,0,0,0,0,1,0,0,0,0,2,0.25,0,0,0
Confiscate,10,150,0,8,18,186,1,1,0,1,1,1,6,0,1,0,0,0,0,1,0,0,0,0,2,0.25,0,0,0
Conflagrate,11,220,0,11,7,249,1,1,0,1,0,1,1,0,1,0,0,0,1,0,0,0,0,0,1,3,1,0,0
Congregate,10,64,134,8,7,223,1,1,0,1,0,1,4,0,1,0,0,1,0,0,0,0,0,0,1,0.2,0,0,0
Congregate,10,64,134,8,7,223,1,1,0,1,0,1,4,0,1,0,0,1,0,0,0,0,0,0,1,0.22,0,0,0
Congregation at Dawn,20,137,122,14,7,300,2,2,0,1,0,1,3,0,1,0,0,1,0,0,0,0,0,0,3,1.06,1,0,0
Conjurer's Ban,14,144,149,12,7,326,2,2,0,1,0,1,2,0,1,0,0,0,1,0,0,0,0,0,2,0.22,0,0,0
Consecrated by Blood,20,263,0,11,18,312,1,1,0,1,1,1,4,0,1,0,0,0,0,1,0,0,0,0,2,0.21,0,0,0
Consign to Dust,15,144,0,13,7,179,1,1,0,1,0,1,3,0,1,0,0,1,0,0,0,0,0,0,1,0.2,0,0,0
Constricting Sliver,19,173,124,13,17,346,1,1,0,1,1,1,6,0,1,0,0,0,0,0,0,1,0,0,1,0.23,0,0,0
Consulate Dreadnought,21,137,103,12,18,291,0,0,0,1,1,1,1,0,1,0,0,0,0,0,1,0,0,0,0,0.24,0,0,0
Consulate Surveillance,22,192,0,16,11,241,1,1,0,1,0,1,4,0,1,0,0,0,0,1,0,0,0,0,1,0.2,0,0,0
Consul's Lieutenant,19,271,0,7,24,321,1,1,0,1,2,1,2,0,1,0,0,0,0,0,0,1,0,0,2,0.22,0,0,0
Consul's Shieldguard,20,228,0,13,24,285,1,1,0,1,2,1,4,0,1,0,0,0,0,0,0,1,0,0,1,0.17,0,0,0
Consume Spirit,14,107,0,12,7,140,1,1,0,1,0,1,2,0,1,0,0,0,1,0,0,0,0,0,1,0.2,0,0,0
Consume Spirit,14,107,134,12,7,274,1,1,0,1,0,1,2,0,1,0,0,0,1,0,0,0,0,0,1,0.22,0,0,0
Consume Spirit,14,107,76,13,7,217,1,1,0,1,0,1,2,0,1,0,0,0,1,0,0,0,0,0,1,0.23,0,0,0
Consume Spirit,14,107,76,13,7,217,1,1,0,1,0,1,2,0,1,0,0,0,1,0,0,0,0,0,1,0.24,0,0,0
Consuming Fervor,16,127,67,15,18,243,1,1,0,1,1,1,1,0,1,0,0,0,0,1,0,0,0,0,1,0.2,0,0,0
Contagion Clasp,15,239,0,15,8,277,0,0,0,1,0,1,2,0,1,0,0,0,0,0,1,0,0,0,0,0.31,0,0,0
Contraband Kingpin,18,80,84,15,27,224,2,2,0,1,2,1,2,0,1,0,0,0,0,0,0,1,0,0,2,0.23,0,0,0
Controlled Instincts,20,98,127,13,18,276,1,1,0,1,1,1,1,0,1,0,0,0,0,1,0,0,0,0,1,0.21,0,0,0
Controvert,10,219,0,11,7,247,1,1,0,1,0,1,4,0,1,0,0,1,0,0,0,0,0,0,2,0.23,0,0,0
Conversion Chamber,18,211,0,17,8,254,0,0,0,1,0,1,3,0,1,0,0,0,0,0,1,0,0,0,0,0.19,0,0,0
Coordinated Assault,19,82,62,21,7,191,1,1,0,1,0,1,1,0,1,0,0,1,0,0,0,0,0,0,1,0.2,0,0,0
Core Prowler,12,294,0,11,26,343,0,0,0,2,1,1,4,0,1,0,0,0,0,0,1,1,0,0,0,0.31,0,0,0
Coretapper,10,111,146,11,23,301,0,0,0,2,1,1,2,0,1,0,0,0,0,0,1,1,0,0,0,1.34,1,0,0
Corpse Connoisseur,18,377,0,10,24,429,1,1,0,1,2,1,5,0,1,0,0,0,0,0,0,1,0,0,1,0.22,0,0,0
Corpse Traders,14,191,36,10,22,273,1,1,0,1,2,1,4,0,1,0,0,0,0,0,0,1,0,0,1,0.18,0,0,0
Corpsehatch,11,153,0,12,7,183,1,1,0,1,0,1,5,0,1,0,0,0,1,0,0,0,0,0,2,0.2,0,0,0
Corrosive Gale,14,106,95,9,7,231,1,1,0,1,0,1,1,0,1,0,0,0,1,0,0,0,0,0,1,0.22,0,0,0
Corrosive Mentor,16,103,80,7,26,232,1,1,0,1,2,1,3,0,1,0,0,0,0,0,0,1,0,0,1,2.66,1,0,0
Corrupt,7,142,64,11,7,231,1,1,0,1,0,1,6,0,1,0,0,0,1,0,0,0,0,0,1,0.18,0,0,0
Corrupt,7,142,80,11,7,247,1,1,0,1,0,1,6,0,1,0,0,0,1,0,0,0,0,0,1,0.2,0,0,0
Corrupt,7,142,91,11,7,258,1,1,0,1,0,1,6,0,1,0,0,0,1,0,0,0,0,0,1,0.23,0,0,0
Corrupted Conscience,20,187,34,10,18,269,1,1,0,1,1,1,5,0,1,0,0,0,0,1,0,0,0,0,2,0.29,0,0,0
Corrupted Harvester,19,58,134,9,17,237,1,1,0,1,1,1,6,0,1,0,0,0,0,0,0,1,0,0,2,0.19,0,0,0
Corrupted Resolve,17,51,72,12,7,159,1,1,0,1,0,1,2,0,1,0,0,1,0,0,0,0,0,0,1,0.2,0,0,0
Corrupted Roots,15,93,100,10,18,236,1,1,0,1,1,1,1,0,1,0,0,0,0,1,0,0,0,0,1,0.21,0,0,0
Counterbalance,14,171,0,13,11,209,1,1,0,1,0,1,2,0,1,0,0,0,0,1,0,0,0,0,2,4.8,1,0,0
Countersquall,13,62,144,17,7,243,2,2,0,1,0,1,2,0,1,0,0,1,0,0,0,0,0,0,2,3.52,1,0,0
Courageous Outrider,19,220,74,18,22,353,1,1,0,1,2,1,4,0,1,0,0,0,0,0,0,1,0,0,1,0.2,0,0,0
Court Hussar,12,277,0,10,26,325,1,2,-1,1,2,1,3,0,1,0,0,0,0,0,0,1,0,0,1,0.45,0,0,0
Courtly Provocateur,19,94,90,11,23,237,1,1,0,1,2,1,3,0,1,0,0,0,0,0,0,1,0,0,1,0.19,0,0,0
Cower in Fear,13,61,108,9,7,198,1,1,0,1,0,1,3,0,1,0,0,1,0,0,0,0,0,0,2,0.18,0,0,0
Crab Umbra,10,163,0,19,18,210,1,1,0,1,1,1,1,0,1,0,0,0,0,1,0,0,0,0,1,0.21,0,0,0
Crackdown Construct,19,136,89,13,29,286,0,0,0,2,1,1,4,0,1,0,0,0,0,0,1,1,0,0,0,0.25,0,0,0
Crackling Perimeter,19,86,99,13,11,228,1,1,0,1,0,1,2,0,1,0,0,0,0,1,0,0,0,0,1,0.18,0,0,0
Crag Puca,9,64,120,9,23,225,2,2,0,1,1,1,3,0,1,0,0,0,0,0,0,1,0,0,3,0.2,0,0,0
Cranial Archive,15,109,70,11,8,213,0,0,0,1,0,1,2,0,1,0,0,0,0,0,1,0,0,0,0,0.19,0,0,0
Crash Landing,13,147,118,13,7,298,1,1,0,1,0,1,3,0,1,0,0,1,0,0,0,0,0,0,1,0.21,0,0,0
Crawling Sensation,18,245,0,19,11,293,1,1,0,1,0,1,3,0,1,0,0,0,0,1,0,0,0,0,1,0.2,0,0,0
Creakwood Ghoul,15,64,57,14,23,173,1,2,-1,1,2,1,5,0,1,0,0,0,0,0,0,1,0,0,1,0.21,0,0,0
Creeping Dread,14,215,0,15,11,255,1,1,0,1,0,1,4,0,1,0,0,0,0,1,0,0,0,0,1,0.21,0,0,0
Creeping Mold,13,46,86,12,7,164,1,1,0,1,0,1,4,0,1,0,0,0,1,0,0,0,0,0,2,0.16,0,0,0
Creeping Mold,13,46,77,11,7,154,1,1,0,1,0,1,4,0,1,0,0,0,1,0,0,0,0,0,2,0.19,0,0,0
Creeping Mold,13,46,99,12,7,177,1,1,0,1,0,1,4,0,1,0,0,0,1,0,0,0,0,0,2,0.21,0,0,0
Creeping Mold,13,46,99,13,7,178,1,1,0,1,0,1,4,0,1,0,0,0,1,0,0,0,0,0,2,0.23,0,0,0
Creeping Mold,13,46,99,12,7,177,1,1,0,1,0,1,4,0,1,0,0,0,1,0,0,0,0,0,2,0.23,0,0,0
Crib Swap,9,153,0,14,29,205,1,1,0,2,1,1,3,0,1,0,0,1,0,0,0,0,0,0,1,0.4,0,0,0
Crimson Mage,12,98,93,4,23,230,1,1,0,1,2,1,2,0,1,0,0,0,0,0,0,1,0,0,1,0.18,0,0,0
Crimson Muckwader,17,238,0,15,17,287,1,2,-1,1,1,1,2,0,1,0,0,0,0,0,0,1,0,0,1,0.18,0,0,0
Crocodile of the Crossing,25,112,108,10,20,275,1,1,0,1,1,1,4,0,1,0,0,0,0,0,0,1,0,0,1,0.21,0,0,0
Crook of Condemnation,21,116,110,9,8,264,0,0,0,1,0,1,2,0,1,0,0,0,0,0,1,0,0,0,0,0.19,0,0,0
Crop Sigil,10,333,0,12,11,366,1,1,0,1,0,1,1,0,1,0,0,0,0,1,0,0,0,0,1,0.2,0,0,0
Crowd of Cinders,16,191,89,10,20,326,1,1,0,1,1,1,4,0,1,0,0,0,0,0,0,1,0,0,1,0.22,0,0,0
Crown of Empires,16,141,60,9,8,234,0,0,0,1,0,1,2,0,1,0,0,0,0,0,1,0,0,0,0,0.22,0,0,0
Crowned Ceratok,15,73,84,14,16,202,1,1,0,1,1,1,4,0,1,0,0,0,0,0,0,1,0,0,1,0.21,0,0,0
Cruel Edict,11,38,82,14,7,152,1,1,0,1,0,1,2,0,1,0,0,0,1,0,0,0,0,0,1,0.41,0,0,0
Cruel Edict,11,38,186,14,7,256,1,1,0,1,0,1,2,0,1,0,0,0,1,0,0,0,0,0,1,0.43,0,0,0
Cruel Revival,13,130,120,14,7,284,1,1,0,1,0,1,5,0,1,0,0,1,0,0,0,0,0,0,1,0.21,0,0,0
Crumble to Dust,15,231,0,11,7,264,0,1,-1,1,0,1,4,0,1,0,0,0,1,0,0,0,0,0,1,0.25,0,0,0
Crumbling Ashes,15,84,121,12,11,243,1,1,0,1,0,1,2,0,1,0,0,0,0,1,0,0,0,0,1,5.84,1,1,0
Crumbling Colossus,18,170,0,16,25,229,0,0,0,2,1,1,5,0,1,0,0,0,0,0,1,1,0,0,0,0.2,0,0,0
Crumbling Necropolis,20,96,152,12,4,284,0,3,-3,1,0,1,0,0,1,0,0,0,0,0,0,0,1,0,0,0.66,0,0,0
Crusader of Odric,17,94,99,15,24,249,1,1,0,1,2,1,3,0,1,0,0,0,0,0,0,1,0,0,1,0.21,0,0,0
Crush Underfoot,15,91,61,15,22,204,1,1,0,2,1,1,2,0,1,0,0,1,0,0,0,0,0,0,1,0.2,0,0,0
Cryoclasm,9,84,176,29,7,305,1,1,0,1,0,1,3,0,1,0,0,0,1,0,0,0,0,0,1,0.24,0,0,0
Cryoclasm,9,84,176,29,7,305,1,1,0,1,0,1,3,0,1,0,0,0,1,0,0,0,0,0,1,0.25,0,0,0
Crypt Champion,14,263,0,12,17,306,1,2,-1,1,1,1,4,0,1,0,0,0,0,0,0,1,0,0,1,0.25,0,0,0
Crypt of the Eternals,21,149,52,12,4,238,0,3,-3,1,0,1,0,0,1,0,0,0,0,0,0,0,1,0,0,0.23,0,0,0
Cryptic Annelid,15,224,0,17,21,277,1,1,0,1,2,1,4,0,1,0,0,0,0,0,0,1,0,0,1,0.23,0,0,0
Cryptic Cruiser,15,130,117,15,28,305,0,1,-1,1,2,1,4,0,1,0,0,0,0,0,0,1,0,0,1,0.2,0,0,0
Cryptic Serpent,15,91,85,13,18,222,1,1,0,1,1,1,7,0,1,0,0,0,0,0,0,1,0,0,2,0.24,0,0,0
Cryptolith Fragment,19,226,0,9,8,262,0,0,0,1,0,1,3,0,1,0,0,0,0,0,1,0,0,0,0,0.22,0,0,0
Cryptwailing,12,143,64,13,11,243,1,1,0,1,0,1,4,0,1,0,0,0,0,1,0,0,0,0,1,0.21,0,0,0
Crystal Ball,12,154,67,11,8,252,0,0,0,1,0,1,3,0,1,0,0,0,0,0,1,0,0,0,0,0.35,0,0,0
Crystal Rod,11,82,29,15,8,145,0,0,0,1,0,1,1,0,1,0,0,0,0,0,1,0,0,0,0,0.2,0,0,0
Crystal Shard,13,96,92,12,8,221,0,1,-1,1,0,1,3,0,1,0,0,0,0,0,1,0,0,0,0,0.96,0,0,0
Crystalline Nautilus,20,364,0,11,31,426,1,1,0,2,1,1,3,0,1,0,0,0,0,1,0,1,0,0,1,0.2,0,0,0
Cudgel Troll,12,169,0,13,16,210,1,1,0,1,1,1,4,0,1,0,0,0,0,0,0,1,0,0,2,0.18,0,0,0
Cudgel Troll,12,169,0,13,16,210,1,1,0,1,1,1,4,0,1,0,0,0,0,0,0,1,0,0,2,0.19,0,0,0
Cudgel Troll,12,169,0,13,16,210,1,1,0,1,1,1,4,0,1,0,0,0,0,0,0,1,0,0,2,0.19,0,0,0
Culling Dais,12,146,70,15,8,251,0,0,0,1,0,1,2,0,1,0,0,0,0,0,1,0,0,0,0,0.19,0,0,0
Cult of the Waxing Moon,23,110,78,22,23,256,1,1,0,1,2,1,5,0,1,0,0,0,0,0,0,1,0,0,1,0.21,0,0,0
Cumber Stone,12,43,142,11,8,216,1,1,0,1,0,1,4,0,1,0,0,0,0,0,1,0,0,0,1,0.2,0,0,0
Cunning Bandit,14,194,0,13,24,245,1,1,0,1,2,1,3,0,1,0,0,0,0,0,0,1,0,0,2,0.22,0,0,0
Cunning Breezedancer,20,96,82,13,17,228,2,2,0,1,1,1,6,0,1,0,0,0,0,0,0,1,0,0,2,0.22,0,0,0
Cunning Sparkmage,17,73,51,14,23,178,1,1,0,1,2,1,3,0,1,0,0,0,0,0,0,1,0,0,1,0.23,0,0,0
Curiosity,9,94,111,13,18,245,1,1,0,1,1,1,1,0,1,0,0,0,0,1,0,0,0,0,1,0.27,0,0,0
Curiosity,9,94,143,10,18,274,1,1,0,1,1,1,1,0,1,0,0,0,0,1,0,0,0,0,1,0.39,0,0,0
Curious Homunculus,18,227,0,14,21,280,1,1,0,1,1,1,2,0,1,0,0,0,0,0,0,1,0,0,1,0.26,0,0,0
Curse of Exhaustion,19,73,109,15,24,240,1,1,0,1,2,1,4,0,1,0,0,0,0,1,0,0,0,0,2,0.23,0,0,0
Curse of the Nightly Hunt,25,78,79,7,24,213,1,1,0,1,2,1,3,0,1,0,0,0,0,1,0,0,0,0,1,0.2,0,0,0
Curse of Thirst,15,159,76,19,24,293,1,1,0,1,2,1,5,0,1,0,0,0,0,1,0,0,0,0,1,0.19,0,0,0
Curse of Wizardry,17,139,74,12,11,253,1,1,0,1,0,1,4,0,1,0,0,0,0,1,0,0,0,0,2,0.21,0,0,0
Cursecatcher,12,95,73,11,25,216,1,1,0,1,2,1,1,0,1,0,0,0,0,0,0,1,0,0,1,9.9,1,1,0
Cut the Tethers,15,75,96,10,7,203,1,1,0,1,0,1,4,0,1,0,0,0,1,0,0,0,0,0,2,0.21,0,0,0
Cutthroat Maneuver,18,78,94,11,7,208,1,1,0,1,0,1,4,0,1,0,0,1,0,0,0,0,0,0,1,0.18,0,0,0
Cyclical Evolution,18,348,0,12,7,385,1,1,0,1,0,1,5,0,1,0,0,0,1,0,0,0,0,0,2,0.22,0,0,0
Cyclone Sire,12,177,66,13,20,288,1,1,0,1,1,1,5,0,1,0,0,0,0,0,0,1,0,0,1,0.2,0,0,0
Cyclopean Snare,15,79,152,14,8,268,0,0,0,1,0,1,2,0,1,0,0,0,0,0,1,0,0,0,0,0.21,0,0,0
Cyclops of Eternal Fury,23,33,76,12,30,174,1,1,0,2,1,1,6,0,1,0,0,0,0,1,0,1,0,0,2,0.19,0,0,0
Dagger of the Worthy,20,190,0,12,20,242,0,0,0,1,1,1,2,0,1,0,0,0,0,0,1,0,0,0,0,0.23,0,0,0
Daggerclaw Imp,14,34,171,12,14,245,1,1,0,1,1,1,3,0,1,0,0,0,0,0,0,1,0,0,1,0.2,0,0,0
Daily Regimen,13,67,60,11,18,169,1,1,0,1,1,1,1,0,1,0,0,0,0,1,0,0,0,0,1,0.23,0,0,0
Dakmor Salvage,14,288,0,9,4,315,0,1,-1,1,0,1,0,0,1,0,0,0,0,0,0,0,1,0,0,1.84,1,0,0
Dakra Mystic,12,167,42,11,25,257,1,1,0,1,2,1,1,0,1,0,0,0,0,0,0,1,0,0,1,0.22,0,0,0
Dampen Thought,14,258,0,12,16,300,1,1,0,1,1,1,2,0,1,0,0,1,0,0,0,0,0,0,1,0.2,0,0,0
Dampening Pulse,15,43,60,12,11,141,1,1,0,1,0,1,4,0,1,0,0,0,0,1,0,0,0,0,1,0.19,0,0,0
Dance of Shadows,16,141,95,6,16,274,1,1,0,1,1,1,5,0,1,0,0,0,1,0,0,0,0,0,2,0.2,0,0,0
Dance of the Skywise,20,151,112,9,7,299,1,1,0,1,0,1,2,0,1,0,0,1,0,0,0,0,0,0,1,0.2,0,0,0
Dance with Devils,17,126,32,13,7,195,1,1,0,1,0,1,4,0,1,0,0,1,0,0,0,0,0,0,1,0.21,0,0,0
Dancing Scimitar,16,81,70,10,26,203,0,0,0,2,1,1,4,0,1,0,0,0,0,0,1,1,0,0,0,0.22,0,0,0
Daredevil Dragster,18,325,0,12,18,373,0,0,0,1,1,1,3,0,1,0,0,0,0,0,1,0,0,0,0,0.2,0,0,0
Daring Sleuth,13,51,77,12,22,175,1,1,0,1,2,1,2,0,1,0,0,0,0,0,0,1,0,0,1,0.21,0,0,0
Dark Betrayal,13,30,103,9,7,162,1,1,0,1,0,1,1,0,1,0,0,1,0,0,0,0,0,0,1,0.19,0,0,0
Dark Deal,9,92,101,12,7,221,1,1,0,1,0,1,3,0,1,0,0,0,1,0,0,0,0,0,1,0.29,0,0,0
Dark Heart of the Wood,22,36,163,10,11,242,2,2,0,1,0,1,2,0,1,0,0,0,0,1,0,0,0,0,2,0.21,0,0,0
Dark Nourishment,16,78,93,9,7,203,1,1,0,1,0,1,5,0,1,0,0,1,0,0,0,0,0,0,1,0.2,0,0,0
Dark Revenant,13,69,94,7,17,200,1,1,0,1,1,1,4,0,1,0,0,0,0,0,0,1,0,0,1,0.19,0,0,0
Darkblast,9,258,0,14,7,288,1,1,0,1,0,1,1,0,1,0,0,1,0,0,0,0,0,0,1,1.51,1,0,0
Darkheart Sliver,16,61,132,7,17,233,2,2,0,1,1,1,2,0,1,0,0,0,0,0,0,1,0,0,2,1.66,1,0,0
Darkslick Drake,15,46,77,6,16,160,1,1,0,1,1,1,4,0,1,0,0,0,0,0,0,1,0,0,2,0.19,0,0,0
Darksteel Axe,13,112,59,16,20,220,0,0,0,1,1,1,1,0,1,0,0,0,0,0,1,0,0,0,0,0.2,0,0,0
Darksteel Brute,15,161,0,7,8,191,0,0,0,1,0,1,2,0,1,0,0,0,0,0,1,0,0,0,0,0.18,0,0,0
Darksteel Citadel,17,46,65,9,13,150,0,0,0,2,0,1,0,0,1,0,0,0,0,0,1,0,1,0,0,0.5,0,0,0
Darksteel Gargoyle,18,90,48,11,28,195,0,0,0,2,1,1,7,0,1,0,0,0,0,0,1,1,0,0,0,0.24,0,0,0
Darksteel Ingot,15,64,66,17,8,170,0,0,0,1,0,1,3,0,1,0,0,0,0,0,1,0,0,0,0,0.34,0,0,0
Darksteel Myr,13,157,0,13,23,206,0,0,0,2,1,1,3,0,1,0,0,0,0,0,1,1,0,0,0,0.2,0,0,0
Darksteel Relic,15,72,68,16,8,179,0,0,0,1,0,1,0,0,1,0,0,0,0,0,1,0,0,0,0,0.41,0,0,0
Darksteel Sentinel,18,235,0,10,25,288,0,0,0,2,1,1,6,0,1,0,0,0,0,0,1,1,0,0,0,0.19,0,0,0
Dauntless Onslaught,19,60,161,16,7,263,1,1,0,1,0,1,3,0,1,0,0,1,0,0,0,0,0,0,1,0.18,0,0,0
Dauntless River Marshal,23,97,62,12,24,218,1,2,-1,1,2,1,2,0,1,0,0,0,0,0,0,1,0,0,1,0.2,0,0,0
Dawn to Dusk,12,117,117,14,7,267,1,1,0,1,0,1,4,0,1,0,0,0,1,0,0,0,0,0,2,0.2,0,0,0
Dawnglow Infusion,17,129,107,12,7,272,2,2,0,1,0,1,1,0,1,0,0,0,1,0,0,0,0,0,1,0.27,0,0,0
Dawnray Archer,14,182,83,14,23,316,1,2,-1,1,2,1,3,0,1,0,0,0,0,0,0,1,0,0,1,0.2,0,0,0
Dazzling Ramparts,17,42,119,9,15,202,1,1,0,1,1,1,5,0,1,0,0,0,0,0,0,1,0,0,1,0.2,0,0,0
Dead Drop,9,126,74,12,7,228,1,1,0,1,0,1,10,0,1,0,0,0,1,0,0,0,0,0,1,0.2,0,0,0
Deadeye Harpooner,17,170,49,13,24,273,1,1,0,1,2,1,3,0,1,0,0,0,0,0,0,1,0,0,1,0.2,0,0,0
Deadeye Plunderers,18,196,56,14,23,307,2,2,0,1,2,1,5,0,1,0,0,0,0,0,0,1,0,0,2,0.2,0,0,0
Deadeye Quartermaster,21,173,50,9,23,276,1,1,0,1,2,1,4,0,1,0,0,0,0,0,0,1,0,0,1,0.2,0,0,0
Dead-Iron Sledge,16,269,0,8,20,313,0,0,0,1,1,1,1,0,1,0,0,0,0,0,1,0,0,0,0,0.21,0,0,0
Deadly Allure,13,187,43,12,7,262,1,2,-1,1,0,1,1,0,1,0,0,0,1,0,0,0,0,0,1,0.2,0,0,0
Deadly Wanderings,17,102,59,13,11,202,1,1,0,1,0,1,5,0,1,0,0,0,0,1,0,0,0,0,2,0.21,0,0,0
Deadwood Treefolk,17,329,0,13,19,378,1,1,0,1,1,1,6,0,1,0,0,0,0,0,0,1,0,0,1,0.25,0,0,0
Death Frenzy,12,95,63,14,7,191,2,2,0,1,0,1,5,0,1,0,0,0,1,0,0,0,0,0,2,0.2,0,0,0
Death Wind,10,45,103,9,7,174,1,1,0,1,0,1,1,0,1,0,0,1,0,0,0,0,0,0,1,0.18,0,0,0
Deathforge Shaman,17,221,0,12,22,272,1,1,0,1,2,1,5,0,1,0,0,0,0,0,0,1,0,0,1,0.2,0,0,0
Deathgazer,10,109,40,15,17,191,1,1,0,1,1,1,4,0,1,0,0,0,0,0,0,1,0,0,1,0.21,0,0,0
Deathgazer,10,109,40,15,17,191,1,1,0,1,1,1,4,0,1,0,0,0,0,0,0,1,0,0,1,0.22,0,0,0
Deathless Ancient,17,106,93,9,25,250,1,1,0,1,2,1,6,0,1,0,0,0,0,0,0,1,0,0,2,0.2,0,0,0
Deathless Behemoth,18,161,73,11,18,281,0,0,0,1,1,1,6,0,1,0,0,0,0,0,0,1,0,0,0,0.2,0,0,0
Deathmark,9,39,129,15,7,199,1,1,0,1,0,1,1,0,1,0,0,0,1,0,0,0,0,0,1,0.19,0,0,0
Deathmark,9,39,83,15,7,153,1,1,0,1,0,1,1,0,1,0,0,0,1,0,0,0,0,0,1,0.2,0,0,0
Deathmark,9,39,90,15,7,160,1,1,0,1,0,1,1,0,1,0,0,0,1,0,0,0,0,0,1,0.2,0,0,0
Deathmark,9,39,162,13,7,230,1,1,0,1,0,1,1,0,1,0,0,0,1,0,0,0,0,0,1,0.25,0,0,0
Deathmark,9,39,162,13,7,230,1,1,0,1,0,1,1,0,1,0,0,0,1,0,0,0,0,0,1,0.27,0,0,0
Death-Mask Duplicant,20,256,0,14,32,322,0,0,0,2,1,1,7,0,1,0,0,0,0,0,1,1,0,0,0,0.22,0,0,0
Debt to the Deathless,21,84,75,12,7,199,2,2,0,1,0,1,4,0,1,0,0,0,1,0,0,0,0,0,4,0.28,0,0,0
Debtor's Pulpit,15,59,78,11,18,181,1,1,0,1,1,1,5,0,1,0,0,0,0,1,0,0,0,0,1,0.2,0,0,0
Deceiver Exarch,15,208,0,4,17,244,1,1,0,1,1,1,3,0,1,0,0,0,0,0,0,1,0,0,1,0.48,0,0,0
Decimator Beetle,16,268,0,15,17,316,2,2,0,1,1,1,5,0,1,0,0,0,0,0,0,1,0,0,2,0.21,0,0,0
Decoction Module,16,161,30,12,8,227,0,0,0,1,0,1,2,0,1,0,0,0,0,0,1,0,0,0,0,0.2,0,0,0
Decorated Griffin,17,85,100,12,18,232,1,1,0,1,1,1,5,0,1,0,0,0,0,0,0,1,0,0,1,0.19,0,0,0
Deem Worthy,11,181,0,13,7,212,1,1,0,1,0,1,5,0,1,0,0,1,0,0,0,0,0,0,1,0.2,0,0,0
Deepchannel Mentor,18,44,145,13,24,244,1,1,0,1,2,1,6,0,1,0,0,0,0,0,0,1,0,0,1,0.7,0,0,0
Deepfire Elemental,18,74,155,11,20,278,2,2,0,1,1,1,6,0,1,0,0,0,0,0,0,1,0,0,2,0.24,0,0,0
Deeproot Waters,15,184,97,11,11,318,1,1,0,1,0,1,3,0,1,0,0,0,0,1,0,0,0,0,1,0.25,0,0,0
Defiant Greatmaw,16,230,0,20,16,282,1,1,0,1,1,1,3,0,1,0,0,0,0,0,0,1,0,0,1,0.2,0,0,0
Deft Dismissal,14,116,105,4,7,246,1,1,0,1,0,1,4,0,1,0,0,1,0,0,0,0,0,0,1,0.19,0,0,0
Defy Death,10,115,130,13,7,275,1,1,0,1,0,1,5,0,1,0,0,0,1,0,0,0,0,0,2,0.22,0,0,0
Delay,5,383,0,10,7,405,1,1,0,1,0,1,2,0,1,0,0,1,0,0,0,0,0,0,1,2.99,1,0,0
Deluge,6,33,100,13,7,159,1,1,0,1,0,1,3,0,1,0,0,1,0,0,0,0,0,0,1,0.24,0,0,0
Dementia Sliver,15,210,0,11,17,253,2,2,0,1,1,1,5,0,1,0,0,0,0,0,0,1,0,0,2,0.23,0,0,0
Demolish,8,32,82,12,7,141,1,1,0,1,0,1,4,0,1,0,0,0,1,0,0,0,0,0,1,0.21,0,0,0
Demolish,8,32,82,12,7,141,1,1,0,1,0,1,4,0,1,0,0,0,1,0,0,0,0,0,1,0.21,0,0,0
Demolition Stomper,18,208,0,11,18,255,0,0,0,1,1,1,6,0,1,0,0,0,0,0,1,0,0,0,0,0.2,0,0,0
Demonic Taskmaster,18,91,57,10,16,192,1,1,0,1,1,1,3,0,1,0,0,0,0,0,0,1,0,0,1,0.19,0,0,0
Demonmail Hauberk,17,57,40,11,20,145,0,0,0,1,1,1,4,0,1,0,0,0,0,0,1,0,0,0,0,0.18,0,0,0
Demon-Possessed Witch,21,90,58,13,23,205,1,1,0,1,2,1,3,0,1,0,0,0,0,0,0,1,0,0,0,0.2,0,0,0
Demon's Herald,14,192,40,13,23,282,1,1,0,1,2,1,1,0,1,0,0,0,0,0,0,1,0,0,1,0.21,0,0,0
Demon's Horn,12,59,46,12,8,137,0,0,0,1,0,1,2,0,1,0,0,0,0,0,1,0,0,0,0,0.2,0,0,0
Demon's Horn,12,59,46,12,8,137,0,0,0,1,0,1,2,0,1,0,0,0,0,0,1,0,0,0,0,0.2,0,0,0
Demon's Horn,12,59,46,12,8,137,0,0,0,1,0,1,2,0,1,0,0,0,0,0,1,0,0,0,0,0.2,0,0,0
Demon's Horn,12,59,46,12,8,137,0,0,0,1,0,1,2,0,1,0,0,0,0,0,1,0,0,0,0,0.21,0,0,0
Demon's Horn,12,59,46,12,8,137,0,0,0,1,0,1,2,0,1,0,0,0,0,0,1,0,0,0,0,0.21,0,0,0
Demon's Horn,12,59,46,12,8,137,0,0,0,1,0,1,2,0,1,0,0,0,0,0,1,0,0,0,0,0.21,0,0,0
Demonspine Whip,15,62,75,10,20,182,2,2,0,1,1,1,2,0,1,0,0,0,0,0,1,0,0,0,2,0.21,0,0,0
Dense Canopy,12,59,120,12,11,214,1,1,0,1,0,1,2,0,1,0,0,0,0,1,0,0,0,0,1,0.23,0,0,0
Deranged Whelp,14,72,120,12,15,233,1,1,0,1,1,1,2,0,1,0,0,0,0,0,0,1,0,0,1,0.19,0,0,0
Descendant of Kiyomaro,22,163,91,16,24,316,1,1,0,1,2,1,3,0,1,0,0,0,0,0,0,1,0,0,2,0.21,0,0,0
Descendant of Masumaro,22,203,0,13,21,259,1,1,0,1,2,1,3,0,1,0,0,0,0,0,0,1,0,0,1,0.22,0,0,0
Deserter's Quarters,19,205,93,16,8,341,0,0,0,1,0,1,2,0,1,0,0,0,0,0,1,0,0,0,0,0.2,0,0,0
Desert's Hold,13,235,0,12,18,278,1,1,0,1,1,1,3,0,1,0,0,0,0,1,0,0,0,0,1,0.21,0,0,0
Desiccated Naga,15,123,93,15,22,268,1,1,0,1,2,1,3,0,1,0,0,0,0,0,0,1,0,0,1,0.15,0,0,0
Desperate Ravings,17,147,57,11,7,239,1,2,-1,1,0,1,2,0,1,0,0,1,0,0,0,0,0,0,1,0.2,0,0,0
Desperate Stand,15,185,88,16,7,311,2,2,0,1,0,1,2,0,1,0,0,0,1,0,0,0,0,0,2,0.2,0,0,0
Despise,7,124,103,13,7,254,1,1,0,1,0,1,1,0,1,0,0,0,1,0,0,0,0,0,1,0.21,0,0,0
Despise,7,124,75,14,7,227,1,1,0,1,0,1,1,0,1,0,0,0,1,0,0,0,0,0,1,0.25,0,0,0
Destructive Revelry,19,106,91,10,7,233,2,2,0,1,0,1,2,0,1,0,0,1,0,0,0,0,0,0,2,0.27,0,0,0
Destructor Dragon,17,73,165,16,17,288,1,1,0,1,1,1,6,0,1,0,0,0,0,0,0,1,0,0,2,0.23,0,0,0
Detonate,8,131,52,11,7,209,1,1,0,1,0,1,1,0,1,0,0,0,1,0,0,0,0,0,1,0.2,0,0,0
Devoted Crop-Mate,17,225,0,12,24,278,1,1,0,1,2,1,3,0,1,0,0,0,0,0,0,1,0,0,1,0.21,0,0,0
Devotee of Strength,19,53,112,13,22,219,1,1,0,1,2,1,3,0,1,0,0,0,0,0,0,1,0,0,1,0.19,0,0,0
Devour in Flames,16,162,68,15,7,268,1,1,0,1,0,1,3,0,1,0,0,0,1,0,0,0,0,0,1,0.2,0,0,0
Devour in Shadow,16,99,100,14,7,236,1,1,0,1,0,1,2,0,1,0,0,1,0,0,0,0,0,0,2,0.19,0,0,0
Devouring Light,15,193,43,15,7,273,1,1,0,1,0,1,3,0,1,0,0,1,0,0,0,0,0,0,2,0.23,0,0,0
Devouring Light,15,193,79,12,7,306,1,1,0,1,0,1,3,0,1,0,0,1,0,0,0,0,0,0,2,0.25,0,0,0
Devout Chaplain,15,79,74,14,23,205,1,1,0,1,2,1,3,0,1,0,0,0,0,0,0,1,0,0,1,0.2,0,0,0
Diabolic Tutor,14,91,83,12,7,207,1,1,0,1,0,1,4,0,1,0,0,0,1,0,0,0,0,0,2,0.23,0,0,0
Diabolic Tutor,14,91,58,12,7,182,1,1,0,1,0,1,4,0,1,0,0,0,1,0,0,0,0,0,2,0.27,0,0,0
Diabolic Tutor,14,91,58,12,7,182,1,1,0,1,0,1,4,0,1,0,0,0,1,0,0,0,0,0,2,0.28,0,0,0
Diabolic Tutor,14,91,58,12,7,182,1,1,0,1,0,1,4,0,1,0,0,0,1,0,0,0,0,0,2,0.29,0,0,0
Diabolic Tutor,14,91,58,12,7,182,1,1,0,1,0,1,4,0,1,0,0,0,1,0,0,0,0,0,2,0.3,0,0,0
Diabolic Tutor,14,91,47,12,7,171,1,1,0,1,0,1,4,0,1,0,0,0,1,0,0,0,0,0,2,0.41,0,0,0
Diabolic Tutor,14,91,47,12,7,171,1,1,0,1,0,1,4,0,1,0,0,0,1,0,0,0,0,0,2,0.43,0,0,0
Diabolic Tutor,14,91,47,12,7,171,1,1,0,1,0,1,4,0,1,0,0,0,1,0,0,0,0,0,2,0.47,0,0,0
Diffusion Sliver,16,163,83,14,17,293,1,1,0,1,1,1,2,0,1,0,0,0,0,0,0,1,0,0,1,0.35,0,0,0
Dimir Charm,11,206,47,12,7,283,2,2,0,1,0,1,2,0,1,0,0,1,0,0,0,0,0,0,2,0.22,0,0,0
Dimir Guildmage,15,242,0,8,23,288,2,2,0,1,2,1,2,0,1,0,0,0,0,0,0,1,0,0,2,0.23,0,0,0
Dimir Keyrune,13,164,36,16,8,237,0,2,-2,1,0,1,3,0,1,0,0,0,0,0,1,0,0,0,0,0.18,0,0,0
Dimir Machinations,18,350,0,12,7,387,1,1,0,1,0,1,3,0,1,0,0,0,1,0,0,0,0,0,1,0.76,0,0,0
Dinosaur Stampede,17,102,116,9,7,251,1,1,0,1,0,1,3,0,1,0,0,1,0,0,0,0,0,0,1,0.18,0,0,0
Dinrova Horror,14,122,137,12,17,302,2,2,0,1,1,1,6,0,1,0,0,0,0,0,0,1,0,0,2,0.16,0,0,0
Diplomacy of the Wastes,23,159,69,9,7,267,1,1,0,1,0,1,3,0,1,0,0,0,1,0,0,0,0,0,1,0.23,0,0,0
Dire Fleet Captain,18,101,102,12,21,254,2,2,0,1,2,1,2,0,1,0,0,0,0,0,0,1,0,0,2,0.19,0,0,0
Diregraf Captain,16,128,80,15,25,264,2,2,0,1,2,1,3,0,1,0,0,0,0,0,0,1,0,0,2,0.29,0,0,0
Diregraf Ghoul,14,45,101,12,17,189,1,1,0,1,1,1,1,0,1,0,0,0,0,0,0,1,0,0,1,0.22,0,0,0
Disappearing Act,16,121,90,15,7,249,1,1,0,1,0,1,3,0,1,0,0,1,0,0,0,0,0,0,2,0.2,0,0,0
Disciple of Deceit,18,239,0,7,22,286,2,2,0,1,2,1,2,0,1,0,0,0,0,0,0,1,0,0,2,0.24,0,0,0
Disciple of Griselbrand,23,86,119,13,23,264,1,1,0,1,2,1,2,0,1,0,0,0,0,0,0,1,0,0,1,0.17,0,0,0
Discombobulate,14,98,79,22,7,220,1,1,0,1,0,1,4,0,1,0,0,1,0,0,0,0,0,0,2,0.24,0,0,0
Dismal Failure,14,53,165,9,7,248,1,1,0,1,0,1,4,0,1,0,0,1,0,0,0,0,0,0,2,0.25,0,0,0
Dismantle,9,137,55,12,7,220,1,1,0,1,0,1,3,0,1,0,0,0,1,0,0,0,0,0,1,0.2,0,0,0
Dismember,9,92,100,14,7,222,1,1,0,1,0,1,3,0,1,0,0,1,0,0,0,0,0,0,2,2.94,1,0,0
Dispatch,8,94,97,10,7,216,1,1,0,1,0,1,1,0,1,0,0,1,0,0,0,0,0,0,1,0.99,0,0,0
Dispense Justice,16,155,62,10,7,250,1,1,0,1,0,1,3,0,1,0,0,1,0,0,0,0,0,0,1,0.2,0,0,0
Display of Dominance,20,170,0,16,7,213,1,1,0,1,0,1,2,0,1,0,0,1,0,0,0,0,0,0,1,0.23,0,0,0
Disruption Aura,15,128,80,10,18,251,1,1,0,1,1,1,3,0,1,0,0,0,0,1,0,0,0,0,1,0.2,0,0,0
Dissension in the Ranks,23,65,183,12,7,290,1,1,0,1,0,1,5,0,1,0,0,1,0,0,0,0,0,0,2,0.2,0,0,0
Dissipate,9,117,93,16,7,242,1,1,0,1,0,1,3,0,1,0,0,1,0,0,0,0,0,0,2,0.23,0,0,0
Dissipate,9,117,93,16,7,242,1,1,0,1,0,1,3,0,1,0,0,1,0,0,0,0,0,0,2,0.24,0,0,0
Dissolve,8,122,43,11,7,191,1,1,0,1,0,1,3,0,1,0,0,1,0,0,0,0,0,0,2,0.4,0,0,0
Divebomber Griffin,18,117,37,10,18,200,1,1,0,1,1,1,5,0,1,0,0,0,0,0,0,1,0,0,2,0.21,0,0,0
Diviner's Wand,14,231,0,13,34,292,0,0,0,2,2,1,3,0,1,0,0,0,0,0,1,0,0,0,0,0.28,0,0,0
Domestication,13,155,0,13,18,199,1,1,0,1,1,1,4,0,1,0,0,0,0,1,0,0,0,0,2,0.2,0,0,0
Domineer,8,66,105,10,18,207,1,1,0,1,1,1,3,0,1,0,0,0,0,1,0,0,0,0,2,0.19,0,0,0
Doom Blade,10,33,0,6,7,56,1,1,0,1,0,1,2,0,1,0,0,1,0,0,0,0,0,0,1,0.22,0,0,0
Doomfall,8,163,54,14,7,246,1,1,0,1,0,1,3,0,1,0,0,0,1,0,0,0,0,0,1,0.32,0,0,0
Dormant Sliver,14,111,142,15,17,299,2,2,0,1,1,1,4,0,1,0,0,0,0,0,0,1,0,0,2,1.01,1,0,0
Double Negative,15,32,97,13,7,164,2,2,0,1,0,1,3,0,1,0,0,1,0,0,0,0,0,0,3,0.23,0,0,0
Dowsing Shaman,14,77,83,14,25,213,1,1,0,1,2,1,5,0,1,0,0,0,0,0,0,1,0,0,1,0.21,0,0,0
Draconic Roar,13,278,0,10,7,308,1,1,0,1,0,1,2,0,1,0,0,1,0,0,0,0,0,0,1,0.41,0,0,0
Dragon Appeasement,18,76,124,11,11,240,3,3,0,1,0,1,6,0,1,0,0,0,0,1,0,0,0,0,3,0.21,0,0,0
Dragon Blood,12,49,51,11,8,131,0,0,0,1,0,1,3,0,1,0,0,0,0,0,1,0,0,0,0,0.19,0,0,0
Dragon Egg,10,170,82,9,17,288,1,1,0,1,1,1,3,0,1,0,0,0,0,0,0,1,0,0,1,0.24,0,0,0
Dragon Grip,11,234,0,15,18,278,1,1,0,1,1,1,3,0,1,0,0,0,0,1,0,0,0,0,1,0.2,0,0,0
Dragon Hunter,13,79,86,13,24,215,1,1,0,1,2,1,1,0,1,0,0,0,0,0,0,1,0,0,1,0.27,0,0,0
Dragon Whelp,12,181,0,15,17,225,1,1,0,1,1,1,4,0,1,0,0,0,0,0,0,1,0,0,2,0.2,0,0,0
Dragonloft Idol,15,87,152,9,28,291,0,0,0,2,1,1,4,0,1,0,0,0,0,0,1,1,0,0,0,0.21,0,0,0
Dragonlord's Servant,20,45,151,14,24,254,1,1,0,1,2,1,2,0,1,0,0,0,0,0,0,1,0,0,1,0.37,0,0,0
Dragonrage,10,173,88,16,7,294,1,1,0,1,0,1,3,0,1,0,0,1,0,0,0,0,0,0,1,0.22,0,0,0
Dragon's Claw,13,57,99,12,8,189,0,0,0,1,0,1,2,0,1,0,0,0,0,0,1,0,0,0,0,0.24,0,0,0
Dragon's Claw,13,57,81,12,8,171,0,0,0,1,0,1,2,0,1,0,0,0,0,0,1,0,0,0,0,0.25,0,0,0
Dragon's Claw,13,57,99,12,8,189,0,0,0,1,0,1,2,0,1,0,0,0,0,0,1,0,0,0,0,0.25,0,0,0
Dragon's Claw,13,57,81,12,8,171,0,0,0,1,0,1,2,0,1,0,0,0,0,0,1,0,0,0,0,0.26,0,0,0
Dragon's Claw,13,57,81,12,8,171,0,0,0,1,0,1,2,0,1,0,0,0,0,0,1,0,0,0,0,0.27,0,0,0
Dragon's Claw,13,57,81,12,8,171,0,0,0,1,0,1,2,0,1,0,0,0,0,0,1,0,0,0,0,0.28,0,0,0
Dragon's Eye Savants,20,222,0,15,23,280,1,1,0,1,2,1,2,0,1,0,0,0,0,0,0,1,0,0,1,0.2,0,0,0
Dragon's Herald,15,193,73,7,24,312,1,1,0,1,2,1,1,0,1,0,0,0,0,0,0,1,0,0,1,0.2,0,0,0
Dragonsoul Knight,17,126,91,12,23,269,1,5,-4,1,2,1,3,0,1,0,0,0,0,0,0,1,0,0,1,0.21,0,0,0
Drake Umbra,11,175,0,11,18,215,1,1,0,1,1,1,5,0,1,0,0,0,0,1,0,0,0,0,1,0.17,0,0,0
Drana's Emissary,16,87,45,13,30,191,2,2,0,1,3,1,3,0,1,0,0,0,0,0,0,1,0,0,2,0.42,0,0,0
Drastic Revelation,18,72,57,14,7,168,3,3,0,1,0,1,5,0,1,0,0,0,1,0,0,0,0,0,3,0.21,0,0,0
Dread Return,12,188,68,10,7,285,1,1,0,1,0,1,4,0,1,0,0,0,1,0,0,0,0,0,2,0.87,0,0,0
Dread Statuary,14,127,54,14,4,213,0,0,0,1,0,1,0,0,1,0,0,0,0,0,0,0,1,0,0,0.2,0,0,0
Dreadship Reef,14,201,0,15,4,234,0,2,-2,1,0,1,0,0,1,0,0,0,0,0,0,0,1,0,0,0.36,0,0,0
Dreadwing,9,67,154,10,17,257,1,3,-2,1,1,1,1,0,1,0,0,0,0,0,0,1,0,0,1,0.2,0,0,0
Dream Fracture,14,63,78,11,7,173,1,1,0,1,0,1,3,0,1,0,0,1,0,0,0,0,0,0,2,0.31,0,0,0
Dream Prowler,13,63,57,12,19,164,1,1,0,1,1,1,4,0,1,0,0,0,0,0,0,1,0,0,2,0.22,0,0,0
Dream Salvage,13,76,109,11,7,216,2,2,0,1,0,1,1,0,1,0,0,1,0,0,0,0,0,0,1,1.42,1,0,0
Dreamstone Hedron,17,94,103,14,8,236,0,0,0,1,0,1,6,0,1,0,0,0,0,0,1,0,0,0,0,0.22,0,0,0
Dreg Mangler,12,180,0,16,23,231,2,2,0,1,2,1,3,0,1,0,0,0,0,0,0,1,0,0,2,0.18,0,0,0
Drekavac,8,89,141,14,16,268,1,1,0,1,1,1,2,0,1,0,0,0,0,0,0,1,0,0,1,0.21,0,0,0
Drogskol Captain,16,145,55,16,25,257,2,2,0,1,2,1,3,0,1,0,0,0,0,0,0,1,0,0,2,0.68,0,0,0
Drogskol Shieldmate,19,173,51,9,25,277,1,1,0,1,2,1,3,0,1,0,0,0,0,0,0,1,0,0,1,0.2,0,0,0
Dromoka Captain,15,161,42,12,24,254,1,1,0,1,2,1,3,0,1,0,0,0,0,0,0,1,0,0,1,0.22,0,0,0
Dromoka Monument,16,152,98,16,8,290,0,2,-2,1,0,1,3,0,1,0,0,0,0,0,1,0,0,0,0,0.21,0,0,0
Dromoka's Gift,14,118,78,13,7,230,1,1,0,1,0,1,5,0,1,0,0,1,0,0,0,0,0,0,1,0.21,0,0,0
Droning Bureaucrats,19,83,154,10,24,290,1,1,0,1,2,1,4,0,1,0,0,0,0,0,0,1,0,0,1,0.22,0,0,0
Drooling Groodion,17,132,107,10,16,282,2,2,0,1,1,1,6,0,1,0,0,0,0,0,0,1,0,0,3,0.2,0,0,0
Drove of Elves,14,107,61,16,14,212,1,1,0,1,1,1,4,0,1,0,0,0,0,0,0,1,0,0,1,0.71,0,0,0
Drover of the Mighty,20,116,54,14,22,226,1,1,0,1,2,1,2,0,1,0,0,0,0,0,0,1,0,0,1,0.42,0,0,0
Drown in Sorrow,15,143,117,12,7,294,1,1,0,1,0,1,3,0,1,0,0,0,1,0,0,0,0,0,2,0.28,0,0,0
Drowned Rusalka,15,60,66,11,17,169,1,1,0,1,1,1,1,0,1,0,0,0,0,0,0,1,0,0,1,0.21,0,0,0
Drowner of Secrets,18,117,107,12,25,279,1,1,0,1,2,1,3,0,1,0,0,0,0,0,0,1,0,0,1,0.24,0,0,0
Drownyard Behemoth,18,289,0,10,23,340,0,1,-1,1,2,1,9,0,1,0,0,0,0,0,0,1,0,0,0,0.2,0,0,0
Drudge Skeletons,16,173,169,10,19,387,1,1,0,1,1,1,2,0,1,0,0,0,0,0,0,1,0,0,1,0.21,0,0,0
Drudge Skeletons,16,173,169,10,19,387,1,1,0,1,1,1,2,0,1,0,0,0,0,0,0,1,0,0,1,0.23,0,0,0
Druid's Familiar,16,261,0,13,15,305,1,1,0,1,1,1,4,0,1,0,0,0,0,0,0,1,0,0,1,0.2,0,0,0
Drumhunter,10,138,86,10,30,274,1,1,0,1,3,1,4,0,1,0,0,0,0,0,0,1,0,0,1,0.23,0,0,0
Drunau Corpse Trawler,21,150,78,12,17,278,1,2,-1,1,1,1,4,0,1,0,0,0,0,0,0,1,0,0,1,0.21,0,0,0
Dryad Arbor,11,110,121,12,28,282,1,1,0,2,2,1,0,0,1,0,0,0,0,0,0,1,1,0,0,9.95,1,1,0
Dryad Militant,14,92,65,14,24,209,2,2,0,1,2,1,1,0,1,0,0,0,0,0,0,1,0,0,1,0.17,0,0,0
Dryad Sophisticate,18,104,143,10,16,291,1,1,0,1,1,1,2,0,1,0,0,0,0,0,0,1,0,0,1,0.21,0,0,0
Due Respect,11,63,106,11,7,198,1,1,0,1,0,1,2,0,1,0,0,1,0,0,0,0,0,0,1,0.2,0,0,0
Duergar Cave-Guard,18,126,107,11,24,286,1,2,-1,1,2,1,4,0,1,0,0,0,0,0,0,1,0,0,1,0.23,0,0,0
Duergar Hedge-Mage,18,237,0,11,23,289,2,2,0,1,2,1,3,0,1,0,0,0,0,0,0,1,0,0,1,0.36,0,0,0
Duergar Mine-Captain,20,90,139,12,24,285,2,2,0,1,2,1,3,0,1,0,0,0,0,0,0,1,0,0,1,0.22,0,0,0
Dune Diviner,12,57,108,7,22,206,1,1,0,1,2,1,3,0,1,0,0,0,0,0,0,1,0,0,1,0.18,0,0,0
Dunerider Outlaw,16,142,78,12,28,276,1,1,0,1,3,1,2,0,1,0,0,0,0,0,0,1,0,0,2,0.22,0,0,0
Dunes of the Dead,17,142,90,10,13,272,0,0,0,1,1,1,0,0,1,0,0,0,0,0,0,0,1,0,0,0.23,0,0,0
Durable Handicraft,18,216,0,12,11,257,1,1,0,1,0,1,2,0,1,0,0,0,0,1,0,0,0,0,1,0.19,0,0,0
Durkwood Tracker,16,187,74,17,16,310,1,1,0,1,1,1,5,0,1,0,0,0,0,0,0,1,0,0,1,0.2,0,0,0
Dusk Feaster,12,121,95,22,18,268,1,1,0,1,1,1,7,0,1,0,0,0,0,0,0,1,0,0,2,0.2,0,0,0
Dusk Legion Dreadnought,23,147,58,12,18,258,0,0,0,1,1,1,5,0,1,0,0,0,0,0,1,0,0,0,0,0.2,0,0,0
Duskborne Skymarcher,20,71,27,12,25,155,1,1,0,1,2,1,1,0,1,0,0,0,0,0,0,1,0,0,1,0.2,0,0,0
Duskdale Wurm,13,106,0,14,15,148,1,1,0,1,1,1,7,0,1,0,0,0,0,0,0,1,0,0,2,0.19,0,0,0
Duskdale Wurm,13,106,0,14,15,148,1,1,0,1,1,1,7,0,1,0,0,0,0,0,0,1,0,0,2,0.2,0,0,0
Duskdale Wurm,13,106,194,14,15,342,1,1,0,1,1,1,7,0,1,0,0,0,0,0,0,1,0,0,2,0.22,0,0,0
Duskmantle  House of Shadow,27,125,107,17,4,280,0,2,-2,1,0,1,0,0,1,0,0,0,0,0,0,0,1,0,0,0.23,0,0,0
Duskmantle Guildmage,20,210,0,15,23,268,2,2,0,1,2,1,2,0,1,0,0,0,0,0,0,1,0,0,2,0.49,0,0,0
Duskmantle Prowler,18,181,0,13,24,236,1,1,0,1,2,1,4,0,1,0,0,0,0,0,0,1,0,0,1,0.19,0,0,0
Duskrider Peregrine,19,289,0,11,15,334,1,1,0,1,1,1,6,0,1,0,0,0,0,0,0,1,0,0,1,0.2,0,0,0
Duskwatch Recruiter,19,281,0,16,33,349,1,1,0,1,3,1,2,0,1,0,0,0,0,0,0,1,0,0,1,0.89,0,0,0
Duskworker,10,97,86,12,29,234,0,0,0,2,1,1,4,0,1,0,0,0,0,0,1,1,0,0,0,0.19,0,0,0
Dust of Moments,15,177,0,29,7,228,1,1,0,1,0,1,3,0,1,0,0,1,0,0,0,0,0,0,1,0.22,0,0,0
Dwarven Demolition Team,23,25,165,10,16,239,1,1,0,1,1,1,3,0,1,0,0,0,0,0,0,1,0,0,1,0.2,0,0,0
Dwynen's Elite,14,118,78,13,22,245,1,1,0,1,2,1,2,0,1,0,0,0,0,0,0,1,0,0,1,1.24,1,0,0
Dying Wish,10,128,92,10,18,258,1,1,0,1,1,1,2,0,1,0,0,0,0,1,0,0,0,0,1,0.17,0,0,0
Earth Elemental,15,0,232,17,20,284,1,1,0,1,1,1,5,0,1,0,0,0,0,0,0,1,0,0,2,0.22,0,0,0
Earth Servant,13,55,163,14,20,265,1,1,0,1,1,1,6,0,1,0,0,0,0,0,0,1,0,0,1,0.19,0,0,0
Earthen Goo,11,237,0,13,15,276,1,2,-1,1,1,1,3,0,1,0,0,0,0,0,0,1,0,0,1,0.21,0,0,0
Earthshaker,11,103,124,11,17,266,1,1,0,1,1,1,6,0,1,0,0,0,0,0,0,1,0,0,2,0.2,0,0,0
Eaten by Spiders,16,80,102,15,7,220,1,1,0,1,0,1,3,0,1,0,0,1,0,0,0,0,0,0,1,0.19,0,0,0
Ebon Drake,10,56,65,12,16,159,1,1,0,1,1,1,3,0,1,0,0,0,0,0,0,1,0,0,1,0.2,0,0,0
Ebony Owl Netsuke,17,139,105,15,8,284,0,0,0,1,0,1,2,0,1,0,0,0,0,0,1,0,0,0,0,0.92,0,0,0
Echoes of the Kin Tree,22,122,89,18,11,262,1,1,0,1,0,1,2,0,1,0,0,0,0,1,0,0,0,0,1,0.22,0,0,0
Edifice of Authority,20,306,0,21,8,355,0,0,0,1,0,1,3,0,1,0,0,0,0,0,1,0,0,0,0,0.2,0,0,0
Eerie Procession,16,111,184,10,16,337,1,1,0,1,1,1,3,0,1,0,0,0,1,0,0,0,0,0,1,0.21,0,0,0
Efficient Construction,22,104,100,11,11,248,1,1,0,1,0,1,4,0,1,0,0,0,0,1,0,0,0,0,1,0.22,0,0,0
Ego Erasure,11,136,38,15,29,229,1,1,0,2,1,1,3,0,1,0,0,1,0,0,0,0,0,0,1,0.21,0,0,0
Eidolon of Rhetoric,19,53,82,8,29,191,1,1,0,2,1,1,3,0,1,0,0,0,0,1,0,1,0,0,1,0.5,0,0,0
Eiganjo Free-Riders,19,96,117,10,24,266,1,1,0,1,2,1,4,0,1,0,0,0,0,0,0,1,0,0,1,0.21,0,0,0
Elaborate Firecannon,20,230,0,15,8,273,0,0,0,1,0,1,2,0,1,0,0,0,0,0,1,0,0,0,0,0.2,0,0,0
Elder Mastery,13,148,40,11,18,230,3,3,0,1,1,1,6,0,1,0,0,0,0,1,0,0,0,0,3,0.21,0,0,0
Electrolyze,11,111,55,29,7,213,2,2,0,1,0,1,3,0,1,0,0,1,0,0,0,0,0,0,2,0.64,0,0,0
Elegant Edgecrafters,20,218,0,13,24,275,1,1,0,1,2,1,6,0,1,0,0,0,0,0,0,1,0,0,2,0.17,0,0,0
Elemental Bond,14,99,56,13,11,193,1,1,0,1,0,1,3,0,1,0,0,0,0,1,0,0,0,0,1,0.26,0,0,0
Elfhame Palace,14,84,80,17,4,199,0,2,-2,1,0,1,0,0,1,0,0,0,0,0,0,0,1,0,0,0.28,0,0,0
Elite Javelineer,16,81,51,10,24,182,1,1,0,1,2,1,3,0,1,0,0,0,0,0,0,1,0,0,1,0.22,0,0,0
Elite Scaleguard,16,278,0,14,24,332,1,1,0,1,2,1,5,0,1,0,0,0,0,0,0,1,0,0,1,0.23,0,0,0
Elite Vanguard,14,0,115,10,24,163,1,1,0,1,2,1,1,0,1,0,0,0,0,0,0,1,0,0,1,0.2,0,0,0
Elite Vanguard,14,0,115,10,24,163,1,1,0,1,2,1,1,0,1,0,0,0,0,0,0,1,0,0,1,0.2,0,0,0
Elite Vanguard,14,0,115,10,24,163,1,1,0,1,2,1,1,0,1,0,0,0,0,0,0,1,0,0,1,0.2,0,0,0
Elixir of Immortality,21,103,100,29,8,261,0,0,0,1,0,1,1,0,1,0,0,0,0,0,1,0,0,0,0,0.43,0,0,0
Elixir of Immortality,21,103,100,29,8,261,0,0,0,1,0,1,1,0,1,0,0,0,0,0,1,0,0,0,0,0.43,0,0,0
Elixir of Immortality,21,103,100,29,8,261,0,0,0,1,0,1,1,0,1,0,0,0,0,0,1,0,0,0,0,0.44,0,0,0
Elixir of Immortality,21,103,100,29,8,261,0,0,0,1,0,1,1,0,1,0,0,0,0,0,1,0,0,0,0,0.45,0,0,0
Elusive Krasis,14,210,0,11,22,257,2,2,0,1,2,1,3,0,1,0,0,0,0,0,0,1,0,0,2,0.2,0,0,0
Elven Riders,12,75,81,13,14,195,1,1,0,1,1,1,5,0,1,0,0,0,0,0,0,1,0,0,2,0.23,0,0,0
Elvish Bard,11,46,88,13,21,179,1,1,0,1,2,1,5,0,1,0,0,0,0,0,0,1,0,0,2,0.22,0,0,0
Elvish Harbinger,16,209,0,16,20,261,1,1,0,1,2,1,3,0,1,0,0,0,0,0,0,1,0,0,1,2.05,1,0,0
Elvish Lyrist,13,62,72,15,14,176,1,1,0,1,1,1,1,0,1,0,0,0,0,0,0,1,0,0,1,0.22,0,0,0
Elvish Promenade,16,71,191,11,20,309,1,1,0,2,1,1,4,0,1,0,0,0,1,0,0,0,0,0,1,2.69,1,0,0
Elvish Scrapper,15,61,136,20,14,246,1,1,0,1,1,1,1,0,1,0,0,0,0,0,0,1,0,0,1,0.24,0,0,0
Emancipation Angel,18,106,52,10,16,202,1,1,0,1,1,1,3,0,1,0,0,0,0,0,0,1,0,0,2,0.21,0,0,0
Embalmer's Tools,16,199,81,15,8,319,0,0,0,1,0,1,2,0,1,0,0,0,0,0,1,0,0,0,0,0.2,0,0,0
Ember Hauler,12,86,100,14,17,229,1,1,0,1,1,1,2,0,1,0,0,0,0,0,0,1,0,0,2,0.2,0,0,0
Embersmith,10,120,96,14,26,266,1,1,0,1,2,1,2,0,1,0,0,0,0,0,0,1,0,0,1,0.19,0,0,0
Emblem of the Warmind,21,62,122,13,18,236,1,1,0,1,1,1,2,0,1,0,0,0,0,1,0,0,0,0,1,0.24,0,0,0
Embodiment of Fury,18,236,0,13,20,287,1,1,0,1,1,1,4,0,1,0,0,0,0,0,0,1,0,0,1,0.21,0,0,0
Embodiment of Insight,21,240,0,11,20,292,1,1,0,1,1,1,5,0,1,0,0,0,0,0,0,1,0,0,1,0.21,0,0,0
Embraal Bruiser,15,109,86,19,24,253,1,1,0,1,2,1,2,0,1,0,0,0,0,0,0,1,0,0,1,0.16,0,0,0
Emerge Unscathed,16,269,0,12,7,304,1,1,0,1,0,1,1,0,1,0,0,1,0,0,0,0,0,0,1,0.56,0,0,0
Emergent Growth,15,83,38,16,7,159,1,1,0,1,0,1,4,0,1,0,0,0,1,0,0,0,0,0,1,0.2,0,0,0
Emissary of Despair,19,131,0,7,17,174,1,1,0,1,1,1,3,0,1,0,0,0,0,0,0,1,0,0,2,0.19,0,0,0
Emissary of Hope,16,121,0,7,17,161,1,1,0,1,1,1,3,0,1,0,0,0,0,0,0,1,0,0,2,0.19,0,0,0
Emissary of Sunrise,19,261,0,20,23,323,1,1,0,1,2,1,3,0,1,0,0,0,0,0,0,1,0,0,1,0.19,0,0,0
Empty-Shrine Kannushi,21,79,70,10,23,203,1,1,0,1,2,1,1,0,1,0,0,0,0,0,0,1,0,0,1,0.21,0,0,0
Empyreal Voyager,16,115,164,13,25,333,2,2,0,1,2,1,3,0,1,0,0,0,0,0,0,1,0,0,2,0.18,0,0,0
Emrakul's Influence,19,98,122,18,11,268,1,1,0,1,0,1,4,0,1,0,0,0,0,1,0,0,0,0,2,0.2,0,0,0
Enatu Golem,11,39,123,16,25,214,0,0,0,2,1,1,6,0,1,0,0,0,0,0,1,1,0,0,0,0.2,0,0,0
Encase in Ice,13,233,0,15,18,279,1,1,0,1,1,1,2,0,1,0,0,0,0,1,0,0,0,0,1,0.22,0,0,0
Encircling Fissure,18,273,0,13,7,311,1,1,0,1,0,1,3,0,1,0,0,1,0,0,0,0,0,0,1,0.2,0,0,0
Enclave Cryptologist,20,166,0,13,25,224,1,1,0,1,2,1,1,0,1,0,0,0,0,0,0,1,0,0,1,0.34,0,0,0
Encroaching Wastes,18,101,120,12,4,255,0,0,0,1,0,1,0,0,1,0,0,0,0,0,0,0,1,0,0,0.19,0,0,0
Endless Obedience,17,231,0,13,7,268,1,1,0,1,0,1,6,0,1,0,0,0,1,0,0,0,0,0,2,0.2,0,0,0
Endure,6,83,104,13,7,213,1,1,0,1,0,1,5,0,1,0,0,1,0,0,0,0,0,0,2,0.22,0,0,0
Enduring Scalelord,18,134,76,13,17,258,2,2,0,1,1,1,6,0,1,0,0,0,0,0,0,1,0,0,2,0.24,0,0,0
Energy Chamber,14,151,0,10,8,183,0,0,0,1,0,1,2,0,1,0,0,0,0,0,1,0,0,0,0,0.77,0,0,0
Engineered Might,16,150,0,12,7,185,2,2,0,1,0,1,5,0,1,0,0,0,1,0,0,0,0,0,2,0.2,0,0,0
Enigma Drake,12,98,118,12,16,256,2,2,0,1,1,1,3,0,1,0,0,0,0,0,0,1,0,0,2,0.26,0,0,0
Enlarge,7,273,0,15,7,302,1,1,0,1,0,1,5,0,1,0,0,0,1,0,0,0,0,0,2,0.2,0,0,0
Enlisted Wurm,13,240,34,14,15,316,2,2,0,1,1,1,6,0,1,0,0,0,0,0,0,1,0,0,2,0.22,0,0,0
Enormous Baloth,15,0,142,10,16,183,1,1,0,1,1,1,7,0,1,0,0,0,0,0,0,1,0,0,1,0.2,0,0,0
Enormous Baloth,15,0,142,10,16,183,1,1,0,1,1,1,7,0,1,0,0,0,0,0,0,1,0,0,1,0.21,0,0,0
Enormous Baloth,15,0,142,10,16,183,1,1,0,1,1,1,7,0,1,0,0,0,0,0,0,1,0,0,1,0.21,0,0,0
Enormous Baloth,15,0,142,10,16,183,1,1,0,1,1,1,7,0,1,0,0,0,0,0,0,1,0,0,1,0.24,0,0,0
Enrage,6,45,57,12,7,127,1,1,0,1,0,1,1,0,1,0,0,1,0,0,0,0,0,0,1,0.2,0,0,0
Enrage,6,45,38,12,7,108,1,1,0,1,0,1,1,0,1,0,0,1,0,0,0,0,0,0,1,0.21,0,0,0
Enraged Giant,13,147,125,15,16,316,1,1,0,1,1,1,6,0,1,0,0,0,0,0,0,1,0,0,1,0.21,0,0,0
Enslave,7,129,67,10,18,231,1,1,0,1,1,1,6,0,1,0,0,0,0,1,0,0,0,0,2,0.19,0,0,0
Enslave,7,129,0,29,18,183,1,1,0,1,1,1,6,0,1,0,0,0,0,1,0,0,0,0,2,0.23,0,0,0
Ensoul Artifact,15,115,112,14,18,274,1,1,0,1,1,1,2,0,1,0,0,0,0,1,0,0,0,0,1,0.69,0,0,0
Ensouled Scimitar,17,257,0,20,20,314,0,0,0,1,1,1,3,0,1,0,0,0,0,0,1,0,0,0,0,0.23,0,0,0
Entangling Trap,15,188,0,11,11,225,1,1,0,1,0,1,2,0,1,0,0,0,0,1,0,0,0,0,1,0.2,0,0,0
Enthralling Victor,18,230,78,13,24,363,1,1,0,1,2,1,4,0,1,0,0,0,0,0,0,1,0,0,1,0.21,0,0,0
Entomber Exarch,15,235,0,15,17,282,1,1,0,1,1,1,4,0,1,0,0,0,0,0,0,1,0,0,2,0.2,0,0,0
Ephara's Enlightenment,22,264,0,11,18,315,2,2,0,1,1,1,3,0,1,0,0,0,0,1,0,0,0,0,2,0.2,0,0,0
Epitaph Golem,13,71,60,13,25,182,0,0,0,2,1,1,5,0,1,0,0,0,0,0,1,1,0,0,0,0.2,0,0,0
Era of Innovation,17,213,0,15,11,256,1,1,0,1,0,1,2,0,1,0,0,0,0,1,0,0,0,0,1,0.2,0,0,0
Eradicate,9,196,0,10,7,222,1,1,0,1,0,1,4,0,1,0,0,0,1,0,0,0,0,0,2,0.3,0,0,0
Erdwal Illuminator,18,93,77,12,17,217,1,1,0,1,1,1,2,0,1,0,0,0,0,0,0,1,0,0,1,0.21,0,0,0
Erebos's Emissary,17,358,0,10,28,413,1,1,0,2,1,1,4,0,1,0,0,0,0,1,0,1,0,0,1,0.18,0,0,0
Erupting Dreadwolf,18,84,103,11,27,243,0,1,-1,1,2,1,4,0,1,0,0,0,0,0,0,1,0,0,0,0.2,0,0,0
Escaped Null,12,90,82,13,27,224,1,1,0,1,2,1,4,0,1,0,0,0,0,0,0,1,0,0,1,0.21,0,0,0
Esper Battlemage,16,129,55,12,32,244,1,3,-2,2,2,1,3,0,1,0,0,0,0,0,1,1,0,0,1,0.2,0,0,0
Esper Charm,11,96,124,16,7,254,3,3,0,1,0,1,3,0,1,0,0,1,0,0,0,0,0,0,3,2.03,1,0,0
Esperzoa,8,91,83,11,29,222,1,1,0,2,1,1,3,0,1,0,0,0,0,0,1,1,0,0,1,0.2,0,0,0
Essence Depleter,16,123,75,11,24,249,0,1,-1,1,2,1,3,0,1,0,0,0,0,0,0,1,0,0,1,0.19,0,0,0
Essence Extraction,18,73,99,7,7,204,1,1,0,1,0,1,3,0,1,0,0,1,0,0,0,0,0,0,2,0.22,0,0,0
Essence Flux,12,147,125,12,7,303,1,1,0,1,0,1,1,0,1,0,0,1,0,0,0,0,0,0,1,0.24,0,0,0
Etched Oracle,13,191,0,12,26,242,0,0,0,2,1,1,4,0,1,0,0,0,0,0,1,1,0,0,0,0.2,0,0,0
Eternal of Harsh Truths,23,155,98,4,24,304,1,1,0,1,2,1,3,0,1,0,0,0,0,0,0,1,0,0,1,0.2,0,0,0
Eternal Witness,15,105,72,14,23,229,1,1,0,1,2,1,3,0,1,0,0,0,0,0,0,1,0,0,2,6.59,1,1,0
Eternity Snare,14,142,0,7,18,181,1,1,0,1,1,1,6,0,1,0,0,0,0,1,0,0,0,0,1,0.19,0,0,0
Ethereal Usher,14,278,0,14,17,323,1,1,0,1,1,1,6,0,1,0,0,0,0,0,0,1,0,0,1,0.24,0,0,0
Ethereal Whiskergill,20,84,105,11,20,240,1,1,0,1,1,1,4,0,1,0,0,0,0,0,0,1,0,0,1,0.2,0,0,0
Etherium Astrolabe,18,51,91,16,8,184,1,2,-1,1,0,1,3,0,1,0,0,0,0,0,1,0,0,0,1,0.21,0,0,0
Etherwrought Page,17,177,91,11,8,304,3,3,0,1,0,1,4,0,1,0,0,0,0,0,1,0,0,0,3,0.24,0,0,0
Evangel of Heliod,17,225,0,9,23,274,1,1,0,1,2,1,6,0,1,0,0,0,0,0,0,1,0,0,2,0.21,0,0,0
Even the Odds,13,122,103,10,7,255,1,1,0,1,0,1,3,0,1,0,0,1,0,0,0,0,0,0,1,0.23,0,0,0
Everflame Eidolon,17,322,0,7,29,375,1,1,0,2,1,1,2,0,1,0,0,0,0,1,0,1,0,0,1,0.2,0,0,0
Everflowing Chalice,19,270,0,12,8,309,0,0,0,1,0,1,0,0,1,0,0,0,0,0,1,0,0,0,0,0.42,0,0,0
Evermind,8,224,0,13,16,261,1,1,0,1,1,1,0,0,1,0,0,1,0,0,0,0,0,0,0,0.23,0,0,0
Evernight Shade,15,203,0,9,16,243,1,1,0,1,1,1,4,0,1,0,0,0,0,0,0,1,0,0,1,0.18,0,0,0
Evil Eye of Urborg,18,125,93,13,14,263,1,1,0,1,1,1,5,0,1,0,0,0,0,0,0,1,0,0,1,0.2,0,0,0
Exclusion Ritual,16,152,72,16,11,267,1,1,0,1,0,1,6,0,1,0,0,0,0,1,0,0,0,0,2,0.2,0,0,0
Execute,7,68,71,12,7,165,1,1,0,1,0,1,3,0,1,0,0,1,0,0,0,0,0,0,1,0.22,0,0,0
Execute,7,68,71,12,7,165,1,1,0,1,0,1,3,0,1,0,0,1,0,0,0,0,0,0,1,0.23,0,0,0
Exemplar of Strength,20,205,24,12,24,285,1,1,0,1,2,1,2,0,1,0,0,0,0,0,0,1,0,0,1,0.2,0,0,0
Exhaustion,10,91,37,13,7,158,1,1,0,1,0,1,3,0,1,0,0,0,1,0,0,0,0,0,1,0.52,0,0,0
Exhumer Thrull,14,204,0,11,17,246,1,1,0,1,1,1,6,0,1,0,0,0,0,0,0,1,0,0,1,0.21,0,0,0
Exile into Darkness,19,224,0,12,7,262,1,1,0,1,0,1,5,0,1,0,0,0,1,0,0,0,0,0,1,0.22,0,0,0
Expedition Envoy,16,0,154,13,27,210,1,1,0,1,3,1,1,0,1,0,0,0,0,0,0,1,0,0,1,0.25,0,0,0
Experiment One,14,251,0,11,21,297,1,1,0,1,2,1,1,0,1,0,0,0,0,0,0,1,0,0,1,1.13,1,0,0
Experimental Aviator,20,127,72,13,26,258,1,1,0,1,2,1,5,0,1,0,0,0,0,0,0,1,0,0,2,0.19,0,0,0
Explosive Revelation,20,304,0,12,7,343,1,1,0,1,0,1,5,0,1,0,0,0,1,0,0,0,0,0,2,0.2,0,0,0
Explosive Vegetation,20,119,78,21,7,245,1,1,0,1,0,1,4,0,1,0,0,0,1,0,0,0,0,0,1,0.88,0,0,0
Exsanguinate,12,74,61,14,7,168,1,1,0,1,0,1,2,0,1,0,0,0,1,0,0,0,0,0,2,2.28,1,0,0
Extricator of Flesh,19,133,31,16,25,224,0,1,-1,1,2,1,3,0,1,0,0,0,0,0,0,1,0,0,0,0.2,0,0,0
Extricator of Sin,17,289,0,16,23,345,1,1,0,1,2,1,3,0,1,0,0,0,0,0,0,1,0,0,1,0.2,0,0,0
Exuberant Firestoker,20,183,79,29,29,340,1,1,0,1,3,1,3,0,1,0,0,0,0,0,0,1,0,0,1,0.21,0,0,0
Eyeblight Massacre,18,46,109,13,7,193,1,1,0,1,0,1,4,0,1,0,0,0,1,0,0,0,0,0,2,0.23,0,0,0
Eyes of the Watcher,19,219,0,10,11,259,1,1,0,1,0,1,3,0,1,0,0,0,0,1,0,0,0,0,1,0.22,0,0,0
Fabricate,9,106,87,11,7,220,1,1,0,1,0,1,3,0,1,0,0,0,1,0,0,0,0,0,1,3.23,1,0,0
Fabricate,9,106,98,10,7,230,1,1,0,1,0,1,3,0,1,0,0,0,1,0,0,0,0,0,1,3.24,1,0,0
Fabrication Module,18,126,28,12,8,192,0,0,0,1,0,1,3,0,1,0,0,0,0,0,1,0,0,0,0,0.21,0,0,0
Faceless Devourer,17,283,0,6,27,333,1,1,0,1,2,1,3,0,1,0,0,0,0,0,0,1,0,0,1,0.2,0,0,0
Faerie Conclave,15,187,0,18,4,224,0,1,-1,1,0,1,0,0,1,0,0,0,0,0,0,0,1,0,0,1.58,1,0,0
Faerie Harbinger,16,174,0,16,24,230,1,1,0,1,2,1,4,0,1,0,0,0,0,0,0,1,0,0,1,0.27,0,0,0
Faerie Impostor,15,132,70,12,23,252,1,1,0,1,2,1,1,0,1,0,0,0,0,0,0,1,0,0,1,0.2,0,0,0
Faerie Swarm,12,102,77,29,17,237,1,1,0,1,1,1,4,0,1,0,0,0,0,0,0,1,0,0,1,0.41,0,0,0
Faerie Tauntings,16,92,116,14,27,265,1,1,0,2,1,1,3,0,1,0,0,0,0,1,0,0,0,0,1,0.23,0,0,0
Fairgrounds Trumpeter,21,152,99,13,19,304,1,1,0,1,1,1,3,0,1,0,0,0,0,0,0,1,0,0,1,0.2,0,0,0
Fairgrounds Warden,18,139,24,4,24,209,1,1,0,1,2,1,3,0,1,0,0,0,0,0,0,1,0,0,1,0.22,0,0,0
Faith of the Devoted,20,113,67,12,11,223,1,1,0,1,0,1,3,0,1,0,0,0,0,1,0,0,0,0,1,0.23,0,0,0
Faith Unbroken,14,191,0,10,18,233,1,1,0,1,1,1,4,0,1,0,0,0,0,1,0,0,0,0,1,0.2,0,0,0
Faithful Squire,15,196,0,8,24,243,1,1,0,1,2,1,3,0,1,0,0,0,0,0,0,1,0,0,2,0.21,0,0,0
Faith's Shield,14,245,0,15,7,281,1,1,0,1,0,1,1,0,1,0,0,1,0,0,0,0,0,0,1,0.23,0,0,0
Falkenrath Exterminator,23,222,0,13,25,283,1,1,0,1,2,1,2,0,1,0,0,0,0,0,0,1,0,0,1,0.17,0,0,0
Falkenrath Noble,16,106,70,15,18,225,1,1,0,1,1,1,4,0,1,0,0,0,0,0,0,1,0,0,1,0.19,0,0,0
Fall of the Gavel,17,38,55,12,7,129,2,2,0,1,0,1,5,0,1,0,0,1,0,0,0,0,0,0,2,0.19,0,0,0
Fallen Ferromancer,18,202,0,12,23,255,1,1,0,1,2,1,4,0,1,0,0,0,0,0,0,1,0,0,1,0.2,0,0,0
Fallen Ideal,12,223,0,14,18,267,1,1,0,1,1,1,3,0,1,0,0,0,0,1,0,0,0,0,1,0.23,0,0,0
Fallowsage,10,56,73,13,25,177,1,1,0,1,2,1,4,0,1,0,0,0,0,0,0,1,0,0,1,0.28,0,0,0
Familiar's Ruse,15,119,92,12,7,245,1,1,0,1,0,1,2,0,1,0,0,1,0,0,0,0,0,0,2,0.55,0,0,0
Fanatic of Mogis,16,200,0,12,26,254,1,1,0,1,2,1,4,0,1,0,0,0,0,0,0,1,0,0,1,0.21,0,0,0
Fanatic of Xenagos,18,239,0,11,26,294,2,2,0,1,2,1,3,0,1,0,0,0,0,0,0,1,0,0,2,0.22,0,0,0
Fangren Pathcutter,18,88,79,13,16,214,1,1,0,1,1,1,6,0,1,0,0,0,0,0,0,1,0,0,2,0.21,0,0,0
Farbog Boneflinger,18,93,73,16,17,217,1,1,0,1,1,1,5,0,1,0,0,0,0,0,0,1,0,0,1,0.18,0,0,0
Farsight Mask,13,110,70,12,8,213,0,0,0,1,0,1,5,0,1,0,0,0,0,0,1,0,0,0,0,0.2,0,0,0
Fascination,11,125,0,15,7,158,1,1,0,1,0,1,2,0,1,0,0,0,1,0,0,0,0,0,2,0.2,0,0,0
Fatal Push,10,205,0,14,7,236,1,1,0,1,0,1,1,0,1,0,0,1,0,0,0,0,0,0,1,7.29,1,1,0
Fatestitcher,12,255,0,10,24,301,1,1,0,1,2,1,4,0,1,0,0,0,0,0,0,1,0,0,1,1.12,1,0,0
Favorable Winds,15,44,137,13,11,220,1,1,0,1,0,1,2,0,1,0,0,0,0,1,0,0,0,0,1,0.2,0,0,0
Favorable Winds,15,44,77,13,11,160,1,1,0,1,0,1,2,0,1,0,0,0,0,1,0,0,0,0,1,0.23,0,0,0
Favored Hoplite,15,163,0,13,24,215,1,1,0,1,2,1,1,0,1,0,0,0,0,0,0,1,0,0,1,0.23,0,0,0
Fearsome Awakening,18,115,102,18,7,260,1,1,0,1,0,1,5,0,1,0,0,0,1,0,0,0,0,0,1,0.2,0,0,0
Feast of Blood,14,103,127,11,7,262,1,1,0,1,0,1,2,0,1,0,0,0,1,0,0,0,0,0,1,0.55,0,0,0
Feast of Worms,14,88,142,6,16,266,1,1,0,1,1,1,5,0,1,0,0,0,1,0,0,0,0,0,2,0.2,0,0,0
Feast on the Fallen,19,120,90,12,11,252,1,1,0,1,0,1,3,0,1,0,0,0,0,1,0,0,0,0,1,0.19,0,0,0
Fecundity,9,69,41,12,11,142,1,1,0,1,0,1,3,0,1,0,0,0,0,1,0,0,0,0,1,0.39,0,0,0
Feedback Bolt,13,89,59,11,7,179,1,1,0,1,0,1,5,0,1,0,0,1,0,0,0,0,0,0,1,0.21,0,0,0
Felhide Petrifier,17,64,138,11,27,257,1,1,0,1,2,1,3,0,1,0,0,0,0,0,0,1,0,0,1,0.25,0,0,0
Felidar Guardian,16,165,58,12,20,271,1,1,0,1,2,1,4,0,1,0,0,0,0,0,0,1,0,0,1,0.26,0,0,0
Fellwar Stone,13,96,64,9,8,190,0,0,0,1,0,1,2,0,1,0,0,0,0,0,1,0,0,0,0,0.69,0,0,0
Femeref Archers,15,77,56,29,23,200,1,1,0,1,2,1,3,0,1,0,0,0,0,0,0,1,0,0,1,0.24,0,0,0
Fencing Ace,11,80,76,12,24,203,1,1,0,1,2,1,2,0,1,0,0,0,0,0,0,1,0,0,1,0.2,0,0,0
Feral Animist,13,70,141,12,24,260,2,2,0,1,2,1,3,0,1,0,0,0,0,0,0,1,0,0,2,0.2,0,0,0
Feral Animist,13,70,142,10,24,259,2,2,0,1,2,1,3,0,1,0,0,0,0,0,0,1,0,0,2,0.21,0,0,0
Feral Incarnation,17,194,39,10,7,267,1,1,0,1,0,1,9,0,1,0,0,0,1,0,0,0,0,0,1,0.19,0,0,0
Feral Lightning,15,108,103,6,7,239,1,1,0,1,0,1,6,0,1,0,0,0,1,0,0,0,0,0,3,0.22,0,0,0
Ferropede,9,127,0,11,26,173,0,0,0,2,1,1,3,0,1,0,0,0,0,0,1,1,0,0,0,0.23,0,0,0
Fertile Imagination,19,259,0,9,7,294,1,1,0,1,0,1,4,0,1,0,0,0,1,0,0,0,0,0,2,0.23,0,0,0
Fervent Paincaster,18,188,75,12,23,316,1,1,0,1,2,1,3,0,1,0,0,0,0,0,0,1,0,0,1,0.2,0,0,0
Festering March,15,361,0,17,7,400,1,1,0,1,0,1,5,0,1,0,0,0,1,0,0,0,0,0,2,0.21,0,0,0
Festival of the Guildpact,25,76,150,22,7,280,1,1,0,1,0,1,1,0,1,0,0,1,0,0,0,0,0,0,1,0.2,0,0,0
Fettergeist,11,117,52,4,17,201,1,1,0,1,1,1,3,0,1,0,0,0,0,0,0,1,0,0,1,0.17,0,0,0
Fibrous Entangler,17,116,73,15,27,248,0,1,-1,1,2,1,4,0,1,0,0,0,0,0,0,1,0,0,0,0.2,0,0,0
Field of Ruin,13,244,0,7,4,268,0,0,0,1,0,1,0,0,1,0,0,0,0,0,0,0,1,0,0,1.5,1,0,0
Fiend Hunter,12,191,0,14,23,240,1,1,0,1,2,1,3,0,1,0,0,0,0,0,0,1,0,0,2,0.22,0,0,0
Fiery Cannonade,15,59,132,11,7,224,1,1,0,1,0,1,3,0,1,0,0,1,0,0,0,0,0,0,1,0.2,0,0,0
Fiery Conclusion,16,121,128,13,7,285,1,1,0,1,0,1,2,0,1,0,0,1,0,0,0,0,0,0,1,0.21,0,0,0
Fighting Drake,14,6,106,12,16,154,1,1,0,1,1,1,4,0,1,0,0,0,0,0,0,1,0,0,2,0.2,0,0,0
Filigree Familiar,17,105,101,4,23,250,0,0,0,2,1,1,3,0,1,0,0,0,0,0,1,1,0,0,0,0.24,0,0,0
Filigree Fracture,17,89,85,11,7,209,1,1,0,1,0,1,3,0,1,0,0,1,0,0,0,0,0,0,1,0.21,0,0,0
Filigree Sages,14,30,139,9,35,227,1,1,0,2,2,1,4,0,1,0,0,0,0,0,1,1,0,0,1,0.21,0,0,0
Final Revels,12,102,77,11,7,209,1,1,0,1,0,1,5,0,1,0,0,0,1,0,0,0,0,0,1,0.2,0,0,0
Fire Servant,12,101,151,8,20,292,1,1,0,1,1,1,5,0,1,0,0,0,0,0,0,1,0,0,2,0.32,0,0,0
Fireball,8,172,0,11,7,198,1,1,0,1,0,1,1,0,1,0,0,0,1,0,0,0,0,0,1,0.19,0,0,0
Fireball,8,172,0,11,7,198,1,1,0,1,0,1,1,0,1,0,0,0,1,0,0,0,0,0,1,0.2,0,0,0
Fireball,8,172,0,11,7,198,1,1,0,1,0,1,1,0,1,0,0,0,1,0,0,0,0,0,1,0.21,0,0,0
Fireball,8,172,71,11,7,269,1,1,0,1,0,1,1,0,1,0,0,0,1,0,0,0,0,0,1,0.22,0,0,0
Fire-Field Ogre,15,228,0,11,22,276,3,3,0,1,2,1,4,0,1,0,0,0,0,0,0,1,0,0,3,0.2,0,0,0
Firefist Striker,16,117,92,14,24,263,1,1,0,1,2,1,2,0,1,0,0,0,0,0,0,1,0,0,1,0.2,0,0,0
Firemantle Mage,15,219,64,10,28,336,1,1,0,1,3,1,3,0,1,0,0,0,0,0,0,1,0,0,1,0.2,0,0,0
Firemaw Kavu,12,322,0,16,15,365,1,1,0,1,1,1,6,0,1,0,0,0,0,0,0,1,0,0,1,0.2,0,0,0
Fireshrieker,12,173,0,19,20,224,0,0,0,1,1,1,3,0,1,0,0,0,0,0,1,0,0,0,0,0.21,0,0,0
Fireshrieker,12,173,0,19,20,224,0,0,0,1,1,1,3,0,1,0,0,0,0,0,1,0,0,0,0,0.25,0,0,0
Firespout,9,193,0,13,7,222,2,2,0,1,0,1,3,0,1,0,0,0,1,0,0,0,0,0,1,1.09,1,0,0
Firewake Sliver,15,135,147,17,17,331,2,2,0,1,1,1,3,0,1,0,0,0,0,0,0,1,0,0,2,0.27,0,0,0
First Response,14,103,102,15,11,245,1,1,0,1,0,1,4,0,1,0,0,0,0,1,0,0,0,0,1,0.21,0,0,0
Flame Javelin,13,147,106,15,7,288,1,1,0,1,0,1,6,0,1,0,0,1,0,0,0,0,0,0,4,0.27,0,0,0
Flame Wave,10,80,93,15,7,205,1,1,0,1,0,1,7,0,1,0,0,0,1,0,0,0,0,0,4,0.24,0,0,0
Flameblade Adept,16,91,104,16,25,252,1,1,0,1,2,1,1,0,1,0,0,0,0,0,0,1,0,0,1,0.24,0,0,0
Flamecast Wheel,15,87,46,14,8,170,0,0,0,1,0,1,1,0,1,0,0,0,0,0,1,0,0,0,0,0.18,0,0,0
Flameheart Werewolf,19,233,0,13,19,284,1,1,0,1,1,1,2,0,1,0,0,0,0,0,0,1,0,0,0,0.24,0,0,0
Flamekin Bladewhirl,19,102,134,8,28,291,1,1,0,1,2,1,1,0,1,0,0,0,0,0,0,1,0,0,1,0.18,0,0,0
Flamekin Harbinger,18,167,0,14,27,226,1,1,0,1,2,1,1,0,1,0,0,0,0,0,0,1,0,0,1,2.26,1,0,0
Flamekin Spitfire,17,70,147,29,27,290,1,1,0,1,2,1,2,0,1,0,0,0,0,0,0,1,0,0,1,0.2,0,0,0
Flame-Kin War Scout,19,140,76,11,26,272,1,1,0,1,2,1,4,0,1,0,0,0,0,0,0,1,0,0,1,0.21,0,0,0
Flame-Kin Zealot,16,111,95,12,30,264,2,2,0,1,2,1,4,0,1,0,0,0,0,0,0,1,0,0,3,0.23,0,0,0
Flames of the Blood Hand,24,165,91,14,7,301,1,1,0,1,0,1,3,0,1,0,0,1,0,0,0,0,0,0,1,1.85,1,0,0
Flames of the Firebrand,23,118,60,12,7,220,1,1,0,1,0,1,3,0,1,0,0,0,1,0,0,0,0,0,1,0.19,0,0,0
Flames of the Firebrand,23,118,60,12,7,220,1,1,0,1,0,1,3,0,1,0,0,0,1,0,0,0,0,0,1,0.2,0,0,0
Flamespeaker Adept,18,90,36,14,23,181,1,1,0,1,2,1,3,0,1,0,0,0,0,0,0,1,0,0,1,0.18,0,0,0
Flamewave Invoker,17,58,89,11,24,199,1,1,0,1,2,1,3,0,1,0,0,0,0,0,0,1,0,0,1,0.23,0,0,0
Flaring Flame-Kin,17,133,117,11,28,306,1,1,0,1,2,1,3,0,1,0,0,0,0,0,0,1,0,0,1,0.22,0,0,0
Flash Conscription,18,261,0,14,7,300,1,2,-1,1,0,1,6,0,1,0,0,1,0,0,0,0,0,0,1,0.22,0,0,0
Flash Foliage,13,170,110,10,7,310,1,1,0,1,0,1,3,0,1,0,0,1,0,0,0,0,0,0,1,0.21,0,0,0
Flashfires,10,19,37,14,7,87,1,1,0,1,0,1,4,0,1,0,0,0,1,0,0,0,0,0,1,0.22,0,0,0
Flashfires,10,19,37,14,7,87,1,1,0,1,0,1,4,0,1,0,0,0,1,0,0,0,0,0,1,0.24,0,0,0
Flashfreeze,11,34,116,13,7,181,1,1,0,1,0,1,2,0,1,0,0,1,0,0,0,0,0,0,1,0.19,0,0,0
Flashfreeze,11,34,116,13,7,181,1,1,0,1,0,1,2,0,1,0,0,1,0,0,0,0,0,0,1,0.2,0,0,0
Flashfreeze,11,34,133,13,7,198,1,1,0,1,0,1,2,0,1,0,0,1,0,0,0,0,0,0,1,0.2,0,0,0
Flashfreeze,11,34,183,13,7,248,1,1,0,1,0,1,2,0,1,0,0,1,0,0,0,0,0,0,1,0.25,0,0,0
Flashfreeze,11,34,183,13,7,248,1,1,0,1,0,1,2,0,1,0,0,1,0,0,0,0,0,0,1,0.28,0,0,0
Flayed Nim,10,134,0,15,19,178,1,1,0,1,1,1,4,0,1,0,0,0,0,0,0,1,0,0,1,0.2,0,0,0
Flayer Drone,12,154,0,13,24,203,0,2,-2,1,2,1,3,0,1,0,0,0,0,0,0,1,0,0,2,0.2,0,0,0
Flaying Tendrils,16,128,72,15,7,238,0,1,-1,1,0,1,3,0,1,0,0,0,1,0,0,0,0,0,2,0.23,0,0,0
Fledgling Mawcor,16,193,0,10,16,235,1,1,0,1,1,1,4,0,1,0,0,0,0,0,0,1,0,0,1,0.2,0,0,0
Fleetfeather Cockatrice,23,205,0,12,21,261,2,2,0,1,1,1,5,0,1,0,0,0,0,0,0,1,0,0,2,0.2,0,0,0
Fleeting Memories,17,269,0,14,11,311,1,1,0,1,0,1,3,0,1,0,0,0,0,1,0,0,0,0,1,0.21,0,0,0
Flesh Allergy,13,171,0,12,7,203,1,1,0,1,0,1,4,0,1,0,0,0,1,0,0,0,0,0,2,0.19,0,0,0
Fleshbag Marauder,17,81,163,8,25,294,1,1,0,1,2,1,3,0,1,0,0,0,0,0,0,1,0,0,1,0.24,0,0,0
Fleshbag Marauder,17,81,163,12,25,298,1,1,0,1,2,1,3,0,1,0,0,0,0,0,0,1,0,0,1,0.3,0,0,0
Flesh-Eater Imp,15,200,0,12,14,241,1,1,0,1,1,1,4,0,1,0,0,0,0,0,0,1,0,0,1,0.25,0,0,0
Fleshformer,11,257,100,12,23,403,1,5,-4,1,2,1,3,0,1,0,0,0,0,0,0,1,0,0,1,0.2,0,0,0
Fleshpulper Giant,17,104,72,22,16,231,1,1,0,1,1,1,7,0,1,0,0,0,0,0,0,1,0,0,2,0.2,0,0,0
Fleshwrither,12,248,0,11,17,288,1,1,0,1,1,1,4,0,1,0,0,0,0,0,0,1,0,0,2,0.3,0,0,0
Flickerwisp,11,180,32,13,20,256,1,1,0,1,1,1,3,0,1,0,0,0,0,0,0,1,0,0,2,1.66,1,0,0
Flinthoof Boar,14,146,78,10,15,263,1,2,-1,1,1,1,2,0,1,0,0,0,0,0,0,1,0,0,1,0.26,0,0,0
Flitterstep Eidolon,19,254,0,11,29,313,1,1,0,2,1,1,2,0,1,0,0,0,0,1,0,1,0,0,1,0.21,0,0,0
Flourishing Defenses,20,101,120,9,11,261,1,1,0,1,0,1,5,0,1,0,0,0,0,1,0,0,0,0,1,1.48,1,0,0
Flow of Ideas,13,40,138,16,7,214,1,1,0,1,0,1,6,0,1,0,0,0,1,0,0,0,0,0,1,0.22,0,0,0
Flow of Ideas,13,40,116,9,7,185,1,1,0,1,0,1,6,0,1,0,0,0,1,0,0,0,0,0,1,0.23,0,0,0
Flowstone Crusher,17,52,124,12,16,221,1,1,0,1,1,1,5,0,1,0,0,0,0,0,0,1,0,0,2,0.21,0,0,0
Flurry of Wings,15,106,59,12,7,199,3,3,0,1,0,1,3,0,1,0,0,1,0,0,0,0,0,0,3,0.23,0,0,0
Fluxcharger,11,121,66,13,16,227,2,2,0,1,1,1,4,0,1,0,0,0,0,0,0,1,0,0,2,0.19,0,0,0
Fodder Cannon,13,80,93,19,8,213,0,0,0,1,0,1,4,0,1,0,0,0,0,0,1,0,0,0,0,0.21,0,0,0
Fodder Launch,13,170,81,9,23,296,1,1,0,2,1,1,4,0,1,0,0,0,1,0,0,0,0,0,1,0.23,0,0,0
Fog Bank,8,88,72,11,15,194,1,1,0,1,1,1,2,0,1,0,0,0,0,0,0,1,0,0,1,0.78,0,0,0
Fog Elemental,13,150,81,10,20,274,1,1,0,1,1,1,3,0,1,0,0,0,0,0,0,1,0,0,1,0.2,0,0,0
Fold into Aether,16,140,88,17,7,268,1,1,0,1,0,1,4,0,1,0,0,1,0,0,0,0,0,0,2,0.22,0,0,0
Fool's Demise,13,209,0,29,18,269,1,1,0,1,1,1,5,0,1,0,0,0,0,1,0,0,0,0,1,0.24,0,0,0
Footsteps of the Goryo,22,130,134,6,16,308,1,1,0,1,1,1,3,0,1,0,0,0,1,0,0,0,0,0,1,1.53,1,0,0
Foratog,7,62,50,10,15,144,1,1,0,1,1,1,3,0,1,0,0,0,0,0,0,1,0,0,1,0.21,0,0,0
Forbidding Watchtower,21,189,0,14,4,228,0,1,-1,1,0,1,0,0,1,0,0,0,0,0,0,0,1,0,0,0.82,0,0,0
Forerunner of Slaughter,23,94,153,12,24,306,0,2,-2,1,2,1,2,0,1,0,0,0,0,0,0,1,0,0,2,0.2,0,0,0
Forge Armor,11,164,0,13,7,195,1,1,0,1,0,1,5,0,1,0,0,1,0,0,0,0,0,0,1,0.19,0,0,0
Forgeborn Oreads,16,169,62,8,28,283,1,1,0,2,1,1,4,0,1,0,0,0,0,1,0,1,0,0,2,0.2,0,0,0
Foriysian Totem,15,220,0,14,8,257,0,1,-1,1,0,1,3,0,1,0,0,0,0,0,1,0,0,0,0,0.21,0,0,0
Forked Bolt,11,98,54,16,7,186,1,1,0,1,0,1,1,0,1,0,0,0,1,0,0,0,0,0,1,0.47,0,0,0
Forked-Branch Garami,20,165,0,11,17,213,1,1,0,1,1,1,5,0,1,0,0,0,0,0,0,1,0,0,2,0.23,0,0,0
Forlorn Pseudamma,17,258,88,13,17,393,1,1,0,1,1,1,4,0,1,0,0,0,0,0,0,1,0,0,1,0.2,0,0,0
Forsaken Sanctuary,18,88,91,13,4,214,0,2,-2,1,0,1,0,0,1,0,0,0,0,0,0,0,1,0,0,0.24,0,0,0
Fortress Cyclops,16,134,104,14,26,294,2,2,0,1,2,1,5,0,1,0,0,0,0,0,0,1,0,0,2,0.18,0,0,0
Fortune's Favor,15,183,31,15,7,251,1,1,0,1,0,1,4,0,1,0,0,1,0,0,0,0,0,0,1,0.2,0,0,0
Fossil Find,11,100,108,12,7,238,2,2,0,1,0,1,1,0,1,0,0,0,1,0,0,0,0,0,1,0.21,0,0,0
Foul Emissary,13,339,0,9,23,384,1,1,0,1,2,1,3,0,1,0,0,0,0,0,0,1,0,0,1,0.19,0,0,0
Foul Orchard,12,82,52,9,4,159,0,2,-2,1,0,1,0,0,1,0,0,0,0,0,0,0,1,0,0,0.21,0,0,0
Foul-Tongue Invocation,22,241,0,7,7,277,1,1,0,1,0,1,3,0,1,0,0,1,0,0,0,0,0,0,1,0.26,0,0,0
Foundry Hornet,14,166,64,19,17,280,1,1,0,1,1,1,4,0,1,0,0,0,0,0,0,1,0,0,1,0.2,0,0,0
Foundry Inspector,17,47,100,14,29,207,0,0,0,2,1,1,3,0,1,0,0,0,0,0,1,1,0,0,0,0.25,0,0,0
Foundry of the Consuls,22,146,102,10,4,284,0,0,0,1,0,1,0,0,1,0,0,0,0,0,0,0,1,0,0,0.25,0,0,0
Fountain of Youth,17,26,76,9,8,136,0,0,0,1,0,1,0,0,1,0,0,0,0,0,1,0,0,0,0,0.24,0,0,0
Fractured Loyalty,17,187,0,12,18,234,1,1,0,1,1,1,2,0,1,0,0,0,0,1,0,0,0,0,1,0.19,0,0,0
Frazzle,7,29,107,12,7,162,1,1,0,1,0,1,4,0,1,0,0,1,0,0,0,0,0,0,1,0.2,0,0,0
Frenetic Sliver,15,253,0,12,17,297,2,2,0,1,1,1,3,0,1,0,0,0,0,0,0,1,0,0,2,0.4,0,0,0
Frenzied Goblin,15,100,58,14,27,214,1,1,0,1,2,1,1,0,1,0,0,0,0,0,0,1,0,0,1,0.28,0,0,0
Frenzied Goblin,15,100,94,14,27,250,1,1,0,1,2,1,1,0,1,0,0,0,0,0,0,1,0,0,1,0.3,0,0,0
Frenzied Tilling,16,136,112,12,7,283,2,2,0,1,0,1,5,0,1,0,0,0,1,0,0,0,0,0,2,0.19,0,0,0
Fretwork Colony,15,121,113,19,17,285,1,1,0,1,1,1,2,0,1,0,0,0,0,0,0,1,0,0,1,0.18,0,0,0
Freyalise's Radiance,20,238,0,14,11,283,1,1,0,1,0,1,2,0,1,0,0,0,0,1,0,0,0,0,1,0.22,0,0,0
Friendly Fire,13,185,71,15,7,291,1,1,0,1,0,1,4,0,1,0,0,1,0,0,0,0,0,0,1,0.21,0,0,0
Frontier Bivouac,16,92,100,12,4,224,0,3,-3,1,0,1,0,0,1,0,0,0,0,0,0,0,1,0,0,0.25,0,0,0
Frontier Guide,14,121,98,14,20,267,1,1,0,1,2,1,2,0,1,0,0,0,0,0,0,1,0,0,1,0.2,0,0,0
Frost Marsh,11,81,140,11,9,252,0,2,-2,1,0,1,0,0,1,0,0,0,0,0,0,0,1,0,0,0.95,0,0,0
Frost Walker,12,73,113,11,20,229,1,1,0,1,1,1,2,0,1,0,0,0,0,0,0,1,0,0,1,0.22,0,0,0
Frozen Aether,13,84,123,14,11,245,1,1,0,1,0,1,4,0,1,0,0,0,0,1,0,0,0,0,1,1.16,1,0,0
Fruit of the First Tree,23,106,119,8,18,274,1,1,0,1,1,1,4,0,1,0,0,0,0,1,0,0,0,0,1,0.2,0,0,0
Full Moon's Rise,16,133,101,14,11,275,1,1,0,1,0,1,2,0,1,0,0,0,0,1,0,0,0,0,1,0.34,0,0,0
Fungal Reaches,14,201,0,17,4,236,0,2,-2,1,0,1,0,0,1,0,0,0,0,0,0,0,1,0,0,0.26,0,0,0
Fungal Sprouting,16,104,102,11,7,240,1,1,0,1,0,1,4,0,1,0,0,0,1,0,0,0,0,0,1,0.24,0,0,0
Furious Reprisal,16,79,64,15,7,181,1,1,0,1,0,1,4,0,1,0,0,0,1,0,0,0,0,0,1,0.19,0,0,0
Furnace Celebration,19,134,27,15,11,206,1,1,0,1,0,1,3,0,1,0,0,0,0,1,0,0,0,0,2,0.19,0,0,0
Furnace Whelp,13,130,111,12,17,283,1,1,0,1,1,1,4,0,1,0,0,0,0,0,0,1,0,0,2,0.19,0,0,0
Furnace Whelp,13,130,111,12,17,283,1,1,0,1,1,1,4,0,1,0,0,0,0,0,0,1,0,0,2,0.2,0,0,0
Furnace Whelp,13,130,111,12,17,283,1,1,0,1,1,1,4,0,1,0,0,0,0,0,0,1,0,0,2,0.24,0,0,0
Furnace Whelp,13,130,111,12,17,283,1,1,0,1,1,1,4,0,1,0,0,0,0,0,0,1,0,0,2,0.25,0,0,0
Fury Sliver,11,40,228,13,17,309,1,1,0,1,1,1,6,0,1,0,0,0,0,0,0,1,0,0,1,0.32,0,0,0
Furyblade Vampire,17,131,53,13,28,242,1,1,0,1,2,1,2,0,1,0,0,0,0,0,0,1,0,0,1,0.21,0,0,0
Fusion Elemental,16,0,90,15,20,141,5,5,0,1,1,1,5,0,1,0,0,0,0,0,0,1,0,0,5,0.26,0,0,0
Fyndhorn Elder,14,34,103,15,20,186,1,1,0,1,2,1,3,0,1,0,0,0,0,0,0,1,0,0,1,0.24,0,0,0
Gainsay,7,26,109,13,7,162,1,1,0,1,0,1,2,0,1,0,0,1,0,0,0,0,0,0,1,0.2,0,0,0
Gale Force,10,55,192,15,7,279,1,1,0,1,0,1,5,0,1,0,0,0,1,0,0,0,0,0,1,0.2,0,0,0
Galestrike,10,63,31,11,7,122,1,1,0,1,0,1,3,0,1,0,0,1,0,0,0,0,0,0,1,0.2,0,0,0
Gallows Warden,14,52,107,9,17,199,1,1,0,1,1,1,5,0,1,0,0,0,0,0,0,1,0,0,1,0.17,0,0,0
Galvanic Juggernaut,19,165,0,14,30,228,0,0,0,2,1,1,4,0,1,0,0,0,0,0,1,1,0,0,0,0.17,0,0,0
Gang of Devils,14,123,66,10,16,229,1,1,0,1,1,1,6,0,1,0,0,0,0,0,0,1,0,0,1,0.18,0,0,0
Gargoyle Sentinel,17,113,126,10,28,294,0,0,0,2,1,1,3,0,1,0,0,0,0,0,1,1,0,0,0,0.19,0,0,0
Gargoyle Sentinel,17,113,150,10,28,318,0,0,0,2,1,1,3,0,1,0,0,0,0,0,1,1,0,0,0,0.2,0,0,0
Garruk's Packleader,19,113,110,9,16,267,1,1,0,1,1,1,5,0,1,0,0,0,0,0,0,1,0,0,1,0.2,0,0,0
Garruk's Packleader,19,113,110,9,16,267,1,1,0,1,1,1,5,0,1,0,0,0,0,0,0,1,0,0,1,0.2,0,0,0
Garruk's Packleader,19,113,110,9,16,267,1,1,0,1,1,1,5,0,1,0,0,0,0,0,0,1,0,0,1,0.29,0,0,0
Gate Smasher,12,132,0,14,20,178,0,0,0,1,1,1,3,0,1,0,0,0,0,0,1,0,0,0,0,0.22,0,0,0
Gate to the Afterlife,21,407,0,14,8,450,0,0,0,1,0,1,3,0,1,0,0,0,0,0,1,0,0,0,0,0.25,0,0,0
Gatekeeper of Malakir,21,172,47,13,26,279,1,1,0,1,2,1,2,0,1,0,0,0,0,0,0,1,0,0,2,1.53,1,0,0
Gateway Shade,13,126,67,8,16,230,1,1,0,1,1,1,3,0,1,0,0,0,0,0,0,1,0,0,1,0.19,0,0,0
Gather Courage,14,194,0,13,7,228,1,1,0,1,0,1,1,0,1,0,0,1,0,0,0,0,0,0,1,0.18,0,0,0
Gather the Pack,15,315,0,13,7,350,1,1,0,1,0,1,2,0,1,0,0,0,1,0,0,0,0,0,1,0.24,0,0,0
Gatherer of Graces,18,109,81,14,22,244,1,1,0,1,2,1,2,0,1,0,0,0,0,0,0,1,0,0,1,0.21,0,0,0
Gatstaf Howler,14,223,0,10,19,266,1,1,0,1,1,1,2,0,1,0,0,0,0,0,0,1,0,0,0,0.21,0,0,0
Gatstaf Shepherd,16,94,69,10,25,214,1,1,0,1,2,1,2,0,1,0,0,0,0,0,0,1,0,0,1,0.21,0,0,0
Gavony Ironwright,17,89,85,13,24,228,1,1,0,1,2,1,3,0,1,0,0,0,0,0,0,1,0,0,1,0.2,0,0,0
Gaze of Adamaro,15,97,64,13,16,205,1,1,0,1,1,1,4,0,1,0,0,1,0,0,0,0,0,0,2,0.21,0,0,0
Gearshift Ace,13,103,110,13,22,261,1,1,0,1,2,1,2,0,1,0,0,0,0,0,0,1,0,0,1,0.2,0,0,0
Geist of the Archives,21,142,80,12,17,272,1,1,0,1,1,1,3,0,1,0,0,0,0,0,0,1,0,0,1,0.19,0,0,0
Geist of the Lonely Vigil,25,174,110,8,24,341,1,1,0,1,2,1,2,0,1,0,0,0,0,0,0,1,0,0,1,0.2,0,0,0
Geist of the Moors,18,6,173,12,17,226,1,1,0,1,1,1,3,0,1,0,0,0,0,0,0,1,0,0,2,0.19,0,0,0
Geistblast,10,192,0,16,7,225,1,2,-1,1,0,1,3,0,1,0,0,1,0,0,0,0,0,0,1,0.22,0,0,0
Geistcatcher's Rig,18,109,101,13,29,270,0,0,0,2,1,1,6,0,1,0,0,0,0,0,1,1,0,0,0,0.18,0,0,0
Geist-Fueled Scarecrow,22,47,66,13,29,177,0,0,0,2,1,1,4,0,1,0,0,0,0,0,1,1,0,0,0,0.2,0,0,0
Gelectrode,10,133,106,9,16,274,2,2,0,1,1,1,3,0,1,0,0,0,0,0,0,1,0,0,2,0.68,0,0,0
Gem of Becoming,15,186,0,9,8,218,0,0,0,1,0,1,3,0,1,0,0,0,0,0,1,0,0,0,0,0.2,0,0,0
Gemstone Array,14,134,74,6,8,236,0,0,0,1,0,1,4,0,1,0,0,0,0,0,1,0,0,0,0,1,1,0,0
Genesis Chamber,15,164,102,10,8,299,0,0,0,1,0,1,2,0,1,0,0,0,0,0,1,0,0,0,0,2.52,1,0,0
Genju of the Cedars,19,226,0,12,18,275,1,1,0,1,1,1,1,0,1,0,0,0,0,1,0,0,0,0,1,0.24,0,0,0
Genju of the Falls,18,236,0,10,18,282,1,1,0,1,1,1,1,0,1,0,0,0,0,1,0,0,0,0,1,0.24,0,0,0
Genju of the Fens,17,277,0,14,18,326,1,1,0,1,1,1,1,0,1,0,0,0,0,1,0,0,0,0,1,0.23,0,0,0
Genju of the Fields,19,307,0,12,18,356,1,1,0,1,1,1,1,0,1,0,0,0,0,1,0,0,0,0,1,0.25,0,0,0
Genju of the Spires,19,230,0,11,18,278,1,1,0,1,1,1,1,0,1,0,0,0,0,1,0,0,0,0,1,0.32,0,0,0
Geosurge,8,102,112,13,7,242,1,1,0,1,0,1,4,0,1,0,0,0,1,0,0,0,0,0,4,0.33,0,0,0
Geth's Grimoire,15,58,146,14,8,241,0,0,0,1,0,1,4,0,1,0,0,0,0,0,1,0,0,0,0,0.89,0,0,0
Geyser Glider,13,115,114,11,26,279,1,1,0,1,2,1,5,0,1,0,0,0,0,0,0,1,0,0,2,0.2,0,0,0
Ghastly Haunting,16,48,83,14,18,179,1,1,0,1,1,1,5,0,1,0,0,0,0,1,0,0,0,0,0,0.2,0,0,0
Ghirapur Aether Grid,20,105,76,16,11,228,1,1,0,1,0,1,3,0,1,0,0,0,0,1,0,0,0,0,1,0.21,0,0,0
Ghirapur Guide,14,97,99,12,20,242,1,1,0,1,2,1,3,0,1,0,0,0,0,0,0,1,0,0,1,0.17,0,0,0
Ghitu Encampment,16,259,0,9,4,288,0,1,-1,1,0,1,0,0,1,0,0,0,0,0,0,0,1,0,0,0.3,0,0,0
Ghor-Clan Bloodscale,20,114,92,13,27,266,1,2,-1,1,2,1,4,0,1,0,0,0,0,0,0,1,0,0,1,0.2,0,0,0
Ghor-Clan Rampager,18,129,119,14,16,296,2,2,0,1,1,1,4,0,1,0,0,0,0,0,0,1,0,0,2,0.22,0,0,0
Ghost Quarter,13,212,30,16,4,275,0,0,0,1,0,1,0,0,1,0,0,0,0,0,0,0,1,0,0,1.79,1,0,0
Ghost Quarter,13,212,41,14,4,284,0,0,0,1,0,1,0,0,1,0,0,0,0,0,0,0,1,0,0,3.83,1,0,0
Ghostblade Eidolon,18,298,0,8,29,353,1,1,0,2,1,1,3,0,1,0,0,0,0,1,0,1,0,0,1,0.2,0,0,0
Ghostflame Sliver,17,26,187,12,17,259,2,2,0,1,1,1,2,0,1,0,0,0,0,0,0,1,0,0,2,0.39,0,0,0
Ghost-Lit Nourisher,19,151,0,14,17,201,1,1,0,1,1,1,3,0,1,0,0,0,0,0,0,1,0,0,1,0.21,0,0,0
Ghost-Lit Raider,16,160,0,6,17,199,1,1,0,1,1,1,3,0,1,0,0,0,0,0,0,1,0,0,1,0.21,0,0,0
Ghost-Lit Redeemer,18,89,0,10,17,134,1,1,0,1,1,1,1,0,1,0,0,0,0,0,0,1,0,0,1,0.25,0,0,0
Ghost-Lit Stalker,17,253,0,16,17,303,1,1,0,1,1,1,1,0,1,0,0,0,0,0,0,1,0,0,1,0.21,0,0,0
Ghost-Lit Warder,16,162,0,18,17,213,1,1,0,1,1,1,2,0,1,0,0,0,0,0,0,1,0,0,1,0.22,0,0,0
Ghostly Changeling,18,103,85,12,23,241,1,1,0,1,1,1,3,0,1,0,0,0,0,0,0,1,0,0,1,0.21,0,0,0
Ghostly Prison,14,118,87,15,11,245,1,1,0,1,0,1,3,0,1,0,0,0,0,1,0,0,0,0,1,3.59,1,0,0
Ghostly Touch,13,112,80,11,18,234,1,1,0,1,1,1,2,0,1,0,0,0,0,1,0,0,0,0,1,0.17,0,0,0
Ghoulsteed,10,91,126,10,23,260,1,1,0,1,2,1,5,0,1,0,0,0,0,0,0,1,0,0,1,0.2,0,0,0
Giant Ambush Beetle,19,111,117,14,17,278,3,3,0,1,1,1,5,0,1,0,0,0,0,0,0,1,0,0,2,0.2,0,0,0
Giant Harbinger,15,159,0,14,23,211,1,1,0,1,2,1,5,0,1,0,0,0,0,0,0,1,0,0,1,0.24,0,0,0
Gibbering Fiend,15,250,0,12,16,293,1,1,0,1,1,1,2,0,1,0,0,0,0,0,0,1,0,0,1,0.22,0,0,0
Gideon's Defeat,15,107,120,13,7,262,1,1,0,1,0,1,1,0,1,0,0,1,0,0,0,0,0,0,1,0.22,0,0,0
Gift of Estates,15,163,0,13,7,198,1,1,0,1,0,1,2,0,1,0,0,0,1,0,0,0,0,0,1,1.57,1,0,0
Gift of Orzhova,15,75,60,13,18,181,2,2,0,1,1,1,3,0,1,0,0,0,0,1,0,0,0,0,2,0.2,0,0,0
Gift of Tusks,13,118,39,10,7,187,1,1,0,1,0,1,1,0,1,0,0,1,0,0,0,0,0,0,1,0.2,0,0,0
Gifted Aetherborn,17,20,144,8,29,218,1,1,0,1,2,1,2,0,1,0,0,0,0,0,0,1,0,0,2,1.95,1,0,0
Gilder Bairn,12,104,103,9,16,244,2,2,0,1,1,1,3,0,1,0,0,0,0,0,0,1,0,0,2,3.5,1,0,0
Gisa's Bidding,14,183,33,11,7,248,1,1,0,1,0,1,4,0,1,0,0,0,1,0,0,0,0,0,2,0.22,0,0,0
Give No Ground,14,93,16,14,7,144,1,1,0,1,0,1,4,0,1,0,0,1,0,0,0,0,0,0,1,0.19,0,0,0
Glacial Plating,15,312,0,13,23,363,1,1,0,1,1,1,4,0,1,0,0,0,0,1,0,0,0,0,2,0.23,0,0,0
Glamer Spinners,15,149,0,13,24,201,2,2,0,1,2,1,5,0,1,0,0,0,0,0,0,1,0,0,1,0.2,0,0,0
Glare of Heresy,15,29,44,16,7,111,1,1,0,1,0,1,2,0,1,0,0,0,1,0,0,0,0,0,1,0.2,0,0,0
Glarewielder,12,215,0,9,27,263,1,1,0,1,2,1,5,0,1,0,0,0,0,0,0,1,0,0,1,0.2,0,0,0
Glass Golem,11,0,112,10,25,158,0,0,0,2,1,1,5,0,1,0,0,0,0,0,1,1,0,0,0,0.22,0,0,0
Gleam of Battle,15,67,88,16,11,197,2,2,0,1,0,1,6,0,1,0,0,0,0,1,0,0,0,0,2,0.19,0,0,0
Glen Elendra Pranksters,23,123,75,11,24,256,1,1,0,1,2,1,4,0,1,0,0,0,0,0,0,1,0,0,1,0.22,0,0,0
Glimmer of Genius,17,66,74,12,7,176,1,1,0,1,0,1,4,0,1,0,0,1,0,0,0,0,0,0,1,0.69,0,0,0
Glimmerpoint Stag,17,189,0,13,14,233,1,1,0,1,1,1,4,0,1,0,0,0,0,0,0,1,0,0,2,0.2,0,0,0
Glimpse the Future,18,109,100,15,7,249,1,1,0,1,0,1,3,0,1,0,0,0,1,0,0,0,0,0,1,0.19,0,0,0
Glimpse the Sun God,19,124,59,14,7,223,1,1,0,1,0,1,1,0,1,0,0,1,0,0,0,0,0,0,1,0.21,0,0,0
Glint-Nest Crane,16,228,0,19,15,278,1,1,0,1,1,1,2,0,1,0,0,0,0,0,0,1,0,0,1,0.23,0,0,0
Gloomwidow,10,54,60,15,17,156,1,1,0,1,1,1,3,0,1,0,0,0,0,0,0,1,0,0,1,0.19,0,0,0
Gloomwidow,10,54,52,15,17,148,1,1,0,1,1,1,3,0,1,0,0,0,0,0,0,1,0,0,1,0.2,0,0,0
Gloomwidow,10,54,99,10,17,190,1,1,0,1,1,1,3,0,1,0,0,0,0,0,0,1,0,0,1,0.22,0,0,0
Glorifier of Dusk,17,126,95,12,26,276,1,1,0,1,2,1,5,0,1,0,0,0,0,0,0,1,0,0,2,0.2,0,0,0
Gloryscale Viashino,19,89,110,11,27,256,3,3,0,1,2,1,4,0,1,0,0,0,0,0,0,1,0,0,3,0.21,0,0,0
Gluttonous Slime,16,165,67,14,15,277,1,1,0,1,1,1,3,0,1,0,0,0,0,0,0,1,0,0,1,0.2,0,0,0
Gluttonous Zombie,17,90,70,14,17,208,1,1,0,1,1,1,5,0,1,0,0,0,0,0,0,1,0,0,1,0.2,0,0,0
Gluttonous Zombie,17,90,70,14,17,208,1,1,0,1,1,1,5,0,1,0,0,0,0,0,0,1,0,0,1,0.21,0,0,0
Gnarled Effigy,14,49,174,9,8,254,0,0,0,1,0,1,4,0,1,0,0,0,0,0,1,0,0,0,0,0.21,0,0,0
Gnarled Scarhide,16,241,0,12,31,300,1,1,0,2,1,1,1,0,1,0,0,0,0,1,0,1,0,0,1,0.32,0,0,0
Gnarlroot Trapper,17,240,0,19,20,296,1,2,-1,1,2,1,1,0,1,0,0,0,0,0,0,1,0,0,1,0.25,0,0,0
Gnarlwood Dryad,15,124,121,16,23,299,1,1,0,1,2,1,1,0,1,0,0,0,0,0,0,1,0,0,1,0.25,0,0,0
Gnat Alley Creeper,18,61,174,12,22,287,1,1,0,1,2,1,3,0,1,0,0,0,0,0,0,1,0,0,1,0.21,0,0,0
Gnawing Zombie,14,77,85,12,17,205,1,1,0,1,1,1,2,0,1,0,0,0,0,0,0,1,0,0,1,0.2,0,0,0
Go for the Throat,17,36,53,12,7,125,1,1,0,1,0,1,2,0,1,0,0,1,0,0,0,0,0,0,1,1.36,1,0,0
Goatnapper,10,133,84,11,23,261,1,1,0,1,2,1,3,0,1,0,0,0,0,0,0,1,0,0,1,0.2,0,0,0
Gobbling Ooze,13,70,131,12,15,241,1,1,0,1,1,1,5,0,1,0,0,0,0,0,0,1,0,0,1,0.19,0,0,0
Goblin Archaeologist,20,153,57,10,27,267,1,1,0,1,2,1,2,0,1,0,0,0,0,0,0,1,0,0,1,0.23,0,0,0
Goblin Artillery,16,86,104,22,25,253,1,1,0,1,2,1,3,0,1,0,0,0,0,0,0,1,0,0,2,0.19,0,0,0
Goblin Balloon Brigade,22,59,123,15,25,244,1,1,0,1,2,1,1,0,1,0,0,0,0,0,0,1,0,0,1,0.23,0,0,0
Goblin Bangchuckers,19,171,0,14,25,229,1,1,0,1,2,1,4,0,1,0,0,0,0,0,0,1,0,0,2,0.19,0,0,0
Goblin Boom Keg,15,174,72,12,8,281,0,0,0,1,0,1,4,0,1,0,0,0,0,0,1,0,0,0,0,0.21,0,0,0
Goblin Cannon,13,88,88,12,8,209,0,0,0,1,0,1,4,0,1,0,0,0,0,0,1,0,0,0,0,0.2,0,0,0
Goblin Dirigible,16,146,0,14,29,205,0,0,0,2,1,1,6,0,1,0,0,0,0,0,1,1,0,0,0,0.19,0,0,0
Goblin Flectomancer,19,93,89,12,24,237,2,2,0,1,2,1,3,0,1,0,0,0,0,0,0,1,0,0,3,0.19,0,0,0
Goblin Glider,13,33,61,14,17,138,1,1,0,1,1,1,2,0,1,0,0,0,0,0,0,1,0,0,1,0.21,0,0,0
Goblin Glory Chaser,19,249,0,12,25,305,1,1,0,1,2,1,1,0,1,0,0,0,0,0,0,1,0,0,1,0.24,0,0,0
Goblin Grenade,14,125,67,10,7,223,1,1,0,1,0,1,1,0,1,0,0,0,1,0,0,0,0,0,1,1.19,1,0,0
Goblin Lore,11,52,146,20,7,236,1,1,0,1,0,1,2,0,1,0,0,0,1,0,0,0,0,0,1,5.49,1,1,0
Goblin Rally,12,43,59,9,7,130,1,1,0,1,0,1,5,0,1,0,0,0,1,0,0,0,0,0,2,0.2,0,0,0
Goblin Ruinblaster,18,168,0,12,24,222,1,1,0,1,2,1,3,0,1,0,0,0,0,0,0,1,0,0,1,0.2,0,0,0
Goblin Test Pilot,17,91,123,15,30,276,2,2,0,1,3,1,3,0,1,0,0,0,0,0,0,1,0,0,2,0.2,0,0,0
Goblin Wardriver,16,104,73,6,25,224,1,1,0,1,2,1,2,0,1,0,0,0,0,0,0,1,0,0,2,0.29,0,0,0
Goblinslide,11,117,56,10,11,205,1,1,0,1,0,1,3,0,1,0,0,0,0,1,0,0,0,0,1,0.21,0,0,0
God-Favored General,19,146,65,13,24,267,1,1,0,1,2,1,2,0,1,0,0,0,0,0,0,1,0,0,1,0.2,0,0,0
Godo's Irregulars,17,69,91,15,24,216,1,1,0,1,2,1,1,0,1,0,0,0,0,0,0,1,0,0,1,0.2,0,0,0
Gods' Eye  Gate to the Reikai,29,158,59,9,14,269,0,0,0,1,0,1,0,0,1,0,1,0,0,0,0,0,1,0,0,0.3,0,0,0
Goldenhide Ox,13,155,78,9,25,280,1,1,0,2,1,1,6,0,1,0,0,0,0,1,0,1,0,0,1,0.2,0,0,0
Gold-Forged Sentinel,20,6,61,12,27,126,0,0,0,2,1,1,6,0,1,0,0,0,0,0,1,1,0,0,0,0.2,0,0,0
Gold-Forged Sentinel,20,6,61,12,27,126,0,0,0,2,1,1,6,0,1,0,0,0,0,0,1,1,0,0,0,0.2,0,0,0
Goldmeadow Lookout,18,141,0,14,30,203,1,1,0,1,2,1,4,0,1,0,0,0,0,0,0,1,0,0,1,0.22,0,0,0
Goldmeadow Stalwart,19,99,166,14,26,324,1,1,0,1,2,1,1,0,1,0,0,0,0,0,0,1,0,0,1,0.23,0,0,0
Goldnight Commander,19,119,39,10,31,218,1,1,0,1,3,1,4,0,1,0,0,0,0,0,0,1,0,0,1,0.2,0,0,0
Goldnight Redeemer,18,107,81,13,16,235,1,1,0,1,1,1,6,0,1,0,0,0,0,0,0,1,0,0,2,0.2,0,0,0
Golem Artisan,13,155,33,9,25,235,0,0,0,2,1,1,5,0,1,0,0,0,0,0,1,1,0,0,0,0.16,0,0,0
Golem's Heart,13,63,74,12,8,170,0,0,0,1,0,1,2,0,1,0,0,0,0,0,1,0,0,0,0,0.2,0,0,0
Golem-Skin Gauntlets,20,241,0,12,20,293,0,0,0,1,1,1,1,0,1,0,0,0,0,0,1,0,0,0,0,0.3,0,0,0
Golgari Charm,13,127,93,12,7,252,2,2,0,1,0,1,2,0,1,0,0,1,0,0,0,0,0,0,2,0.26,0,0,0
Golgari Decoy,13,223,0,11,20,267,1,1,0,1,2,1,4,0,1,0,0,0,0,0,0,1,0,0,1,0.2,0,0,0
Golgari Germination,19,91,51,14,11,186,2,2,0,1,0,1,3,0,1,0,0,0,0,1,0,0,0,0,2,0.27,0,0,0
Golgari Guildmage,17,139,0,29,21,206,2,2,0,1,2,1,2,0,1,0,0,0,0,0,0,1,0,0,2,0.2,0,0,0
Golgari Keyrune,15,152,53,16,8,244,0,2,-2,1,0,1,3,0,1,0,0,0,0,0,1,0,0,0,0,0.19,0,0,0
Golgari Thug,12,304,0,10,24,350,1,1,0,1,2,1,2,0,1,0,0,0,0,0,0,1,0,0,1,5,1,1,0
Goliath Spider,14,54,103,12,17,200,1,1,0,1,1,1,8,0,1,0,0,0,0,0,0,1,0,0,2,0.23,0,0,0
Gomazoa,7,144,69,6,20,246,1,1,0,1,1,1,3,0,1,0,0,0,0,0,0,1,0,0,1,0.2,0,0,0
Gonti's Machinations,20,241,82,7,11,361,1,1,0,1,0,1,1,0,1,0,0,0,0,1,0,0,0,0,1,0.2,0,0,0
Gore Vassal,11,128,105,12,16,272,1,1,0,1,1,1,3,0,1,0,0,0,0,0,0,1,0,0,1,0.2,0,0,0
Gorgon Flail,12,211,0,15,20,258,0,0,0,1,1,1,2,0,1,0,0,0,0,0,1,0,0,0,0,0.58,0,0,0
Gorgon's Head,13,43,56,16,20,148,0,0,0,1,1,1,1,0,1,0,0,0,0,0,1,0,0,0,0,0.24,0,0,0
Grab the Reins,14,260,0,14,7,295,1,1,0,1,0,1,4,0,1,0,0,1,0,0,0,0,0,0,1,0.27,0,0,0
Graceblade Artisan,18,59,118,17,21,233,1,1,0,1,2,1,3,0,1,0,0,0,0,0,0,1,0,0,1,0.23,0,0,0
Graceful Adept,14,30,155,16,23,238,1,1,0,1,2,1,3,0,1,0,0,0,0,0,0,1,0,0,1,0.48,0,0,0
Graceful Reprieve,17,99,146,16,7,285,1,1,0,1,0,1,2,0,1,0,0,1,0,0,0,0,0,0,1,0.22,0,0,0
Graf Harvest,12,182,0,12,11,217,1,1,0,1,0,1,1,0,1,0,0,0,0,1,0,0,0,0,1,0.23,0,0,0
Graf Mole,9,47,107,15,21,199,1,1,0,1,2,1,3,0,1,0,0,0,0,0,0,1,0,0,1,0.2,0,0,0
Grafted Exoskeleton,19,254,0,14,20,307,0,0,0,1,1,1,4,0,1,0,0,0,0,0,1,0,0,0,0,0.63,0,0,0
Grafted Wargear,15,198,0,22,20,255,0,0,0,1,1,1,3,0,1,0,0,0,0,0,1,0,0,0,0,1.72,1,0,0
Granite Shard,13,80,85,12,8,198,0,1,-1,1,0,1,3,0,1,0,0,0,0,0,1,0,0,0,0,0.19,0,0,0
Grasp of Darkness,17,45,129,7,7,205,1,1,0,1,0,1,2,0,1,0,0,1,0,0,0,0,0,0,2,0.62,0,0,0
Grasp of Phantoms,17,151,0,4,7,179,1,1,0,1,0,1,4,0,1,0,0,0,1,0,0,0,0,0,1,0.17,0,0,0
Grasping Dunes,14,169,0,7,13,203,0,0,0,1,1,1,0,0,1,0,0,0,0,0,0,0,1,0,0,0.19,0,0,0
Grave Strength,14,168,80,12,7,281,1,1,0,1,0,1,2,0,1,0,0,0,1,0,0,0,0,0,1,0.22,0,0,0
Gravedigger,11,110,33,12,17,183,1,1,0,1,1,1,4,0,1,0,0,0,0,0,0,1,0,0,1,0.19,0,0,0
Gravedigger,11,110,65,9,17,212,1,1,0,1,1,1,4,0,1,0,0,0,0,0,0,1,0,0,1,0.2,0,0,0
Graverobber Spider,18,164,86,14,17,299,1,2,-1,1,1,1,4,0,1,0,0,0,0,0,0,1,0,0,1,0.2,0,0,0
Gravetiller Wurm,16,117,130,15,15,293,1,1,0,1,1,1,6,0,1,0,0,0,0,0,0,1,0,0,1,0.19,0,0,0
Graveyard Shovel,16,106,153,17,8,300,0,0,0,1,0,1,2,0,1,0,0,0,0,0,1,0,0,0,0,0.18,0,0,0
Gravity Well,12,75,125,13,11,236,1,1,0,1,0,1,3,0,1,0,0,0,0,1,0,0,0,0,2,0.32,0,0,0
Graypelt Refuge,15,147,0,13,4,179,0,2,-2,1,0,1,0,0,1,0,0,0,0,0,0,0,1,0,0,0.28,0,0,0
Great Teacher's Decree,22,226,0,12,7,267,1,1,0,1,0,1,4,0,1,0,0,0,1,0,0,0,0,0,1,0.22,0,0,0
Greater Forgeling,17,55,141,15,20,248,1,1,0,1,1,1,5,0,1,0,0,0,0,0,0,1,0,0,2,0.2,0,0,0
Greater Stone Spirit,20,178,125,14,27,364,1,1,0,1,2,1,6,0,1,0,0,0,0,0,0,1,0,0,2,0.21,0,0,0
Greatsword,10,110,47,9,20,196,0,0,0,1,1,1,3,0,1,0,0,0,0,0,1,0,0,0,0,0.2,0,0,0
Greenhilt Trainee,17,123,102,10,22,274,1,1,0,1,2,1,4,0,1,0,0,0,0,0,0,1,0,0,1,0.2,0,0,0
Greenweaver Druid,17,34,138,12,20,221,1,1,0,1,2,1,3,0,1,0,0,0,0,0,0,1,0,0,1,0.21,0,0,0
Gremlin Infestation,19,212,0,15,18,264,1,1,0,1,1,1,4,0,1,0,0,0,0,1,0,0,0,0,1,0.2,0,0,0
Gridlock,8,32,96,13,7,156,1,1,0,1,0,1,1,0,1,0,0,1,0,0,0,0,0,0,1,0.19,0,0,0
Grief Tyrant,12,170,0,4,17,203,2,2,0,1,1,1,6,0,1,0,0,0,0,0,0,1,0,0,1,0.22,0,0,0
Griffin Guide,13,147,0,10,18,188,1,1,0,1,1,1,3,0,1,0,0,0,0,1,0,0,0,0,1,0.21,0,0,0
Grifter's Blade,15,207,0,12,20,254,0,0,0,1,1,1,3,0,1,0,0,0,0,0,1,0,0,0,0,0.22,0,0,0
Grim Captain's Call,19,107,71,13,7,217,1,1,0,1,0,1,3,0,1,0,0,0,1,0,0,0,0,0,1,0.19,0,0,0
Grim Flowering,14,53,129,13,7,216,1,1,0,1,0,1,6,0,1,0,0,0,1,0,0,0,0,0,1,0.2,0,0,0
Grim Strider,12,51,183,14,17,277,1,1,0,1,1,1,4,0,1,0,0,0,0,0,0,1,0,0,1,0.2,0,0,0
Grinding Station,16,192,0,12,8,228,0,0,0,1,0,1,2,0,1,0,0,0,0,0,1,0,0,0,0,0.78,0,0,0
Grip of Desolation,18,71,83,13,7,192,0,1,-1,1,0,1,6,0,1,0,0,1,0,0,0,0,0,0,2,0.2,0,0,0
Grip of the Roil,16,204,0,11,7,238,1,1,0,1,0,1,3,0,1,0,0,1,0,0,0,0,0,0,1,0.2,0,0,0
Grisly Anglerfish,17,63,62,10,23,175,0,1,-1,1,2,1,3,0,1,0,0,0,0,0,0,1,0,0,0,0.2,0,0,0
Gristle Grinner,15,71,168,11,17,282,1,1,0,1,1,1,5,0,1,0,0,0,0,0,0,1,0,0,1,0.22,0,0,0
Gristleback,11,190,32,15,21,269,1,1,0,1,2,1,3,0,1,0,0,0,0,0,0,1,0,0,1,0.21,0,0,0
Grixis Battlemage,17,92,128,9,23,269,1,3,-2,1,2,1,3,0,1,0,0,0,0,0,0,1,0,0,1,0.21,0,0,0
Grixis Charm,12,160,85,15,7,279,3,3,0,1,0,1,3,0,1,0,0,1,0,0,0,0,0,0,3,0.22,0,0,0
Grixis Slavedriver,18,299,0,12,23,352,1,1,0,1,2,1,6,0,1,0,0,0,0,0,0,1,0,0,1,0.2,0,0,0
Grizzled Angler,15,152,127,10,16,320,1,1,0,1,1,1,3,0,1,0,0,0,0,0,0,1,0,0,1,0.2,0,0,0
Ground Assault,14,88,106,13,7,228,2,2,0,1,0,1,2,0,1,0,0,0,1,0,0,0,0,0,2,0.2,0,0,0
Groundling Pouncer,18,171,73,16,17,295,2,2,0,1,1,1,2,0,1,0,0,0,0,0,0,1,0,0,1,0.21,0,0,0
Groundskeeper,13,71,84,15,22,205,1,1,0,1,2,1,1,0,1,0,0,0,0,0,0,1,0,0,1,0.21,0,0,0
Groundskeeper,13,71,139,15,22,260,1,1,0,1,2,1,1,0,1,0,0,0,0,0,0,1,0,0,1,0.28,0,0,0
Grove Rumbler,13,121,62,14,20,230,2,2,0,1,1,1,4,0,1,0,0,0,0,0,0,1,0,0,2,0.2,0,0,0
Grovetender Druids,18,163,82,11,25,299,2,2,0,1,3,1,4,0,1,0,0,0,0,0,0,1,0,0,2,0.2,0,0,0
Gruesome Encore,15,250,0,12,7,284,1,1,0,1,0,1,3,0,1,0,0,0,1,0,0,0,0,0,1,0.19,0,0,0
Gruul Charm,11,163,35,12,7,228,2,2,0,1,0,1,2,0,1,0,0,1,0,0,0,0,0,0,2,0.2,0,0,0
Gruul Guildmage,15,172,0,13,23,223,2,2,0,1,2,1,2,0,1,0,0,0,0,0,0,1,0,0,2,0.21,0,0,0
Gruul Keyrune,13,144,54,16,8,235,0,2,-2,1,0,1,3,0,1,0,0,0,0,0,1,0,0,0,0,0.18,0,0,0
Gruul War Chant,15,58,151,12,11,247,2,2,0,1,0,1,4,0,1,0,0,0,0,1,0,0,0,0,2,0.19,0,0,0
Gryff's Boon,12,220,0,15,18,265,1,1,0,1,1,1,1,0,1,0,0,0,0,1,0,0,0,0,1,0.23,0,0,0
Guard Gomazoa,13,80,102,13,20,228,1,1,0,1,1,1,3,0,1,0,0,0,0,0,0,1,0,0,1,0.29,0,0,0
Guardian Idol,13,152,0,20,8,193,0,0,0,1,0,1,2,0,1,0,0,0,0,0,1,0,0,0,0,0.61,0,0,0
Guardian of Cloverdell,22,150,104,13,26,315,1,1,0,1,2,1,7,0,1,0,0,0,0,0,0,1,0,0,2,0.2,0,0,0
Guardian of Solitude,20,91,201,14,17,343,1,1,0,1,1,1,2,0,1,0,0,0,0,0,0,1,0,0,1,0.2,0,0,0
Guardian of the Gateless,24,173,0,11,16,224,1,1,0,1,1,1,5,0,1,0,0,0,0,0,0,1,0,0,1,0.26,0,0,0
Guardian of the Great Conduit,29,196,0,14,20,259,1,1,0,1,1,1,4,0,1,0,0,0,0,0,0,1,0,0,1,0.2,0,0,0
Gudul Lurker,12,185,40,19,21,277,1,1,0,1,1,1,1,0,1,0,0,0,0,0,0,1,0,0,1,0.24,0,0,0
Guerrilla Tactics,17,211,0,11,7,246,1,1,0,1,0,1,2,0,1,0,0,1,0,0,0,0,0,0,1,0.19,0,0,0
Guerrilla Tactics,17,211,0,11,7,246,1,1,0,1,0,1,2,0,1,0,0,1,0,0,0,0,0,0,1,0.2,0,0,0
Guerrilla Tactics,17,211,0,11,7,246,1,1,0,1,0,1,2,0,1,0,0,1,0,0,0,0,0,0,1,0.21,0,0,0
Gurmag Swiftwing,16,27,80,12,14,149,1,1,0,1,1,1,2,0,1,0,0,0,0,0,0,1,0,0,1,0.22,0,0,0
Gustcloak Cavalier,18,292,0,14,23,347,1,1,0,1,2,1,5,0,1,0,0,0,0,0,0,1,0,0,2,0.21,0,0,0
Gut Shot,8,100,83,12,7,210,1,1,0,1,0,1,1,0,1,0,0,1,0,0,0,0,0,0,1,0.4,0,0,0
Guttersnipe,11,91,51,14,24,191,1,1,0,1,2,1,3,0,1,0,0,0,0,0,0,1,0,0,1,0.22,0,0,0
Guttural Response,17,34,95,12,7,165,2,2,0,1,0,1,1,0,1,0,0,1,0,0,0,0,0,0,1,1.44,1,0,0
Gutwrencher Oni,15,85,81,16,23,220,1,1,0,1,2,1,5,0,1,0,0,0,0,0,0,1,0,0,2,0.2,0,0,0
Gwyllion Hedge-Mage,19,274,0,13,21,327,2,2,0,1,2,1,3,0,1,0,0,0,0,0,0,1,0,0,1,0.21,0,0,0
Hada Freeblade,14,129,92,20,29,284,1,1,0,1,3,1,1,0,1,0,0,0,0,0,0,1,0,0,1,1,1,0,0
Hada Spy Patrol,15,244,0,29,22,310,1,1,0,1,2,1,2,0,1,0,0,0,0,0,0,1,0,0,1,0.21,0,0,0
Hag Hedge-Mage,14,269,0,13,21,317,2,2,0,1,2,1,3,0,1,0,0,0,0,0,0,1,0,0,1,0.22,0,0,0
Hagra Diabolist,15,163,83,13,27,301,1,1,0,1,3,1,5,0,1,0,0,0,0,0,0,1,0,0,1,0.25,0,0,0
Hagra Sharpshooter,18,53,83,12,30,196,1,1,0,1,3,1,3,0,1,0,0,0,0,0,0,1,0,0,1,0.2,0,0,0
Hail of Arrows,14,99,131,17,7,268,1,1,0,1,0,1,1,0,1,0,0,1,0,0,0,0,0,0,1,0.22,0,0,0
Hail of Arrows,14,99,131,17,7,268,1,1,0,1,0,1,1,0,1,0,0,1,0,0,0,0,0,0,1,0.24,0,0,0
Halcyon Glaze,13,143,78,9,11,254,1,1,0,1,0,1,3,0,1,0,0,0,0,1,0,0,0,0,2,0.22,0,0,0
Halimar Tidecaller,18,160,47,17,28,270,1,1,0,1,3,1,3,0,1,0,0,0,0,0,0,1,0,0,1,0.2,0,0,0
Halt Order,10,43,122,4,7,186,1,1,0,1,0,1,3,0,1,0,0,1,0,0,0,0,0,0,1,0.18,0,0,0
Hamlet Captain,14,96,53,14,24,201,1,1,0,1,2,1,2,0,1,0,0,0,0,0,0,1,0,0,1,0.2,0,0,0
Hamlet Captain,14,96,112,14,24,260,1,1,0,1,2,1,2,0,1,0,0,0,0,0,0,1,0,0,1,0.2,0,0,0
Hammer of Ruin,14,154,39,13,20,240,0,0,0,1,1,1,2,0,1,0,0,0,0,0,1,0,0,0,0,0.2,0,0,0
Hammerheim Deadeye,18,247,0,14,24,303,1,1,0,1,2,1,4,0,1,0,0,0,0,0,0,1,0,0,1,0.21,0,0,0
Hana Kami,9,88,51,12,17,177,1,1,0,1,1,1,1,0,1,0,0,0,0,0,0,1,0,0,1,0.21,0,0,0
Hanabi Blast,12,129,121,13,7,282,1,1,0,1,0,1,3,0,1,0,0,1,0,0,0,0,0,0,2,0.2,0,0,0
Hand of Cruelty,15,116,73,10,24,238,1,1,0,1,2,1,2,0,1,0,0,0,0,0,0,1,0,0,2,0.28,0,0,0
Hand of Honor,13,116,76,10,24,239,1,1,0,1,2,1,2,0,1,0,0,0,0,0,0,1,0,0,2,0.9,0,0,0
Hankyu,6,296,0,12,20,334,0,0,0,1,1,1,1,0,1,0,0,0,0,0,1,0,0,0,0,0.2,0,0,0
Hanweir Watchkeep,17,104,65,14,33,233,1,1,0,1,3,1,3,0,1,0,0,0,0,0,0,1,0,0,1,0.2,0,0,0
Hapatra's Mark,14,190,90,12,7,313,1,1,0,1,0,1,1,0,1,0,0,1,0,0,0,0,0,0,1,0.21,0,0,0
Harbor Bandit,13,108,106,13,22,262,1,2,-1,1,2,1,3,0,1,0,0,0,0,0,0,1,0,0,1,0.19,0,0,0
Harmonic Sliver,15,102,149,12,17,295,2,2,0,1,1,1,3,0,1,0,0,0,0,0,0,1,0,0,2,2.55,1,0,0
Harmonize,9,17,133,13,7,179,1,1,0,1,0,1,4,0,1,0,0,0,1,0,0,0,0,0,2,1.01,1,0,0
Harm's Way,10,151,75,9,7,252,1,1,0,1,0,1,1,0,1,0,0,1,0,0,0,0,0,0,1,0.2,0,0,0
Harnessed Lightning,19,163,0,12,7,201,1,1,0,1,0,1,2,0,1,0,0,1,0,0,0,0,0,0,1,0.94,0,0,0
Harpoon Sniper,14,127,81,16,25,263,1,1,0,1,2,1,3,0,1,0,0,0,0,0,0,1,0,0,1,0.23,0,0,0
Harrier Griffin,15,60,126,10,18,229,1,1,0,1,1,1,6,0,1,0,0,0,0,0,0,1,0,0,1,0.21,0,0,0
Harrowing Journey,17,49,143,11,7,227,1,1,0,1,0,1,5,0,1,0,0,0,1,0,0,0,0,0,1,0.18,0,0,0
Harsh Scrutiny,14,116,79,13,7,229,1,1,0,1,0,1,1,0,1,0,0,0,1,0,0,0,0,0,1,0.3,0,0,0
Haru-Onna,9,141,0,12,17,179,1,1,0,1,1,1,4,0,1,0,0,0,0,0,0,1,0,0,1,0.21,0,0,0
Harvest Hand,12,84,30,11,29,166,0,0,0,2,1,1,3,0,1,0,0,0,0,0,1,1,0,0,0,0.21,0,0,0
Harvester Troll,15,136,112,12,16,291,1,1,0,1,1,1,4,0,1,0,0,0,0,0,0,1,0,0,1,0.18,0,0,0
Hashep Oasis,12,219,0,11,13,255,0,1,-1,1,1,1,0,0,1,0,0,0,0,0,0,0,1,0,0,0.49,0,0,0
Hatchet Bully,13,118,76,11,25,243,1,1,0,1,2,1,4,0,1,0,0,0,0,0,0,1,0,0,1,0.2,0,0,0
Hate Weaver,11,62,29,11,24,137,1,1,0,1,2,1,2,0,1,0,0,0,0,0,0,1,0,0,1,0.21,0,0,0
Haunted Cloak,13,62,104,11,20,210,0,0,0,1,1,1,3,0,1,0,0,0,0,0,1,0,0,0,0,0.25,0,0,0
Haunted Dead,12,189,0,12,17,230,1,1,0,1,1,1,4,0,1,0,0,0,0,0,0,1,0,0,1,0.25,0,0,0
Haunted Guardian,16,22,124,16,29,207,0,0,0,2,1,1,2,0,1,0,0,0,0,0,1,1,0,0,0,0.18,0,0,0
Haunter of Nightveil,20,43,116,13,17,209,2,2,0,1,1,1,5,0,1,0,0,0,0,0,0,1,0,0,2,0.19,0,0,0
Haunting Hymn,13,121,115,7,7,263,1,1,0,1,0,1,6,0,1,0,0,1,0,0,0,0,0,0,2,0.2,0,0,0
Havengul Vampire,16,158,58,11,18,261,1,1,0,1,1,1,4,0,1,0,0,0,0,0,0,1,0,0,1,0.17,0,0,0
Havoc Sower,11,115,34,15,24,199,0,1,-1,1,2,1,4,0,1,0,0,0,0,0,0,1,0,0,1,0.2,0,0,0
Hazardous Conditions,20,63,71,22,7,183,2,2,0,1,0,1,4,0,1,0,0,0,1,0,0,0,0,0,2,0.17,0,0,0
Haze of Rage,12,257,0,13,7,289,1,1,0,1,0,1,2,0,1,0,0,0,1,0,0,0,0,0,1,0.78,0,0,0
Hazoret's Monument,18,135,128,14,18,313,0,0,0,1,0,1,3,0,1,0,1,0,0,0,1,0,0,0,0,0.21,0,0,0
Healer of the Pride,19,85,72,19,21,216,1,1,0,1,2,1,4,0,1,0,0,0,0,0,0,1,0,0,1,0.24,0,0,0
Heap Doll,9,56,100,9,29,203,0,0,0,2,1,1,1,0,1,0,0,0,0,0,1,1,0,0,0,0.37,0,0,0
Hearthcage Giant,16,174,46,29,24,289,1,1,0,1,2,1,8,0,1,0,0,0,0,0,0,1,0,0,2,0.21,0,0,0
Hearthfire Hobgoblin,20,13,123,15,25,196,2,2,0,1,2,1,3,0,1,0,0,0,0,0,0,1,0,0,3,0.32,0,0,0
Heartless Pillage,17,210,0,12,7,246,1,1,0,1,0,1,3,0,1,0,0,0,1,0,0,0,0,0,1,0.2,0,0,0
Heart-Piercer Bow,17,124,116,15,20,292,0,0,0,1,1,1,2,0,1,0,0,0,0,0,1,0,0,0,0,0.19,0,0,0
Heartwood Shard,15,70,116,12,8,221,0,1,-1,1,0,1,3,0,1,0,0,0,0,0,1,0,0,0,0,0.19,0,0,0
Heat Ray,8,43,99,10,7,167,1,1,0,1,0,1,1,0,1,0,0,1,0,0,0,0,0,0,1,0.19,0,0,0
Heavy Arbalest,14,165,0,12,20,211,0,0,0,1,1,1,3,0,1,0,0,0,0,0,1,0,0,0,0,0.19,0,0,0
Heckling Fiends,15,50,131,13,16,225,1,1,0,1,1,1,3,0,1,0,0,0,0,0,0,1,0,0,1,0.18,0,0,0
Hedge Troll,11,84,147,13,23,278,1,2,-1,1,2,1,3,0,1,0,0,0,0,0,0,1,0,0,1,0.2,0,0,0
Hedron Archive,14,86,149,16,8,273,0,0,0,1,0,1,4,0,1,0,0,0,0,0,1,0,0,0,0,0.69,0,0,0
Hedron Crab,11,157,43,13,15,239,1,1,0,1,1,1,1,0,1,0,0,0,0,0,0,1,0,0,1,3.09,1,0,0
Heed the Mists,14,111,76,16,16,233,1,1,0,1,1,1,5,0,1,0,0,0,1,0,0,0,0,0,2,0.23,0,0,0
Heir of Falkenrath,18,88,111,15,18,250,1,1,0,1,1,1,2,0,1,0,0,0,0,0,0,1,0,0,1,0.33,0,0,0
Heir of the Wilds,17,157,111,13,24,322,1,1,0,1,2,1,2,0,1,0,0,0,0,0,0,1,0,0,1,0.2,0,0,0
Heir to the Night,17,6,118,15,28,184,1,1,0,1,2,1,2,0,1,0,0,0,0,0,0,1,0,0,0,0.33,0,0,0
Heliod's Emissary,17,295,0,10,26,348,1,1,0,2,1,1,4,0,1,0,0,0,0,1,0,1,0,0,1,0.2,0,0,0
Hellfire Mongrel,16,137,103,9,26,291,1,1,0,1,2,1,3,0,1,0,0,0,0,0,0,1,0,0,1,0.2,0,0,0
Hellhole Flailer,16,248,0,14,23,301,2,2,0,1,2,1,3,0,1,0,0,0,0,0,0,1,0,0,2,0.2,0,0,0
Hellhole Rats,13,163,100,10,14,300,2,2,0,1,1,1,4,0,1,0,0,0,0,0,0,1,0,0,2,0.28,0,0,0
Hellkite Hatchling,18,228,29,7,17,299,2,2,0,1,1,1,4,0,1,0,0,0,0,0,0,1,0,0,2,0.25,0,0,0
Hellraiser Goblin,17,64,71,13,27,192,1,1,0,1,2,1,3,0,1,0,0,0,0,0,0,1,0,0,1,0.19,0,0,0
Hellspark Elemental,19,289,0,12,20,340,1,1,0,1,1,1,2,0,1,0,0,0,0,0,0,1,0,0,1,1.18,1,0,0
Herald of Kozilek,17,81,190,13,24,325,0,2,-2,1,2,1,3,0,1,0,0,0,0,0,0,1,0,0,2,0.23,0,0,0
Herdchaser Dragon,17,281,0,12,17,327,1,1,0,1,1,1,6,0,1,0,0,0,0,0,0,1,0,0,1,0.21,0,0,0
Heritage Druid,14,70,146,16,20,266,1,1,0,1,2,1,1,0,1,0,0,0,0,0,0,1,0,0,1,4.44,1,0,0
Hermit of the Natterknolls,26,170,22,9,25,252,1,1,0,1,2,1,3,0,1,0,0,0,0,0,0,1,0,0,1,0.2,0,0,0
Heroes' Reunion,15,27,105,11,7,165,2,2,0,1,0,1,2,0,1,0,0,1,0,0,0,0,0,0,2,0.21,0,0,0
Hero's Blade,12,147,43,12,20,234,0,0,0,1,1,1,2,0,1,0,0,0,0,0,1,0,0,0,0,0.25,0,0,0
Hewed Stone Retainers,21,71,133,12,25,262,0,0,0,2,1,1,3,0,1,0,0,0,0,0,1,1,0,0,0,0.2,0,0,0
Hibernation,11,51,47,12,7,128,1,1,0,1,0,1,3,0,1,0,0,1,0,0,0,0,0,0,1,0.45,0,0,0
Hidden Herbalists,17,147,71,18,22,275,1,1,0,1,2,1,2,0,1,0,0,0,0,0,0,1,0,0,1,0.24,0,0,0
Hidden Horror,13,91,73,4,17,198,1,1,0,1,1,1,3,0,1,0,0,0,0,0,0,1,0,0,2,0.25,0,0,0
Hidden Stockpile,16,194,0,14,11,235,2,2,0,1,0,1,2,0,1,0,0,0,0,1,0,0,0,0,2,0.33,0,0,0
Hideous Laughter,16,217,0,12,16,261,1,1,0,1,1,1,4,0,1,0,0,1,0,0,0,0,0,0,2,0.22,0,0,0
High Ground,11,71,46,7,11,146,1,1,0,1,0,1,1,0,1,0,0,0,0,1,0,0,0,0,1,0.29,0,0,0
Highland Lake,13,83,71,21,4,192,0,2,-2,1,0,1,0,0,1,0,0,0,0,0,0,0,1,0,0,0.25,0,0,0
Highland Weald,14,84,137,9,9,253,0,2,-2,1,0,1,0,0,1,0,0,0,0,0,0,0,1,0,0,0.38,0,0,0
Highspire Mantis,16,15,131,13,17,192,2,2,0,1,1,1,4,0,1,0,0,0,0,0,0,1,0,0,2,0.2,0,0,0
Hinder,6,157,112,14,7,296,1,1,0,1,0,1,3,0,1,0,0,1,0,0,0,0,0,0,2,1.36,1,0,0
Hindervines,11,100,102,15,7,235,1,1,0,1,0,1,3,0,1,0,0,1,0,0,0,0,0,0,1,0.18,0,0,0
Hired Muscle,12,190,0,12,24,238,1,1,0,1,2,1,3,0,1,0,0,0,0,0,0,1,0,0,2,0.22,0,0,0
Hissing Miasma,14,61,147,12,11,245,1,1,0,1,0,1,3,0,1,0,0,0,0,1,0,0,0,0,2,0.26,0,0,0
Hoarder's Greed,15,273,0,12,7,307,1,1,0,1,0,1,4,0,1,0,0,0,1,0,0,0,0,0,1,0.2,0,0,0
Hold the Gates,14,77,83,12,11,197,1,1,0,1,0,1,3,0,1,0,0,0,0,1,0,0,0,0,1,0.2,0,0,0
Hollowhenge Scavenger,21,106,84,15,20,246,1,1,0,1,1,1,5,0,1,0,0,0,0,0,0,1,0,0,2,0.17,0,0,0
Hollowhenge Spirit,18,180,37,15,17,267,1,1,0,1,1,1,4,0,1,0,0,0,0,0,0,1,0,0,1,0.19,0,0,0
Hollowsage,10,80,84,14,25,213,1,1,0,1,2,1,4,0,1,0,0,0,0,0,0,1,0,0,1,0.22,0,0,0
Holy Justiciar,14,73,98,12,23,220,1,1,0,1,2,1,4,0,1,0,0,0,0,0,0,1,0,0,1,0.19,0,0,0
Holy Mantle,11,81,97,14,18,221,1,1,0,1,1,1,4,0,1,0,0,0,0,1,0,0,0,0,2,0.22,0,0,0
Homicidal Brute,15,118,77,16,23,249,1,2,-1,1,2,1,3,0,1,0,0,0,0,0,0,1,0,0,0,0.19,0,0,0
Homicidal Seclusion,19,87,109,12,11,238,1,1,0,1,0,1,5,0,1,0,0,0,0,1,0,0,0,0,1,0.18,0,0,0
Homing Lightning,16,111,89,15,7,238,1,1,0,1,0,1,4,0,1,0,0,1,0,0,0,0,0,0,2,0.2,0,0,0
Honden of Cleansing Fire,24,77,73,12,30,216,1,1,0,1,1,1,4,0,1,0,1,0,0,1,0,0,0,0,1,0.27,0,0,0
Honden of Infinite Rage,23,142,74,9,30,278,1,1,0,1,1,1,3,0,1,0,1,0,0,1,0,0,0,0,1,0.25,0,0,0
Honden of Life's Web,20,106,84,13,30,253,1,1,0,1,1,1,5,0,1,0,1,0,0,1,0,0,0,0,1,0.23,0,0,0
Honden of Night's Reach,23,93,92,10,30,248,1,1,0,1,1,1,4,0,1,0,1,0,0,1,0,0,0,0,1,0.24,0,0,0
Honden of Seeing Winds,22,73,98,17,30,240,1,1,0,1,1,1,5,0,1,0,1,0,0,1,0,0,0,0,1,0.33,0,0,0
Honored Crop-Captain,20,93,54,12,24,203,2,2,0,1,2,1,2,0,1,0,0,0,0,0,0,1,0,0,2,0.19,0,0,0
Honor's Reward,14,134,113,4,7,272,1,1,0,1,0,1,3,0,1,0,0,1,0,0,0,0,0,0,1,0.21,0,0,0
Honor-Worn Shaku,16,104,114,13,8,255,0,0,0,1,0,1,3,0,1,0,0,0,0,0,1,0,0,0,0,1,1,0,0
Hope Against Hope,17,140,84,12,18,271,1,1,0,1,1,1,3,0,1,0,0,0,0,1,0,0,0,0,1,0.21,0,0,0
Hope Tender,11,144,75,17,22,269,1,1,0,1,2,1,2,0,1,0,0,0,0,0,0,1,0,0,1,0.21,0,0,0
Horde Ambusher,14,280,0,14,26,334,1,1,0,1,2,1,2,0,1,0,0,0,0,0,0,1,0,0,1,0.2,0,0,0
Horde of Boggarts,17,172,102,14,17,322,1,1,0,1,1,1,4,0,1,0,0,0,0,0,0,1,0,0,1,0.45,0,0,0
Hordeling Outburst,18,44,56,12,7,137,1,1,0,1,0,1,3,0,1,0,0,0,1,0,0,0,0,0,2,0.45,0,0,0
Horizon Chimera,15,64,0,10,18,107,2,2,0,1,1,1,4,0,1,0,0,0,0,0,0,1,0,0,2,0.2,0,0,0
Horizon Drake,13,29,129,10,16,197,1,1,0,1,1,1,3,0,1,0,0,0,0,0,0,1,0,0,2,0.2,0,0,0
Horizon Scholar,15,196,0,13,17,241,1,1,0,1,1,1,6,0,1,0,0,0,0,0,0,1,0,0,1,0.18,0,0,0
Horizon Seed,12,71,143,12,17,255,1,1,0,1,1,1,5,0,1,0,0,0,0,0,0,1,0,0,1,0.2,0,0,0
Horribly Awry,13,194,101,13,7,328,0,1,-1,1,0,1,2,0,1,0,0,1,0,0,0,0,0,0,1,0.24,0,0,0
Horror of Horrors,17,192,0,12,11,232,1,1,0,1,0,1,5,0,1,0,0,0,0,1,0,0,0,0,2,0.22,0,0,0
Hot Soup,8,172,42,13,20,255,0,0,0,1,1,1,1,0,1,0,0,0,0,0,1,0,0,0,0,0.21,0,0,0
Hour of Need,12,223,0,13,7,255,1,1,0,1,0,1,3,0,1,0,0,1,0,0,0,0,0,0,1,0.19,0,0,0
Hover Barrier,13,16,75,15,24,143,1,1,0,1,2,1,3,0,1,0,0,0,0,0,0,1,0,0,1,0.18,0,0,0
Hoverguard Observer,19,64,98,10,16,207,1,1,0,1,1,1,4,0,1,0,0,0,0,0,0,1,0,0,2,0.19,0,0,0
Howl of the Night Pack,22,67,118,15,7,229,1,1,0,1,0,1,7,0,1,0,0,0,1,0,0,0,0,0,1,0.21,0,0,0
Howl of the Night Pack,22,67,118,15,7,229,1,1,0,1,0,1,7,0,1,0,0,0,1,0,0,0,0,0,1,0.23,0,0,0
Howl of the Night Pack,22,67,118,15,7,229,1,1,0,1,0,1,7,0,1,0,0,0,1,0,0,0,0,0,1,0.28,0,0,0
Howlgeist,9,217,0,12,22,260,1,1,0,1,2,1,6,0,1,0,0,0,0,0,0,1,0,0,1,0.19,0,0,0
Howling Banshee,15,77,73,15,17,197,1,1,0,1,1,1,4,0,1,0,0,0,0,0,0,1,0,0,2,0.19,0,0,0
Howling Banshee,15,77,73,15,17,197,1,1,0,1,1,1,4,0,1,0,0,0,0,0,0,1,0,0,2,0.19,0,0,0
Howling Chorus,14,180,0,12,27,233,0,1,-1,1,2,1,3,0,1,0,0,0,0,0,0,1,0,0,0,0.28,0,0,0
Howlpack Resurgence,19,149,107,4,11,290,1,1,0,1,0,1,3,0,1,0,0,0,0,1,0,0,0,0,1,0.33,0,0,0
Huatli's Spurring,17,135,52,11,7,222,1,1,0,1,0,1,1,0,1,0,0,1,0,0,0,0,0,0,1,0.24,0,0,0
Hulking Cyclops,15,28,62,13,18,136,1,1,0,1,1,1,5,0,1,0,0,0,0,0,0,1,0,0,2,0.21,0,0,0
Human Frailty,13,30,104,13,7,167,1,1,0,1,0,1,1,0,1,0,0,1,0,0,0,0,0,0,1,0.19,0,0,0
Humble Defector,15,115,105,15,22,272,1,1,0,1,2,1,2,0,1,0,0,0,0,0,0,1,0,0,1,0.2,0,0,0
Humble the Brute,16,152,84,7,7,266,1,1,0,1,0,1,5,0,1,0,0,1,0,0,0,0,0,0,1,0.21,0,0,0
Hungering Yeti,14,155,53,14,15,251,1,1,0,1,1,1,5,0,1,0,0,0,0,0,0,1,0,0,1,0.21,0,0,0
Hungry Flames,13,78,99,4,7,201,1,1,0,1,0,1,3,0,1,0,0,1,0,0,0,0,0,0,1,0.24,0,0,0
Hunt the Hunter,15,117,67,11,7,217,1,1,0,1,0,1,1,0,1,0,0,0,1,0,0,0,0,0,1,0.2,0,0,0
Hunted Wumpus,13,127,45,14,16,215,1,1,0,1,1,1,4,0,1,0,0,0,0,0,0,1,0,0,1,0.22,0,0,0
Hunted Wumpus,13,127,45,14,16,215,1,1,0,1,1,1,4,0,1,0,0,0,0,0,0,1,0,0,1,0.24,0,0,0
Hunted Wumpus,13,127,45,14,16,215,1,1,0,1,1,1,4,0,1,0,0,0,0,0,0,1,0,0,1,0.25,0,0,0
Hunter of Eyeblights,20,166,84,13,23,306,1,1,0,1,2,1,5,0,1,0,0,0,0,0,0,1,0,0,2,0.23,0,0,0
Hunter's Insight,16,139,110,14,7,286,1,1,0,1,0,1,3,0,1,0,0,1,0,0,0,0,0,0,1,0.25,0,0,0
Hunting Triad,13,144,62,10,20,249,1,1,0,2,1,1,4,0,1,0,0,0,1,0,0,0,0,0,1,0.23,0,0,0
Hunting Wilds,13,335,0,11,7,366,1,1,0,1,0,1,4,0,1,0,0,0,1,0,0,0,0,0,1,0.75,0,0,0
Hydrolash,9,61,108,13,7,198,1,1,0,1,0,1,3,0,1,0,0,1,0,0,0,0,0,0,1,0.22,0,0,0
Hypervolt Grasp,15,157,16,14,18,220,1,2,-1,1,1,1,3,0,1,0,0,0,0,1,0,0,0,0,1,0.21,0,0,0
Icatian Priest,14,56,167,14,23,274,1,1,0,1,2,1,1,0,1,0,0,0,0,0,0,1,0,0,1,0.22,0,0,0
Icefeather Aven,15,229,0,15,22,281,2,2,0,1,2,1,2,0,1,0,0,0,0,0,0,1,0,0,2,0.2,0,0,0
Ichor Explosion,15,155,47,11,7,235,1,1,0,1,0,1,7,0,1,0,0,0,1,0,0,0,0,0,2,0.19,0,0,0
Ichor Rats,10,200,0,12,14,236,1,1,0,1,1,1,3,0,1,0,0,0,0,0,0,1,0,0,2,0.42,0,0,0
Icy Manipulator,15,49,45,8,8,125,0,0,0,1,0,1,4,0,1,0,0,0,0,0,1,0,0,0,0,0.27,0,0,0
Icy Manipulator,15,49,148,12,8,232,0,0,0,1,0,1,4,0,1,0,0,0,0,0,1,0,0,0,0,0.32,0,0,0
Icy Manipulator,15,49,148,12,8,232,0,0,0,1,0,1,4,0,1,0,0,0,0,0,1,0,0,0,0,0.32,0,0,0
Idle Thoughts,13,46,41,15,11,126,1,1,0,1,0,1,4,0,1,0,0,0,0,1,0,0,0,0,1,0.21,0,0,0
Ifnir Deadlands,15,237,0,11,13,276,0,1,-1,1,1,1,0,0,1,0,0,0,0,0,0,0,1,0,0,0.85,0,0,0
Ignite Disorder,15,113,144,29,7,308,1,1,0,1,0,1,2,0,1,0,0,1,0,0,0,0,0,0,1,0.19,0,0,0
Ignite Disorder,15,113,123,29,7,287,1,1,0,1,0,1,2,0,1,0,0,1,0,0,0,0,0,0,1,0.2,0,0,0
Ignite Memories,15,272,0,12,7,306,1,1,0,1,0,1,5,0,1,0,0,0,1,0,0,0,0,0,1,0.29,0,0,0
Ignorant Bliss,14,131,126,13,7,291,1,1,0,1,0,1,2,0,1,0,0,1,0,0,0,0,0,0,1,0.23,0,0,0
Illness in the Ranks,20,26,94,9,11,160,1,1,0,1,0,1,1,0,1,0,0,0,0,1,0,0,0,0,1,0.23,0,0,0
Illuminated Folio,17,74,109,11,8,219,0,0,0,1,0,1,5,0,1,0,0,0,0,0,1,0,0,0,0,0.21,0,0,0
Illusionary Armor,17,142,0,15,18,192,1,1,0,1,1,1,5,0,1,0,0,0,0,1,0,0,0,0,1,0.19,0,0,0
Illusionist's Stratagem,23,130,94,15,7,269,1,1,0,1,0,1,4,0,1,0,0,1,0,0,0,0,0,0,1,0.2,0,0,0
Illusory Angel,14,71,137,14,25,261,1,1,0,1,2,1,3,0,1,0,0,0,0,0,0,1,0,0,1,0.25,0,0,0
Illusory Demon,14,55,64,9,25,167,2,2,0,1,2,1,3,0,1,0,0,0,0,0,0,1,0,0,2,0.2,0,0,0
Imaginary Threats,17,191,57,17,7,289,1,1,0,1,0,1,4,0,1,0,0,1,0,0,0,0,0,0,2,0.22,0,0,0
Immerwolf,9,239,0,14,15,277,2,2,0,1,1,1,3,0,1,0,0,0,0,0,0,1,0,0,2,0.88,0,0,0
Immobilizer Eldrazi,19,148,61,15,24,267,0,1,-1,1,2,1,2,0,1,0,0,0,0,0,0,1,0,0,1,0.2,0,0,0
Immolating Glare,16,34,182,7,7,246,1,1,0,1,0,1,2,0,1,0,0,1,0,0,0,0,0,0,1,0.24,0,0,0
Impelled Giant,14,174,0,8,24,220,1,1,0,1,2,1,6,0,1,0,0,0,0,0,0,1,0,0,2,0.23,0,0,0
Imperial Aerosaur,17,136,63,13,19,248,1,1,0,1,1,1,4,0,1,0,0,0,0,0,0,1,0,0,1,0.19,0,0,0
Imperial Lancer,15,68,63,12,23,181,1,1,0,1,2,1,1,0,1,0,0,0,0,0,0,1,0,0,1,0.2,0,0,0
Imperiosaur,11,60,155,15,19,260,1,1,0,1,1,1,4,0,1,0,0,0,0,0,0,1,0,0,2,0.23,0,0,0
Imperious Perfect,17,99,66,16,22,220,1,1,0,1,2,1,3,0,1,0,0,0,0,0,0,1,0,0,1,1.69,1,0,0
Incendiary Flow,15,135,69,16,7,242,1,1,0,1,0,1,2,0,1,0,0,0,1,0,0,0,0,0,1,0.56,0,0,0
Incendiary Sabotage,19,126,70,9,7,231,1,1,0,1,0,1,4,0,1,0,0,1,0,0,0,0,0,0,2,0.19,0,0,0
Incited Rabble,14,93,77,11,16,211,1,2,-1,1,1,1,1,0,1,0,0,0,0,0,0,1,0,0,0,0.22,0,0,0
Incorrigible Youths,19,144,41,13,18,235,1,1,0,1,1,1,5,0,1,0,0,0,0,0,0,1,0,0,2,0.25,0,0,0
Incremental Blight,18,139,52,12,7,228,1,1,0,1,0,1,5,0,1,0,0,0,1,0,0,0,0,0,2,0.32,0,0,0
Incremental Growth,18,139,90,12,7,266,1,1,0,1,0,1,5,0,1,0,0,0,1,0,0,0,0,0,2,0.2,0,0,0
Incremental Growth,18,139,49,13,7,226,1,1,0,1,0,1,5,0,1,0,0,0,1,0,0,0,0,0,2,0.21,0,0,0
Incursion Specialist,20,128,71,15,23,257,1,1,0,1,2,1,2,0,1,0,0,0,0,0,0,1,0,0,1,0.18,0,0,0
Indebted Samurai,16,180,84,14,24,318,1,1,0,1,2,1,4,0,1,0,0,0,0,0,0,1,0,0,1,0.45,0,0,0
Indentured Oaf,14,67,55,11,23,170,1,1,0,1,2,1,4,0,1,0,0,0,0,0,0,1,0,0,1,0.21,0,0,0
Indigo Faerie,13,92,37,14,24,180,1,1,0,1,2,1,2,0,1,0,0,0,0,0,0,1,0,0,1,0.21,0,0,0
Indrik Stomphowler,18,87,195,14,16,330,1,1,0,1,1,1,5,0,1,0,0,0,0,0,0,1,0,0,1,0.26,0,0,0
Indulgent Aristocrat,20,84,71,15,18,208,1,1,0,1,1,1,1,0,1,0,0,0,0,0,0,1,0,0,1,0.42,0,0,0
Infectious Curse,16,175,0,11,24,226,1,1,0,1,2,1,4,0,1,0,0,0,0,1,0,0,0,0,0,0.25,0,0,0
Inferno Elemental,17,118,92,29,20,276,1,1,0,1,1,1,6,0,1,0,0,0,0,0,0,1,0,0,2,0.2,0,0,0
Inferno Jet,11,97,82,12,7,209,1,1,0,1,0,1,6,0,1,0,0,0,1,0,0,0,0,0,1,0.22,0,0,0
Inferno Trap,12,169,33,13,14,241,1,1,0,1,1,1,4,0,1,0,0,1,0,0,0,0,0,0,1,0.19,0,0,0
Infest,6,42,75,13,7,143,1,1,0,1,0,1,3,0,1,0,0,0,1,0,0,0,0,0,2,0.21,0,0,0
Infested Roothold,17,160,0,14,15,206,1,1,0,1,1,1,5,0,1,0,0,0,0,0,0,1,0,0,1,0.2,0,0,0
Infiltration Lens,17,91,119,4,20,251,0,0,0,1,1,1,1,0,1,0,0,0,0,0,1,0,0,0,0,0.25,0,0,0
Infuse with the Elements,24,178,102,16,7,327,1,1,0,1,0,1,4,0,1,0,0,1,0,0,0,0,0,0,1,0.2,0,0,0
Infused Arrows,14,204,0,14,8,240,0,0,0,1,0,1,4,0,1,0,0,0,0,0,1,0,0,0,0,0.2,0,0,0
Initiate of Blood,17,148,0,14,22,201,1,1,0,1,2,1,4,0,1,0,0,0,0,0,0,1,0,0,1,0.21,0,0,0
Inkfathom Infiltrator,21,55,150,13,24,263,2,2,0,1,2,1,2,0,1,0,0,0,0,0,0,1,0,0,2,0.94,0,0,0
Inkfathom Witch,15,177,101,16,25,334,2,2,0,1,2,1,2,0,1,0,0,0,0,0,0,1,0,0,1,0.2,0,0,0
Inner Struggle,14,58,72,15,7,166,1,1,0,1,0,1,4,0,1,0,0,1,0,0,0,0,0,0,1,0.21,0,0,0
Inner-Chamber Guard,19,94,146,12,24,295,1,1,0,1,2,1,2,0,1,0,0,0,0,0,0,1,0,0,1,0.25,0,0,0
Inner-Flame Igniter,19,180,27,13,28,267,1,1,0,1,2,1,3,0,1,0,0,0,0,0,0,1,0,0,1,0.2,0,0,0
Innocence Kami,14,96,41,8,17,176,1,1,0,1,1,1,5,0,1,0,0,0,0,0,0,1,0,0,2,0.2,0,0,0
Inquisition of Kozilek,22,140,64,16,7,249,1,1,0,1,0,1,1,0,1,0,0,0,1,0,0,0,0,0,1,4.49,1,0,0
Inquisitor Exarch,17,110,109,13,17,266,1,1,0,1,1,1,2,0,1,0,0,0,0,0,0,1,0,0,2,0.2,0,0,0
Inquisitor's Flail,18,218,0,13,20,269,0,0,0,1,1,1,2,0,1,0,0,0,0,0,1,0,0,0,0,0.23,0,0,0
Insatiable Gorgers,18,186,58,9,28,299,1,1,0,1,2,1,4,0,1,0,0,0,0,0,0,1,0,0,2,0.2,0,0,0
Insatiable Harpy,16,16,93,12,16,153,1,1,0,1,1,1,4,0,1,0,0,0,0,0,0,1,0,0,2,0.18,0,0,0
Inspired Sprite,15,116,0,14,24,169,1,1,0,1,2,1,4,0,1,0,0,0,0,0,0,1,0,0,1,0.22,0,0,0
Inspiring Call,14,124,0,9,7,154,1,1,0,1,0,1,3,0,1,0,0,1,0,0,0,0,0,0,1,0.32,0,0,0
Inspiring Cleric,16,62,96,14,25,213,1,1,0,1,2,1,3,0,1,0,0,0,0,0,0,1,0,0,1,0.19,0,0,0
Inspirit,8,55,216,12,7,298,1,1,0,1,0,1,3,0,1,0,0,1,0,0,0,0,0,0,1,0.22,0,0,0
Instill Furor,13,130,105,10,18,276,1,1,0,1,1,1,2,0,1,0,0,0,0,1,0,0,0,0,1,0.21,0,0,0
Intangible Virtue,17,57,128,13,11,226,1,1,0,1,0,1,2,0,1,0,0,0,0,1,0,0,0,0,1,0.24,0,0,0
Interpret the Signs,19,252,0,16,7,294,1,1,0,1,0,1,6,0,1,0,0,0,1,0,0,0,0,0,1,0.2,0,0,0
Intimidation Bolt,17,92,93,16,7,225,2,2,0,1,0,1,3,0,1,0,0,1,0,0,0,0,0,0,2,0.27,0,0,0
Into the Core,13,27,101,12,7,160,1,1,0,1,0,1,4,0,1,0,0,1,0,0,0,0,0,0,2,0.18,0,0,0
Into the Maw of Hell,20,77,99,16,7,219,1,1,0,1,0,1,6,0,1,0,0,0,1,0,0,0,0,0,2,0.19,0,0,0
Into the Void,13,57,125,7,7,209,1,1,0,1,0,1,4,0,1,0,0,0,1,0,0,0,0,0,1,0.19,0,0,0
Into the Void,13,57,125,7,7,209,1,1,0,1,0,1,4,0,1,0,0,0,1,0,0,0,0,0,1,0.2,0,0,0
Into the Void,13,57,125,7,7,209,1,1,0,1,0,1,4,0,1,0,0,0,1,0,0,0,0,0,1,0.25,0,0,0
Invasive Surgery,16,298,0,15,7,336,1,1,0,1,0,1,1,0,1,0,0,1,0,0,0,0,0,0,1,0.23,0,0,0
Inventor's Apprentice,21,68,136,13,26,264,1,1,0,1,2,1,1,0,1,0,0,0,0,0,0,1,0,0,1,0.24,0,0,0
Invert the Skies,16,221,0,14,7,258,2,2,0,1,0,1,4,0,1,0,0,1,0,0,0,0,0,0,1,0.21,0,0,0
Invigorated Rampage,19,152,75,16,7,269,1,1,0,1,0,1,2,0,1,0,0,1,0,0,0,0,0,0,1,0.26,0,0,0
Invisibility,12,69,108,12,18,219,1,1,0,1,1,1,2,0,1,0,0,0,0,1,0,0,0,0,2,0.21,0,0,0
Invisible Stalker,17,127,91,8,22,265,1,1,0,1,2,1,2,0,1,0,0,0,0,0,0,1,0,0,1,0.63,0,0,0
Iona's Blessing,15,112,93,13,18,251,1,1,0,1,1,1,4,0,1,0,0,0,0,1,0,0,0,0,1,0.2,0,0,0
Ipnu Rivulet,12,195,0,11,13,231,0,1,-1,1,1,1,0,0,1,0,0,0,0,0,0,0,1,0,0,0.34,0,0,0
Iroas's Champion,16,80,105,11,24,236,2,2,0,1,2,1,3,0,1,0,0,0,0,0,0,1,0,0,2,0.21,0,0,0
Iron League Steed,17,145,62,14,29,267,0,0,0,2,1,1,4,0,1,0,0,0,0,0,1,1,0,0,0,0.17,0,0,0
Iron Star,9,81,28,15,8,141,0,0,0,1,0,1,1,0,1,0,0,0,0,0,1,0,0,0,0,0.2,0,0,0
Iron-Barb Hellion,17,36,93,12,24,182,1,1,0,1,2,1,6,0,1,0,0,0,0,0,0,1,0,0,1,0.2,0,0,0
Ironclad Revolutionary,22,174,84,14,31,325,1,1,0,1,2,1,6,0,1,0,0,0,0,0,0,1,0,0,2,0.2,0,0,0
Irresistible Prey,17,63,124,13,7,224,1,1,0,1,0,1,1,0,1,0,0,0,1,0,0,0,0,0,1,0.18,0,0,0
Isochron Scepter,16,239,0,13,8,276,0,0,0,1,0,1,2,0,1,0,0,0,0,0,1,0,0,0,0,3.69,1,0,0
Isolation Cell,14,96,106,12,8,236,0,0,0,1,0,1,4,0,1,0,0,0,0,0,1,0,0,0,0,0.2,0,0,0
It That Rides as One,20,31,87,7,25,170,0,1,-1,1,2,1,2,0,1,0,0,0,0,0,0,1,0,0,0,0.35,0,0,0
Ivory Crane Netsuke,19,90,103,16,8,236,0,0,0,1,0,1,2,0,1,0,0,0,0,0,1,0,0,0,0,0.22,0,0,0
Ivory Cup,9,83,30,15,8,145,0,0,0,1,0,1,1,0,1,0,0,0,0,0,1,0,0,0,0,0.2,0,0,0
Ivy Dancer,10,125,76,14,23,248,1,1,0,1,2,1,3,0,1,0,0,0,0,0,0,1,0,0,1,0.21,0,0,0
Ixalan's Binding,16,216,45,11,11,299,1,1,0,1,0,1,4,0,1,0,0,0,0,1,0,0,0,0,1,0.43,0,0,0
Izzet Charm,11,170,0,12,7,200,2,2,0,1,0,1,2,0,1,0,0,1,0,0,0,0,0,0,2,0.32,0,0,0
Izzet Guildmage,15,289,0,10,23,337,2,2,0,1,2,1,2,0,1,0,0,0,0,0,0,1,0,0,2,0.3,0,0,0
Izzet Keyrune,13,239,0,16,8,276,0,2,-2,1,0,1,3,0,1,0,0,0,0,0,1,0,0,0,0,0.19,0,0,0
Izzet Staticaster,17,191,0,16,23,247,2,2,0,1,2,1,3,0,1,0,0,0,0,0,0,1,0,0,2,0.26,0,0,0
Jace's Defeat,13,71,75,13,7,179,1,1,0,1,0,1,2,0,1,0,0,1,0,0,0,0,0,0,1,0.22,0,0,0
Jace's Ingenuity,16,17,85,13,7,138,1,1,0,1,0,1,5,0,1,0,0,1,0,0,0,0,0,0,2,0.2,0,0,0
Jace's Ingenuity,16,17,85,13,7,138,1,1,0,1,0,1,5,0,1,0,0,1,0,0,0,0,0,0,2,0.22,0,0,0
Jace's Phantasm,15,103,85,12,19,234,1,1,0,1,1,1,1,0,1,0,0,0,0,0,0,1,0,0,1,1.05,1,0,0
Jace's Sentinel,15,92,86,12,26,231,1,1,0,1,2,1,2,0,1,0,0,0,0,0,0,1,0,0,1,0.25,0,0,0
Jaddi Lifestrider,17,155,57,13,20,262,1,1,0,1,1,1,5,0,1,0,0,0,0,0,0,1,0,0,1,0.19,0,0,0
Jaddi Offshoot,14,95,37,7,16,169,1,1,0,1,1,1,1,0,1,0,0,0,0,0,0,1,0,0,1,0.2,0,0,0
Jade Idol,9,111,219,12,8,359,0,0,0,1,0,1,4,0,1,0,0,0,0,0,1,0,0,0,0,0.2,0,0,0
Jade Mage,9,52,114,4,23,202,1,1,0,1,2,1,2,0,1,0,0,0,0,0,0,1,0,0,1,0.2,0,0,0
Jagged Poppet,13,209,27,13,23,285,2,2,0,1,2,1,3,0,1,0,0,0,0,0,0,1,0,0,2,0.23,0,0,0
Jagged-Scar Archers,19,181,0,13,21,234,1,1,0,1,2,1,3,0,1,0,0,0,0,0,0,1,0,0,2,1.62,1,0,0
Janjeet Sentry,14,148,98,9,27,296,1,1,0,1,2,1,3,0,1,0,0,0,0,0,0,1,0,0,1,0.18,0,0,0
Jaws of Stone,13,177,85,29,7,311,1,1,0,1,0,1,6,0,1,0,0,0,1,0,0,0,0,0,1,0.2,0,0,0
Jayemdae Tome,13,22,114,15,8,172,0,0,0,1,0,1,4,0,1,0,0,0,0,0,1,0,0,0,0,0.17,0,0,0
Jayemdae Tome,13,22,114,15,8,172,0,0,0,1,0,1,4,0,1,0,0,0,0,0,1,0,0,0,0,0.21,0,0,0
Jelenn Sphinx,13,104,92,11,17,237,2,2,0,1,1,1,5,0,1,0,0,0,0,0,0,1,0,0,2,0.19,0,0,0
Jeskai Barricade,16,194,0,12,15,237,1,1,0,1,1,1,2,0,1,0,0,0,0,0,0,1,0,0,1,0.19,0,0,0
Jeskai Charm,12,186,0,15,7,220,3,3,0,1,0,1,3,0,1,0,0,1,0,0,0,0,0,0,3,0.24,0,0,0
Jeskai Elder,12,195,0,16,21,244,1,1,0,1,2,1,2,0,1,0,0,0,0,0,0,1,0,0,1,0.2,0,0,0
Jetting Glasskite,17,135,115,10,17,294,1,1,0,1,1,1,6,0,1,0,0,0,0,0,0,1,0,0,2,0.22,0,0,0
Jhessian Balmgiver,18,139,68,13,23,261,2,2,0,1,2,1,3,0,1,0,0,0,0,0,0,1,0,0,2,0.21,0,0,0
Jhessian Infiltrator,20,38,115,15,22,210,2,2,0,1,2,1,2,0,1,0,0,0,0,0,0,1,0,0,2,0.3,0,0,0
Jhessian Thief,14,162,68,14,22,280,1,1,0,1,2,1,3,0,1,0,0,0,0,0,0,1,0,0,1,0.22,0,0,0
Jodah's Avenger,15,213,0,12,23,263,1,1,0,1,1,1,6,0,1,0,0,0,0,0,0,1,0,0,1,0.21,0,0,0
Joraga Auxiliary,16,88,116,13,27,260,2,2,0,1,3,1,3,0,1,0,0,0,0,0,0,1,0,0,2,0.18,0,0,0
Joraga Invocation,17,93,102,13,7,232,1,1,0,1,0,1,6,0,1,0,0,0,1,0,0,0,0,0,2,0.2,0,0,0
Joraga Treespeaker,18,204,0,20,20,262,1,1,0,1,2,1,1,0,1,0,0,0,0,0,0,1,0,0,1,1.79,1,0,0
Jorubai Murk Lurker,19,202,0,13,16,250,1,2,-1,1,1,1,3,0,1,0,0,0,0,0,0,1,0,0,1,0.21,0,0,0
Jotun Grunt,11,245,0,15,24,295,1,1,0,1,2,1,2,0,1,0,0,0,0,0,0,1,0,0,1,0.25,0,0,0
Jotun Owl Keeper,16,285,0,11,16,328,1,2,-1,1,1,1,3,0,1,0,0,0,0,0,0,1,0,0,1,0.11,0,0,0
Judge's Familiar,16,106,76,9,15,222,2,2,0,1,1,1,1,0,1,0,0,0,0,0,0,1,0,0,1,0.37,0,0,0
Juggernaut,10,77,134,12,30,263,0,0,0,2,1,1,4,0,1,0,0,0,0,0,1,1,0,0,0,0.2,0,0,0
Juggernaut,10,77,104,10,30,231,0,0,0,2,1,1,4,0,1,0,0,0,0,0,1,1,0,0,0,0.2,0,0,0
Juggernaut,10,77,91,10,30,218,0,0,0,2,1,1,4,0,1,0,0,0,0,0,1,1,0,0,0,0.2,0,0,0
Juggernaut,10,77,134,12,30,263,0,0,0,2,1,1,4,0,1,0,0,0,0,0,1,1,0,0,0,0.22,0,0,0
Jund Battlemage,15,92,71,12,23,213,1,3,-2,1,2,1,3,0,1,0,0,0,0,0,0,1,0,0,1,0.2,0,0,0
Jund Charm,10,153,78,17,7,265,3,3,0,1,0,1,3,0,1,0,0,1,0,0,0,0,0,0,3,0.29,0,0,0
Jungle Shrine,13,89,108,14,4,228,0,3,-3,1,0,1,0,0,1,0,0,0,0,0,0,0,1,0,0,0.7,0,0,0
Juniper Order Ranger,20,150,87,16,23,296,2,2,0,1,2,1,5,0,1,0,0,0,0,0,0,1,0,0,2,0.71,0,0,0
Junktroller,11,114,41,6,25,197,0,0,0,2,1,1,4,0,1,0,0,0,0,0,1,1,0,0,0,0.3,0,0,0
Jwar Isle Refuge,16,149,0,20,4,189,0,2,-2,1,0,1,0,0,1,0,0,0,0,0,0,0,1,0,0,0.35,0,0,0
Kabira Vindicator,17,187,0,15,23,242,1,1,0,1,2,1,4,0,1,0,0,0,0,0,0,1,0,0,1,0.2,0,0,0
Kaijin of the Vanishing Touch,29,200,71,14,17,331,1,1,0,1,1,1,2,0,1,0,0,0,0,0,0,1,0,0,1,0.25,0,0,0
Kalonian Tusker,15,0,75,15,16,121,1,1,0,1,1,1,2,0,1,0,0,0,0,0,0,1,0,0,2,0.24,0,0,0
Kami of Lunacy,14,148,0,11,17,190,1,1,0,1,1,1,6,0,1,0,0,0,0,0,0,1,0,0,2,0.2,0,0,0
Kami of Old Stone,17,0,181,14,17,229,1,1,0,1,1,1,4,0,1,0,0,0,0,0,0,1,0,0,1,0.21,0,0,0
Kami of Old Stone,17,0,181,14,17,229,1,1,0,1,1,1,4,0,1,0,0,0,0,0,0,1,0,0,1,0.23,0,0,0
Kami of the Honored Dead,24,224,0,8,17,273,1,1,0,1,1,1,7,0,1,0,0,0,0,0,0,1,0,0,2,0.23,0,0,0
Kami of the Palace Fields,25,162,0,12,17,216,1,1,0,1,1,1,6,0,1,0,0,0,0,0,0,1,0,0,1,0.2,0,0,0
Kami of the Tended Garden,25,230,0,14,17,286,1,1,0,1,1,1,4,0,1,0,0,0,0,0,0,1,0,0,1,0.2,0,0,0
Kapsho Kitefins,15,136,90,8,15,264,1,1,0,1,1,1,6,0,1,0,0,0,0,0,0,1,0,0,2,0.2,0,0,0
Karametra's Acolyte,19,169,48,11,22,269,1,1,0,1,2,1,4,0,1,0,0,0,0,0,0,1,0,0,1,0.21,0,0,0
Karma,5,125,0,12,11,153,1,1,0,1,0,1,4,0,1,0,0,0,0,1,0,0,0,0,2,0.2,0,0,0
Karplusan Strider,17,62,93,9,15,196,1,1,0,1,1,1,4,0,1,0,0,0,0,0,0,1,0,0,1,0.2,0,0,0
Karplusan Strider,17,62,93,9,15,196,1,1,0,1,1,1,4,0,1,0,0,0,0,0,0,1,0,0,1,0.22,0,0,0
Karstoderm,10,150,0,13,16,189,1,1,0,1,1,1,4,0,1,0,0,0,0,0,0,1,0,0,2,0.19,0,0,0
Kashi-Tribe Elite,17,235,0,12,24,288,1,1,0,1,2,1,3,0,1,0,0,0,0,0,0,1,0,0,2,0.62,0,0,0
Kashi-Tribe Reaver,18,181,0,17,24,240,1,1,0,1,2,1,4,0,1,0,0,0,0,0,0,1,0,0,1,0.21,0,0,0
Kathari Remnant,15,280,0,17,24,336,2,2,0,1,2,1,4,0,1,0,0,0,0,0,0,1,0,0,2,0.22,0,0,0
Kavu Predator,13,87,87,9,15,211,1,1,0,1,1,1,2,0,1,0,0,0,0,0,0,1,0,0,1,0.45,0,0,0
Kazandu Blademaster,19,163,93,15,29,319,1,1,0,1,3,1,2,0,1,0,0,0,0,0,0,1,0,0,2,0.9,0,0,0
Kazandu Refuge,14,145,0,15,4,178,0,2,-2,1,0,1,0,0,1,0,0,0,0,0,0,0,1,0,0,0.24,0,0,0
Kazuul's Toll Collector,23,130,67,12,23,255,1,1,0,1,2,1,3,0,1,0,0,0,0,0,0,1,0,0,1,0.21,0,0,0
Keen Sense,10,94,102,10,18,234,1,1,0,1,1,1,1,0,1,0,0,0,0,1,0,0,0,0,1,2.1,1,0,0
Keening Banshee,15,97,107,12,17,248,1,1,0,1,1,1,4,0,1,0,0,0,0,0,0,1,0,0,2,0.21,0,0,0
Keepsake Gorgon,15,221,0,12,17,265,1,1,0,1,1,1,5,0,1,0,0,0,0,0,0,1,0,0,2,0.19,0,0,0
Kefnet's Monument,17,180,114,12,18,341,0,0,0,1,0,1,3,0,1,0,1,0,0,0,1,0,0,0,0,0.22,0,0,0
Keldon Megaliths,16,222,0,13,4,255,0,1,-1,1,0,1,0,0,1,0,0,0,0,0,0,0,1,0,0,0.23,0,0,0
Kemba's Legion,14,116,77,17,22,246,1,1,0,1,2,1,7,0,1,0,0,0,0,0,0,1,0,0,2,0.2,0,0,0
Kemuri-Onna,11,163,0,6,17,197,1,1,0,1,1,1,5,0,1,0,0,0,0,0,0,1,0,0,1,0.2,0,0,0
Kessig Forgemaster,18,217,0,13,32,280,1,1,0,1,3,1,2,0,1,0,0,0,0,0,0,1,0,0,1,0.24,0,0,0
Kessig Malcontents,18,123,54,11,24,230,1,1,0,1,2,1,3,0,1,0,0,0,0,0,0,1,0,0,1,0.18,0,0,0
Kessig Prowler,14,33,71,15,26,159,1,1,0,1,2,1,1,0,1,0,0,0,0,0,0,1,0,0,1,0.21,0,0,0
Khalni Gem,10,145,59,15,8,237,0,0,0,1,0,1,4,0,1,0,0,0,0,0,1,0,0,0,0,0.2,0,0,0
Khenra Charioteer,17,49,46,12,25,149,2,2,0,1,2,1,3,0,1,0,0,0,0,0,0,1,0,0,2,0.19,0,0,0
Kheru Bloodsucker,17,191,72,16,18,314,1,1,0,1,1,1,3,0,1,0,0,0,0,0,0,1,0,0,1,0.2,0,0,0
Kiku's Shadow,13,58,103,12,7,193,1,1,0,1,0,1,2,0,1,0,0,0,1,0,0,0,0,0,2,0.25,0,0,0
Killing Glare,13,45,52,16,7,133,1,1,0,1,0,1,1,0,1,0,0,1,0,0,0,0,0,0,1,0.19,0,0,0
Kiln Walker,11,62,84,11,29,197,0,0,0,2,1,1,3,0,1,0,0,0,0,0,1,1,0,0,0,0.19,0,0,0
Kindle the Carnage,18,176,71,11,7,283,1,1,0,1,0,1,3,0,1,0,0,0,1,0,0,0,0,0,2,0.22,0,0,0
Kindly Stranger,15,140,70,13,16,254,1,1,0,1,1,1,3,0,1,0,0,0,0,0,0,1,0,0,1,0.2,0,0,0
King Cheetah,12,5,124,14,14,169,1,1,0,1,1,1,4,0,1,0,0,0,0,0,0,1,0,0,1,0.23,0,0,0
Kin-Tree Invocation,19,123,94,18,7,261,2,2,0,1,0,1,2,0,1,0,0,0,1,0,0,0,0,0,2,0.2,0,0,0
Kiora's Dismissal,17,148,0,15,7,187,1,1,0,1,0,1,1,0,1,0,0,1,0,0,0,0,0,0,1,0.2,0,0,0
Kiora's Follower,16,36,110,14,18,194,2,2,0,1,1,1,2,0,1,0,0,0,0,0,0,1,0,0,2,0.17,0,0,0
Kird Ape,8,52,28,14,14,116,1,1,0,1,1,1,1,0,1,0,0,0,0,0,0,1,0,0,1,1.18,1,0,0
Kird Chieftain,14,281,0,15,14,324,1,2,-1,1,1,1,4,0,1,0,0,0,0,0,0,1,0,0,1,0.2,0,0,0
Kiri-Onna,9,172,0,18,17,216,1,1,0,1,1,1,5,0,1,0,0,0,0,0,0,1,0,0,1,0.21,0,0,0
Kiss of the Amesha,18,47,169,13,7,254,2,2,0,1,0,1,6,0,1,0,0,0,1,0,0,0,0,0,2,0.2,0,0,0
Kitchen Finks,13,212,68,10,16,319,2,2,0,1,1,1,3,0,1,0,0,0,0,0,0,1,0,0,2,10.89,1,1,1
Kite Shield,11,110,101,11,20,253,0,0,0,1,1,1,0,0,1,0,0,0,0,0,1,0,0,0,0,0.25,0,0,0
Kitesail,8,125,65,20,20,238,0,0,0,1,1,1,2,0,1,0,0,0,0,0,1,0,0,0,0,0.18,0,0,0
Kitesail Freebooter,19,210,0,9,23,261,1,1,0,1,2,1,2,0,1,0,0,0,0,0,0,1,0,0,1,0.69,0,0,0
Kithkin Harbinger,17,163,44,14,25,263,1,1,0,1,2,1,3,0,1,0,0,0,0,0,0,1,0,0,1,0.27,0,0,0
Kithkin Mourncaller,19,106,120,16,24,285,1,1,0,1,2,1,3,0,1,0,0,0,0,0,0,1,0,0,1,0.2,0,0,0
Kithkin Rabble,14,108,138,11,18,289,1,1,0,1,1,1,4,0,1,0,0,0,0,0,0,1,0,0,1,0.23,0,0,0
Kitsune Palliator,17,94,95,11,21,238,1,1,0,1,2,1,3,0,1,0,0,0,0,0,0,1,0,0,1,0.21,0,0,0
Kjeldoran Gargoyle,18,87,123,15,19,262,1,1,0,1,1,1,6,0,1,0,0,0,0,0,0,1,0,0,1,0.22,0,0,0
Knight of Dusk,14,56,75,7,23,175,1,1,0,1,2,1,3,0,1,0,0,0,0,0,0,1,0,0,2,0.35,0,0,0
Knight of Glory,15,212,59,16,23,325,1,1,0,1,2,1,2,0,1,0,0,0,0,0,0,1,0,0,1,0.25,0,0,0
Knight of Infamy,16,212,53,16,23,320,1,1,0,1,2,1,2,0,1,0,0,0,0,0,0,1,0,0,1,0.22,0,0,0
Knight of Meadowgrain,21,93,123,16,25,278,1,1,0,1,2,1,2,0,1,0,0,0,0,0,0,1,0,0,2,1.73,1,0,0
Knight of Obligation,20,131,83,11,23,268,1,1,0,1,2,1,4,0,1,0,0,0,0,0,0,1,0,0,1,0.2,0,0,0
Knight of the Holy Nimbus,25,293,0,13,29,360,1,1,0,1,3,1,2,0,1,0,0,0,0,0,0,1,0,0,2,0.32,0,0,0
Knightly Valor,14,203,0,12,18,247,1,1,0,1,1,1,5,0,1,0,0,0,0,1,0,0,0,0,1,0.22,0,0,0
Knotvine Mystic,15,42,88,14,20,179,3,3,0,1,2,1,3,0,1,0,0,0,0,0,0,1,0,0,3,0.45,0,0,0
Knowledge and Power,19,111,59,9,11,209,1,1,0,1,0,1,5,0,1,0,0,0,0,1,0,0,0,0,1,0.2,0,0,0
Kolaghan Forerunners,20,267,0,14,26,327,1,1,0,1,2,1,3,0,1,0,0,0,0,0,0,1,0,0,1,0.21,0,0,0
Kolaghan Monument,17,151,83,16,8,275,0,2,-2,1,0,1,3,0,1,0,0,0,0,0,1,0,0,0,0,0.22,0,0,0
Konda's Hatamoto,16,233,0,15,24,288,1,1,0,1,2,1,2,0,1,0,0,0,0,0,0,1,0,0,1,0.24,0,0,0
Kor Aeronaut,12,187,0,13,22,234,1,1,0,1,2,1,2,0,1,0,0,0,0,0,0,1,0,0,2,0.2,0,0,0
Kor Bladewhirl,14,149,66,15,27,271,1,1,0,1,3,1,2,0,1,0,0,0,0,0,0,1,0,0,1,0.22,0,0,0
Kor Dirge,9,143,120,22,7,301,1,1,0,1,0,1,3,0,1,0,0,1,0,0,0,0,0,0,1,0.2,0,0,0
Kor Duelist,11,113,105,4,22,255,1,1,0,1,2,1,1,0,1,0,0,0,0,0,0,1,0,0,1,0.22,0,0,0
Kor Entanglers,14,132,102,15,27,290,1,1,0,1,3,1,5,0,1,0,0,0,0,0,0,1,0,0,1,0.2,0,0,0
Kor Firewalker,14,77,49,12,22,174,1,1,0,1,2,1,2,0,1,0,0,0,0,0,0,1,0,0,2,0.89,0,0,0
Korozda Gorgon,14,113,27,11,17,182,2,2,0,1,1,1,5,0,1,0,0,0,0,0,0,1,0,0,2,0.19,0,0,0
Korozda Guildmage,17,309,0,13,21,360,2,2,0,1,2,1,2,0,1,0,0,0,0,0,0,1,0,0,2,0.2,0,0,0
Kragma Warcaller,16,116,108,14,27,281,2,2,0,1,2,1,5,0,1,0,0,0,0,0,0,1,0,0,2,0.2,0,0,0
Kraken of the Straits,21,99,114,14,17,265,1,1,0,1,1,1,7,0,1,0,0,0,0,0,0,1,0,0,2,0.2,0,0,0
Kraken's Eye,12,58,83,12,8,173,0,0,0,1,0,1,2,0,1,0,0,0,0,0,1,0,0,0,0,0.19,0,0,0
Kraken's Eye,12,58,83,12,8,173,0,0,0,1,0,1,2,0,1,0,0,0,0,0,1,0,0,0,0,0.19,0,0,0
Kraken's Eye,12,58,36,12,8,126,0,0,0,1,0,1,2,0,1,0,0,0,0,0,1,0,0,0,0,0.2,0,0,0
Kraken's Eye,12,58,36,12,8,126,0,0,0,1,0,1,2,0,1,0,0,0,0,0,1,0,0,0,0,0.2,0,0,0
Kraken's Eye,12,58,36,12,8,126,0,0,0,1,0,1,2,0,1,0,0,0,0,0,1,0,0,0,0,0.2,0,0,0
Kraken's Eye,12,58,36,12,8,126,0,0,0,1,0,1,2,0,1,0,0,0,0,0,1,0,0,0,0,0.21,0,0,0
Krallenhorde Howler,19,158,0,16,19,212,1,1,0,1,1,1,2,0,1,0,0,0,0,0,0,1,0,0,0,0.89,0,0,0
Krark-Clan Engineers,20,54,90,12,27,203,1,1,0,1,2,1,4,0,1,0,0,0,0,0,0,1,0,0,1,0.21,0,0,0
Krark-Clan Ironworks,20,52,131,15,8,226,0,0,0,1,0,1,4,0,1,0,0,0,0,0,1,0,0,0,0,7.46,1,1,0
Krasis Incubation,17,209,0,11,18,255,2,2,0,1,1,1,4,0,1,0,0,0,0,1,0,0,0,0,2,0.19,0,0,0
Krosan Grip,11,169,107,29,7,323,1,1,0,1,0,1,3,0,1,0,0,1,0,0,0,0,0,0,1,1.72,1,0,0
Krovikan Rot,12,243,0,14,7,276,1,1,0,1,0,1,3,0,1,0,0,1,0,0,0,0,0,0,1,0.21,0,0,0
Krovikan Whispers,17,340,0,13,18,388,1,2,-1,1,1,1,4,0,1,0,0,0,0,1,0,0,0,0,1,0.22,0,0,0
Kuldotha Flamefiend,19,200,0,16,20,255,1,1,0,1,1,1,6,0,1,0,0,0,0,0,0,1,0,0,2,0.19,0,0,0
Kulrath Knight,14,155,77,7,27,280,2,2,0,1,2,1,5,0,1,0,0,0,0,0,0,1,0,0,2,3.35,1,0,0
Kumano's Pupils,15,84,147,16,23,285,1,1,0,1,2,1,5,0,1,0,0,0,0,0,0,1,0,0,1,0.2,0,0,0
Kumena's Speaker,16,80,94,12,25,227,1,1,0,1,2,1,1,0,1,0,0,0,0,0,0,1,0,0,1,0.35,0,0,0
Labyrinth Guardian,18,254,0,13,27,312,1,1,0,1,2,1,2,0,1,0,0,0,0,0,0,1,0,0,1,0.2,0,0,0
Lambholt Butcher,16,107,57,13,19,212,1,1,0,1,1,1,2,0,1,0,0,0,0,0,0,1,0,0,0,0.4,0,0,0
Lambholt Elder,14,92,120,12,25,263,1,1,0,1,2,1,3,0,1,0,0,0,0,0,0,1,0,0,1,0.21,0,0,0
Lambholt Pacifist,17,181,0,13,32,243,1,1,0,1,3,1,2,0,1,0,0,0,0,0,0,1,0,0,1,0.4,0,0,0
Lammastide Weave,16,200,43,11,7,277,1,1,0,1,0,1,2,0,1,0,0,1,0,0,0,0,0,0,1,0.2,0,0,0
Landbind Ritual,15,44,117,14,7,197,1,1,0,1,0,1,5,0,1,0,0,0,1,0,0,0,0,0,2,0.2,0,0,0
Lantern of Insight,18,137,51,15,8,229,0,0,0,1,0,1,1,0,1,0,0,0,0,0,1,0,0,0,0,3.72,1,0,0
Lantern Spirit,14,54,127,12,17,224,1,1,0,1,1,1,3,0,1,0,0,0,0,0,0,1,0,0,1,0.17,0,0,0
Lantern-Lit Graveyard,21,135,0,9,4,169,0,2,-2,1,0,1,0,0,1,0,0,0,0,0,0,0,1,0,0,0.23,0,0,0
Lashweed Lurker,15,242,0,13,25,295,0,2,-2,1,2,1,8,0,1,0,0,0,0,0,0,1,0,0,0,0.2,0,0,0
Latch Seeker,12,30,67,13,17,139,1,1,0,1,1,1,3,0,1,0,0,0,0,0,0,1,0,0,2,0.2,0,0,0
Lavacore Elemental,18,288,0,10,20,336,1,1,0,1,1,1,3,0,1,0,0,0,0,0,0,1,0,0,1,0.22,0,0,0
Lay Bare the Heart,18,121,79,13,7,238,1,1,0,1,0,1,2,0,1,0,0,0,1,0,0,0,0,0,1,0.26,0,0,0
Lay Claim,9,101,88,12,18,228,1,1,0,1,1,1,7,0,1,0,0,0,0,1,0,0,0,0,2,0.21,0,0,0
Lead the Stampede,17,203,0,14,7,241,1,1,0,1,0,1,3,0,1,0,0,0,1,0,0,0,0,0,1,0.24,0,0,0
Leafdrake Roost,15,108,96,13,18,250,2,2,0,1,1,1,5,0,1,0,0,0,0,1,0,0,0,0,2,0.22,0,0,0
Learn from the Past,19,81,119,11,7,237,1,1,0,1,0,1,4,0,1,0,0,1,0,0,0,0,0,0,1,0.22,0,0,0
Leashling,9,87,33,14,25,168,0,0,0,2,1,1,6,0,1,0,0,0,0,0,1,1,0,0,0,0.22,0,0,0
Leatherback Baloth,18,0,108,12,16,154,1,1,0,1,1,1,3,0,1,0,0,0,0,0,0,1,0,0,3,0.98,0,0,0
Leech Bonder,12,170,59,10,26,277,1,1,0,1,2,1,3,0,1,0,0,0,0,0,0,1,0,0,1,0.25,0,0,0
Leeching Sliver,15,69,116,15,17,232,1,1,0,1,1,1,2,0,1,0,0,0,0,0,0,1,0,0,1,0.29,0,0,0
Leechridden Swamp,17,192,0,15,12,236,0,1,-1,1,1,1,0,0,1,0,0,0,0,0,0,0,1,0,0,0.97,0,0,0
Leonin Battlemage,17,110,104,14,21,266,1,1,0,1,2,1,4,0,1,0,0,0,0,0,0,1,0,0,1,0.24,0,0,0
Leonin Bladetrap,16,175,0,14,8,213,0,0,0,1,0,1,3,0,1,0,0,0,0,0,1,0,0,0,0,0.19,0,0,0
Leonin Iconoclast,17,124,83,14,19,257,1,1,0,1,2,1,4,0,1,0,0,0,0,0,0,1,0,0,1,0.2,0,0,0
Leonin Relic-Warder,19,212,0,12,21,264,1,1,0,1,2,1,2,0,1,0,0,0,0,0,0,1,0,0,2,0.2,0,0,0
Leonin Scimitar,15,110,160,12,20,317,0,0,0,1,1,1,1,0,1,0,0,0,0,0,1,0,0,0,0,0.25,0,0,0
Leonin Skyhunter,16,6,106,10,21,159,1,1,0,1,2,1,2,0,1,0,0,0,0,0,0,1,0,0,2,0.22,0,0,0
Leonin Skyhunter,16,6,106,10,21,159,1,1,0,1,2,1,2,0,1,0,0,0,0,0,0,1,0,0,2,0.29,0,0,0
Lesser Gargadon,15,61,136,13,16,241,1,1,0,1,1,1,4,0,1,0,0,0,0,0,0,1,0,0,2,0.21,0,0,0
Levitation,10,34,79,10,11,144,1,1,0,1,0,1,4,0,1,0,0,0,0,1,0,0,0,0,2,0.19,0,0,0
Levitation,10,34,108,10,11,173,1,1,0,1,0,1,4,0,1,0,0,0,0,1,0,0,0,0,2,0.2,0,0,0
Levitation,10,34,97,14,11,166,1,1,0,1,0,1,4,0,1,0,0,0,0,1,0,0,0,0,2,0.24,0,0,0
Ley Druid,9,23,117,20,22,191,1,1,0,1,2,1,3,0,1,0,0,0,0,0,0,1,0,0,1,0.21,0,0,0
Lifecraft Awakening,19,133,58,12,7,229,1,1,0,1,0,1,1,0,1,0,0,1,0,0,0,0,0,0,1,0.21,0,0,0
Lifecrafter's Gift,18,121,68,13,7,227,1,1,0,1,0,1,4,0,1,0,0,1,0,0,0,0,0,0,1,0.19,0,0,0
Lifesmith,9,81,81,14,26,211,1,1,0,1,2,1,2,0,1,0,0,0,0,0,0,1,0,0,1,0.19,0,0,0
Lifespinner,11,147,88,11,17,274,1,1,0,1,1,1,4,0,1,0,0,0,0,0,0,1,0,0,1,0.27,0,0,0
Lightform,9,337,0,14,11,371,1,1,0,1,0,1,3,0,1,0,0,0,0,1,0,0,0,0,2,0.21,0,0,0
Lightkeeper of Emeria,21,194,0,11,16,242,1,1,0,1,1,1,4,0,1,0,0,0,0,0,0,1,0,0,1,0.23,0,0,0
Lightning Axe,13,120,73,14,7,227,1,1,0,1,0,1,1,0,1,0,0,1,0,0,0,0,0,0,1,0.55,0,0,0
Lightning Berserker,19,233,0,13,26,291,1,1,0,1,2,1,1,0,1,0,0,0,0,0,0,1,0,0,1,0.28,0,0,0
Lightning Blast,15,60,89,14,7,185,1,1,0,1,0,1,4,0,1,0,0,1,0,0,0,0,0,0,1,0.21,0,0,0
Lightning Greaves,17,98,0,13,20,148,0,0,0,1,1,1,2,0,1,0,0,0,0,0,1,0,0,0,0,4,1,0,0
Lightning Helix,15,80,161,10,7,273,2,2,0,1,0,1,2,0,1,0,0,1,0,0,0,0,0,0,2,4.84,1,0,0
Lightning Mauler,16,252,0,12,26,306,1,1,0,1,2,1,2,0,1,0,0,0,0,0,0,1,0,0,1,0.22,0,0,0
Lightning Prowess,17,115,75,12,18,237,1,1,0,1,1,1,3,0,1,0,0,0,0,1,0,0,0,0,1,0.18,0,0,0
Lightning Storm,15,298,0,12,7,332,1,1,0,1,0,1,3,0,1,0,0,1,0,0,0,0,0,0,2,1.5,1,0,0
Lightning Strike,16,61,56,16,7,156,1,1,0,1,0,1,2,0,1,0,0,1,0,0,0,0,0,0,1,0.24,0,0,0
Lightning Volley,16,111,108,9,7,251,1,1,0,1,0,1,4,0,1,0,0,1,0,0,0,0,0,0,1,0.2,0,0,0
Lightning-Rig Crew,18,116,47,14,24,219,1,1,0,1,2,1,3,0,1,0,0,0,0,0,0,1,0,0,1,0.2,0,0,0
Liliana's Caress,16,63,66,12,11,168,1,1,0,1,0,1,2,0,1,0,0,0,0,1,0,0,0,0,1,3,1,0,0
Liliana's Defeat,16,127,86,13,7,249,1,1,0,1,0,1,1,0,1,0,0,0,1,0,0,0,0,0,1,0.24,0,0,0
Liliana's Elite,15,68,60,20,17,180,1,1,0,1,1,1,3,0,1,0,0,0,0,0,0,1,0,0,1,0.2,0,0,0
Liliana's Indignation,21,140,93,7,7,268,1,1,0,1,0,1,1,0,1,0,0,0,1,0,0,0,0,0,1,0.2,0,0,0
Limits of Solidarity,20,156,89,16,7,288,1,1,0,1,0,1,4,0,1,0,0,0,1,0,0,0,0,0,1,0.2,0,0,0
Lingering Souls,15,157,91,8,7,278,1,2,-1,1,0,1,3,0,1,0,0,0,1,0,0,0,0,0,1,0.72,0,0,0
Lingering Tormentor,19,243,56,13,17,348,1,1,0,1,1,1,4,0,1,0,0,0,0,0,0,1,0,0,1,0.27,0,0,0
Liquimetal Coating,18,91,99,12,8,228,0,0,0,1,0,1,2,0,1,0,0,0,0,0,1,0,0,0,0,0.3,0,0,0
Living Terrain,14,81,52,15,18,180,1,1,0,1,1,1,4,0,1,0,0,0,0,1,0,0,0,0,2,0.23,0,0,0
Living Tsunami,14,122,49,12,20,217,1,1,0,1,1,1,4,0,1,0,0,0,0,0,0,1,0,0,2,0.19,0,0,0
Llanowar Behemoth,17,85,142,13,20,277,1,1,0,1,1,1,5,0,1,0,0,0,0,0,0,1,0,0,2,0.2,0,0,0
Llanowar Behemoth,17,85,142,10,20,274,1,1,0,1,1,1,5,0,1,0,0,0,0,0,0,1,0,0,2,0.23,0,0,0
Llanowar Mentor,15,132,0,15,26,188,1,1,0,1,2,1,1,0,1,0,0,0,0,0,0,1,0,0,1,0.4,0,0,0
Llanowar Reborn,15,246,0,13,4,278,0,1,-1,1,0,1,0,0,1,0,0,0,0,0,0,0,1,0,0,0.36,0,0,0
Loam Dweller,12,111,180,13,17,333,1,1,0,1,1,1,2,0,1,0,0,0,0,0,0,1,0,0,1,0.24,0,0,0
Loam Lion,9,53,112,16,14,204,1,1,0,1,1,1,1,0,1,0,0,0,0,0,0,1,0,0,1,0.33,0,0,0
Locket of Yesterdays,20,103,172,11,8,314,0,0,0,1,0,1,1,0,1,0,0,0,0,0,1,0,0,0,0,0.25,0,0,0
Lockjaw Snapper,15,162,0,11,29,217,0,0,0,2,1,1,4,0,1,0,0,0,0,0,1,1,0,0,0,0.32,0,0,0
Locust Miser,12,52,109,12,21,206,1,1,0,1,2,1,4,0,1,0,0,0,0,0,0,1,0,0,2,0.64,0,0,0
Lone Rider,10,118,60,7,23,218,1,1,0,1,2,1,2,0,1,0,0,0,0,0,0,1,0,0,1,0.35,0,0,0
Lone Wolf of the Natterknolls,29,189,35,9,19,281,1,1,0,1,1,1,3,0,1,0,0,0,0,0,0,1,0,0,0,0.2,0,0,0
Long Road Home,14,151,78,19,7,269,1,1,0,1,0,1,2,0,1,0,0,1,0,0,0,0,0,0,1,0.19,0,0,0
Long-Finned Skywhale,20,65,147,12,16,260,1,1,0,1,1,1,4,0,1,0,0,0,0,0,0,1,0,0,2,0.17,0,0,0
Longtusk Cub,12,141,26,12,14,205,1,1,0,1,1,1,2,0,1,0,0,0,0,0,0,1,0,0,1,0.81,0,0,0
Lookout's Dispersal,19,120,116,8,7,270,1,1,0,1,0,1,3,0,1,0,0,1,0,0,0,0,0,0,1,0.25,0,0,0
Looming Hoverguard,18,105,67,16,16,222,1,1,0,1,1,1,6,0,1,0,0,0,0,0,0,1,0,0,2,0.19,0,0,0
Lord of the Accursed,20,92,42,18,17,189,1,1,0,1,1,1,3,0,1,0,0,0,0,0,0,1,0,0,1,0.7,0,0,0
Lore Broker,11,52,62,12,22,159,1,1,0,1,2,1,2,0,1,0,0,0,0,0,0,1,0,0,1,0.24,0,0,0
Lorescale Coatl,15,73,115,12,16,231,2,2,0,1,1,1,3,0,1,0,0,0,0,0,0,1,0,0,2,0.47,0,0,0
Lost Auramancers,16,366,0,17,23,422,1,1,0,1,2,1,4,0,1,0,0,0,0,0,0,1,0,0,2,0.52,0,0,0
Lotus-Eye Mystics,17,204,36,9,21,287,1,1,0,1,2,1,4,0,1,0,0,0,0,0,0,1,0,0,1,0.21,0,0,0
Loxodon Stalwart,16,61,100,13,27,217,1,1,0,1,2,1,5,0,1,0,0,0,0,0,0,1,0,0,2,0.2,0,0,0
Loxodon Warhammer,17,68,0,13,20,118,0,0,0,1,1,1,3,0,1,0,0,0,0,0,1,0,0,0,0,0.56,0,0,0
Loyal Gyrfalcon,15,99,89,13,15,231,1,1,0,1,1,1,4,0,1,0,0,0,0,0,0,1,0,0,1,0.22,0,0,0
Lumberknot,10,152,81,14,19,276,1,1,0,1,1,1,4,0,1,0,0,0,0,0,0,1,0,0,2,0.19,0,0,0
Lumengrid Gargoyle,18,6,130,13,28,195,0,0,0,2,1,1,6,0,1,0,0,0,0,0,1,1,0,0,0,0.18,0,0,0
Lumengrid Sentinel,18,100,132,16,23,289,1,1,0,1,2,1,3,0,1,0,0,0,0,0,0,1,0,0,1,0.2,0,0,0
Luminesce,9,75,176,11,7,278,1,1,0,1,0,1,1,0,1,0,0,1,0,0,0,0,0,0,1,0.23,0,0,0
Luminesce,9,75,176,11,7,278,1,1,0,1,0,1,1,0,1,0,0,1,0,0,0,0,0,0,1,0.23,0,0,0
Luminous Wake,13,80,113,11,18,235,1,1,0,1,1,1,3,0,1,0,0,0,0,1,0,0,0,0,1,0.22,0,0,0
Lunar Avenger,13,234,0,13,25,285,0,0,0,2,1,1,7,0,1,0,0,0,0,0,1,1,0,0,0,0.21,0,0,0
Lunar Force,11,77,83,14,11,196,1,1,0,1,0,1,3,0,1,0,0,0,0,1,0,0,0,0,1,0.2,0,0,0
Lunarch Inquisitors,19,143,57,14,23,256,1,1,0,1,2,1,4,0,1,0,0,0,0,0,0,1,0,0,0,0.22,0,0,0
Lure,4,70,92,20,18,204,1,1,0,1,1,1,3,0,1,0,0,0,0,1,0,0,0,0,2,0.18,0,0,0
Lure,4,70,71,10,18,173,1,1,0,1,1,1,3,0,1,0,0,0,0,1,0,0,0,0,2,0.2,0,0,0
Lure,4,70,177,20,18,289,1,1,0,1,1,1,3,0,1,0,0,0,0,1,0,0,0,0,2,0.21,0,0,0
Lure,4,70,63,20,18,175,1,1,0,1,1,1,3,0,1,0,0,0,0,1,0,0,0,0,2,0.24,0,0,0
Lurebound Scarecrow,19,145,54,9,29,256,0,0,0,2,1,1,3,0,1,0,0,0,0,0,1,1,0,0,0,0.25,0,0,0
Lurking Arynx,13,159,73,10,20,275,1,1,0,1,2,1,5,0,1,0,0,0,0,0,0,1,0,0,1,0.22,0,0,0
Lurking Chupacabra,18,108,122,7,23,278,1,1,0,1,2,1,4,0,1,0,0,0,0,0,0,1,0,0,1,0.2,0,0,0
Lust for War,12,167,0,16,18,213,1,1,0,1,1,1,3,0,1,0,0,0,0,1,0,0,0,0,1,0.21,0,0,0
Lyev Skyknight,14,213,0,13,23,263,2,2,0,1,2,1,3,0,1,0,0,0,0,0,0,1,0,0,2,0.19,0,0,0
Lys Alana Scarblade,19,115,144,19,23,320,1,1,0,1,2,1,3,0,1,0,0,0,0,0,0,1,0,0,1,0.22,0,0,0
Maalfeld Twins,14,70,46,9,17,156,1,1,0,1,1,1,6,0,1,0,0,0,0,0,0,1,0,0,1,0.19,0,0,0
Mad Prophet,11,39,111,11,23,195,1,1,0,1,2,1,4,0,1,0,0,0,0,0,0,1,0,0,1,0.2,0,0,0
Madblind Mountain,17,184,0,11,15,227,0,1,-1,1,1,1,0,0,1,0,0,0,0,0,0,0,1,0,0,0.26,0,0,0
Mage Slayer,11,101,79,15,20,226,2,2,0,1,1,1,3,0,1,0,0,0,0,0,1,0,0,0,2,1.26,1,0,0
Mage-Ring Network,17,221,0,9,4,251,0,0,0,1,0,1,0,0,1,0,0,0,0,0,0,0,1,0,0,0.36,0,0,0
Magewright's Stone,18,83,113,14,8,236,0,0,0,1,0,1,2,0,1,0,0,0,0,0,1,0,0,0,0,1.92,1,0,0
Magma Jet,9,62,0,14,7,92,1,1,0,1,0,1,2,0,1,0,0,1,0,0,0,0,0,0,1,0.19,0,0,0
Magma Jet,9,62,0,12,7,90,1,1,0,1,0,1,2,0,1,0,0,1,0,0,0,0,0,0,1,0.47,0,0,0
Magmaroth,9,144,70,13,20,256,1,1,0,1,1,1,4,0,1,0,0,0,0,0,0,1,0,0,1,0.21,0,0,0
Magmatic Core,13,340,0,12,11,376,1,1,0,1,0,1,4,0,1,0,0,0,0,1,0,0,0,0,2,0.22,0,0,0
Magmatic Insight,16,84,80,11,7,198,1,1,0,1,0,1,1,0,1,0,0,0,1,0,0,0,0,0,1,0.34,0,0,0
Magnetic Theft,14,86,86,11,7,204,1,1,0,1,0,1,1,0,1,0,0,1,0,0,0,0,0,0,1,0.24,0,0,0
Magnifying Glass,16,145,81,9,8,259,0,0,0,1,0,1,3,0,1,0,0,0,0,0,1,0,0,0,0,0.21,0,0,0
Make a Stand,12,134,49,17,7,219,1,1,0,1,0,1,3,0,1,0,0,1,0,0,0,0,0,0,1,0.2,0,0,0
Make a Wish,11,60,89,11,7,178,1,1,0,1,0,1,4,0,1,0,0,0,1,0,0,0,0,0,1,0.18,0,0,0
Make Obsolete,13,61,41,14,7,136,1,1,0,1,0,1,3,0,1,0,0,1,0,0,0,0,0,0,1,0.19,0,0,0
Makeshift Mannequin,19,242,67,13,7,348,1,1,0,1,0,1,4,0,1,0,0,1,0,0,0,0,0,0,1,0.25,0,0,0
Makeshift Munitions,19,104,102,14,11,250,1,1,0,1,0,1,2,0,1,0,0,0,0,1,0,0,0,0,1,0.21,0,0,0
Malach of the Dawn,18,48,174,14,16,270,1,1,0,1,1,1,4,0,1,0,0,0,0,0,0,1,0,0,2,0.22,0,0,0
Malakir Cullblade,17,88,84,13,26,228,1,1,0,1,2,1,2,0,1,0,0,0,0,0,0,1,0,0,1,0.22,0,0,0
Malakir Familiar,16,89,98,17,14,234,1,1,0,1,1,1,3,0,1,0,0,0,0,0,0,1,0,0,1,0.19,0,0,0
Malakir Soothsayer,18,84,63,14,30,209,1,1,0,1,3,1,5,0,1,0,0,0,0,0,0,1,0,0,1,0.19,0,0,0
Malevolent Whispers,19,259,0,12,7,297,1,1,0,1,0,1,4,0,1,0,0,0,1,0,0,0,0,0,1,0.2,0,0,0
Mammoth Umbra,13,178,0,11,18,220,1,1,0,1,1,1,5,0,1,0,0,0,0,1,0,0,0,0,1,0.19,0,0,0
Mana Seism,10,72,160,20,7,269,1,1,0,1,0,1,2,0,1,0,0,0,1,0,0,0,0,0,1,0.22,0,0,0
Manaforce Mace,14,97,76,13,20,220,0,0,0,1,1,1,4,0,1,0,0,0,0,0,1,0,0,0,0,0.2,0,0,0
Manaweft Sliver,15,85,104,14,17,235,1,1,0,1,1,1,2,0,1,0,0,0,0,0,0,1,0,0,1,1.23,1,0,0
Manglehorn,10,135,101,13,16,275,1,1,0,1,1,1,3,0,1,0,0,0,0,0,0,1,0,0,1,0.28,0,0,0
Manic Scribe,12,338,0,12,23,385,1,1,0,1,2,1,2,0,1,0,0,0,0,0,0,1,0,0,1,0.25,0,0,0
Manriki-Gusari,14,150,0,13,20,197,0,0,0,1,1,1,2,0,1,0,0,0,0,0,1,0,0,0,0,0.75,0,0,0
Manticore Eternal,17,129,115,13,27,301,1,1,0,1,2,1,5,0,1,0,0,0,0,0,0,1,0,0,2,0.2,0,0,0
Mantis Engine,13,235,117,13,26,404,0,0,0,2,1,1,5,0,1,0,0,0,0,0,1,1,0,0,0,0.21,0,0,0
Mantle of Leadership,20,177,0,14,18,229,1,1,0,1,1,1,2,0,1,0,0,0,0,1,0,0,0,0,1,0.21,0,0,0
Marang River Prowler,20,159,59,15,22,275,1,1,0,1,2,1,3,0,1,0,0,0,0,0,0,1,0,0,1,0.21,0,0,0
Marang River Skeleton,21,196,63,9,19,308,1,1,0,1,1,1,2,0,1,0,0,0,0,0,0,1,0,0,1,0.23,0,0,0
Marauding Looter,16,132,22,14,23,207,2,2,0,1,2,1,4,0,1,0,0,0,0,0,0,1,0,0,2,0.18,0,0,0
Mardu Blazebringer,18,73,157,16,23,287,1,1,0,1,2,1,3,0,1,0,0,0,0,0,0,1,0,0,1,0.2,0,0,0
Mardu Charm,11,274,0,15,7,307,3,3,0,1,0,1,3,0,1,0,0,1,0,0,0,0,0,0,3,0.23,0,0,0
Mardu Heart-Piercer,19,163,78,13,23,296,1,1,0,1,2,1,4,0,1,0,0,0,0,0,0,1,0,0,1,0.2,0,0,0
Mardu Roughrider,16,73,131,10,22,252,3,3,0,1,2,1,5,0,1,0,0,0,0,0,0,1,0,0,3,0.2,0,0,0
Mardu Shadowspear,17,245,0,10,24,296,1,1,0,1,2,1,1,0,1,0,0,0,0,0,0,1,0,0,1,0.25,0,0,0
Mardu Woe-Reaper,16,168,46,13,24,267,1,1,0,1,2,1,1,0,1,0,0,0,0,0,0,1,0,0,1,0.25,0,0,0
Marisi's Twinclaws,18,13,83,4,22,140,3,3,0,1,2,1,4,0,1,0,0,0,0,0,0,1,0,0,2,0.21,0,0,0
Mark for Death,14,143,58,15,7,237,1,1,0,1,0,1,4,0,1,0,0,0,1,0,0,0,0,0,1,0.19,0,0,0
Mark of Eviction,16,139,75,14,18,262,1,1,0,1,1,1,1,0,1,0,0,0,0,1,0,0,0,0,1,0.21,0,0,0
Mark of Mutiny,14,170,45,11,7,247,1,1,0,1,0,1,3,0,1,0,0,0,1,0,0,0,0,0,1,0.2,0,0,0
Mark of Mutiny,14,170,45,11,7,247,1,1,0,1,0,1,3,0,1,0,0,0,1,0,0,0,0,0,1,0.21,0,0,0
Mark of Sakiko,14,222,0,22,18,276,1,1,0,1,1,1,2,0,1,0,0,0,0,1,0,0,0,0,1,0.23,0,0,0
Mark of the Oni,15,135,102,14,18,284,1,1,0,1,1,1,3,0,1,0,0,0,0,1,0,0,0,0,1,0.25,0,0,0
Markov Crusader,15,74,111,13,25,238,1,1,0,1,2,1,5,0,1,0,0,0,0,0,0,1,0,0,1,0.2,0,0,0
Markov Warlord,14,99,62,16,26,217,1,1,0,1,2,1,6,0,1,0,0,0,0,0,0,1,0,0,1,0.16,0,0,0
Marrow Bats,11,42,113,14,23,203,1,1,0,1,2,1,5,0,1,0,0,0,0,0,0,1,0,0,1,0.18,0,0,0
Marrow Chomper,14,256,0,15,24,309,2,2,0,1,2,1,5,0,1,0,0,0,0,0,0,1,0,0,2,0.25,0,0,0
Marrow Shards,13,103,100,16,7,239,1,1,0,1,0,1,1,0,1,0,0,1,0,0,0,0,0,0,1,0.2,0,0,0
Marsh Casualties,16,213,0,10,7,246,1,1,0,1,0,1,2,0,1,0,0,0,1,0,0,0,0,0,2,0.2,0,0,0
Marsh Flitter,13,186,0,14,23,236,1,1,0,1,2,1,4,0,1,0,0,0,0,0,0,1,0,0,1,0.21,0,0,0
Marshdrinker Giant,18,100,100,7,24,249,1,1,0,1,2,1,5,0,1,0,0,0,0,0,0,1,0,0,2,0.2,0,0,0
Martyred Rusalka,16,66,136,22,17,257,1,1,0,1,1,1,1,0,1,0,0,0,0,0,0,1,0,0,1,0.21,0,0,0
Mask of Avacyn,14,128,40,11,20,213,0,0,0,1,1,1,2,0,1,0,0,0,0,0,1,0,0,0,0,0.38,0,0,0
Mask of Memory,14,120,0,12,20,166,0,0,0,1,1,1,2,0,1,0,0,0,0,0,1,0,0,0,0,0.25,0,0,0
Mask of Riddles,15,193,0,12,20,240,2,2,0,1,1,1,2,0,1,0,0,0,0,0,1,0,0,0,2,0.38,0,0,0
Mass Appeal,11,39,95,19,7,171,1,1,0,1,0,1,3,0,1,0,0,0,1,0,0,0,0,0,1,0.19,0,0,0
Master Splicer,14,136,71,6,26,253,1,1,0,1,2,1,4,0,1,0,0,0,0,0,0,1,0,0,1,0.22,0,0,0
Master the Way,14,112,89,11,7,233,2,2,0,1,0,1,5,0,1,0,0,0,1,0,0,0,0,0,2,0.2,0,0,0
Master Thief,12,114,36,19,22,203,1,1,0,1,2,1,4,0,1,0,0,0,0,0,0,1,0,0,2,0.19,0,0,0
Maulfist Doorbuster,19,191,30,9,24,273,1,1,0,1,2,1,4,0,1,0,0,0,0,0,0,1,0,0,1,0.2,0,0,0
Maulfist Revolutionary,22,183,0,12,24,241,1,1,0,1,2,1,3,0,1,0,0,0,0,0,0,1,0,0,2,0.24,0,0,0
Mausoleum Guard,15,83,90,13,22,223,1,1,0,1,2,1,4,0,1,0,0,0,0,0,0,1,0,0,1,0.2,0,0,0
Mausoleum Turnkey,17,132,69,13,21,252,1,1,0,1,2,1,4,0,1,0,0,0,0,0,0,1,0,0,1,0.21,0,0,0
Maverick Thopterist,19,252,0,11,26,308,2,2,0,1,2,1,5,0,1,0,0,0,0,0,0,1,0,0,2,0.21,0,0,0
Maw of the Obzedat,18,72,126,14,17,247,2,2,0,1,1,1,5,0,1,0,0,0,0,0,0,1,0,0,2,0.2,0,0,0
Meadowboon,10,218,0,15,20,263,1,1,0,1,1,1,4,0,1,0,0,0,0,0,0,1,0,0,2,0.23,0,0,0
Meandering River,16,86,114,12,4,232,0,2,-2,1,0,1,0,0,1,0,0,0,0,0,0,0,1,0,0,0.2,0,0,0
Measure of Wickedness,21,207,0,11,11,250,1,1,0,1,0,1,4,0,1,0,0,0,0,1,0,0,0,0,1,0.22,0,0,0
Megrim,6,75,46,15,11,153,1,1,0,1,0,1,3,0,1,0,0,0,0,1,0,0,0,0,1,0.31,0,0,0
Megrim,6,75,135,13,11,240,1,1,0,1,0,1,3,0,1,0,0,0,0,1,0,0,0,0,1,0.33,0,0,0
Megrim,6,75,92,13,11,197,1,1,0,1,0,1,3,0,1,0,0,0,0,1,0,0,0,0,1,0.35,0,0,0
Megrim,6,75,132,13,11,237,1,1,0,1,0,1,3,0,1,0,0,0,0,1,0,0,0,0,1,0.35,0,0,0
Meletis Astronomer,18,247,0,9,23,297,1,1,0,1,2,1,2,0,1,0,0,0,0,0,0,1,0,0,1,0.22,0,0,0
Melira's Keepers,16,47,59,14,24,160,1,1,0,1,2,1,5,0,1,0,0,0,0,0,0,1,0,0,1,0.18,0,0,0
Memnite,7,0,100,15,29,151,0,0,0,2,1,1,0,0,1,0,0,0,0,0,1,1,0,0,0,1.66,1,0,0
Memory's Journey,16,196,0,15,7,234,1,2,-1,1,0,1,2,0,1,0,0,1,0,0,0,0,0,0,1,0.19,0,0,0
Mental Misstep,14,95,111,10,7,237,1,1,0,1,0,1,1,0,1,0,0,1,0,0,0,0,0,0,1,0.92,0,0,0
Mental Vapors,13,246,0,12,7,278,1,1,0,1,0,1,4,0,1,0,0,0,1,0,0,0,0,0,1,0.19,0,0,0
Merchant Scroll,15,116,108,12,7,258,1,1,0,1,0,1,2,0,1,0,0,0,1,0,0,0,0,0,1,3.79,1,0,0
Merciless Eternal,17,154,90,15,24,300,1,1,0,1,2,1,3,0,1,0,0,0,0,0,0,1,0,0,1,0.21,0,0,0
Merciless Executioner,21,85,95,13,22,236,1,1,0,1,2,1,3,0,1,0,0,0,0,0,0,1,0,0,1,0.25,0,0,0
Merciless Javelineer,20,97,78,9,27,231,2,2,0,1,2,1,4,0,1,0,0,0,0,0,0,1,0,0,2,0.21,0,0,0
Merciless Predator,18,109,75,16,19,237,1,1,0,1,1,1,1,0,1,0,0,0,0,0,0,1,0,0,0,0.25,0,0,0
Mercurial Geists,16,100,163,12,17,308,2,2,0,1,1,1,4,0,1,0,0,0,0,0,0,1,0,0,2,0.19,0,0,0
Mercy Killing,13,141,79,12,7,252,2,2,0,1,0,1,3,0,1,0,0,1,0,0,0,0,0,0,1,0.49,0,0,0
Mer-Ek Nightblade,17,157,0,14,23,211,1,1,0,1,2,1,4,0,1,0,0,0,0,0,0,1,0,0,1,0.21,0,0,0
Merfolk Branchwalker,20,249,0,13,24,306,1,1,0,1,2,1,2,0,1,0,0,0,0,0,0,1,0,0,1,0.6,0,0,0
Merfolk of the Depths,21,67,116,10,26,240,2,2,0,1,2,1,6,0,1,0,0,0,0,0,0,1,0,0,2,0.17,0,0,0
Merfolk Seastalkers,19,135,128,14,24,320,1,1,0,1,2,1,4,0,1,0,0,0,0,0,0,1,0,0,1,0.19,0,0,0
Merfolk Skyscout,16,75,128,7,24,250,1,1,0,1,2,1,4,0,1,0,0,0,0,0,0,1,0,0,2,0.2,0,0,0
Merfolk Wayfinder,17,208,0,19,24,268,1,1,0,1,2,1,3,0,1,0,0,0,0,0,0,1,0,0,1,0.2,0,0,0
Merrow Commerce,15,65,173,11,28,292,1,1,0,2,1,1,2,0,1,0,0,0,0,1,0,0,0,0,1,1.7,1,0,0
Merrow Grimeblotter,19,87,116,20,25,267,2,2,0,1,2,1,4,0,1,0,0,0,0,0,0,1,0,0,1,0.21,0,0,0
Merrow Harbinger,16,254,0,14,25,309,1,1,0,1,2,1,4,0,1,0,0,0,0,0,0,1,0,0,1,0.34,0,0,0
Merrow Reejerey,15,120,84,12,26,257,1,1,0,1,2,1,3,0,1,0,0,0,0,0,0,1,0,0,1,4.52,1,0,0
Messenger Falcons,17,66,111,13,15,222,3,3,0,1,1,1,4,0,1,0,0,0,0,0,0,1,0,0,2,0.21,0,0,0
Metallic Mastery,16,105,66,10,7,204,1,1,0,1,0,1,3,0,1,0,0,0,1,0,0,0,0,0,1,0.19,0,0,0
Metallurgeon,12,37,110,11,35,205,1,1,0,2,2,1,2,0,1,0,0,0,0,0,1,1,0,0,1,0.2,0,0,0
Meteorite,9,136,34,12,8,199,0,0,0,1,0,1,5,0,1,0,0,0,0,0,1,0,0,0,0,0.2,0,0,0
Meteorite,9,136,34,12,8,199,0,0,0,1,0,1,5,0,1,0,0,0,0,0,1,0,0,0,0,0.2,0,0,0
Midnight Haunting,17,56,136,12,7,228,1,1,0,1,0,1,3,0,1,0,0,1,0,0,0,0,0,0,1,0.23,0,0,0
Might Makes Right,17,275,41,12,11,356,1,1,0,1,0,1,6,0,1,0,0,0,0,1,0,0,0,0,1,0.2,0,0,0
Might of Old Krosa,18,144,88,11,7,268,1,1,0,1,0,1,1,0,1,0,0,1,0,0,0,0,0,0,1,1.5,1,0,0
Might of the Nephilim,21,68,117,13,7,226,1,1,0,1,0,1,2,0,1,0,0,1,0,0,0,0,0,0,1,0.22,0,0,0
Might Sliver,12,31,221,13,17,294,1,1,0,1,1,1,5,0,1,0,0,0,0,0,0,1,0,0,1,0.64,0,0,0
Might Weaver,12,227,38,12,23,312,1,1,0,1,2,1,2,0,1,0,0,0,0,0,0,1,0,0,1,0.21,0,0,0
Mighty Emergence,16,124,29,14,11,194,1,1,0,1,0,1,3,0,1,0,0,0,0,1,0,0,0,0,1,0.21,0,0,0
Military Intelligence,21,60,95,16,11,203,1,1,0,1,0,1,2,0,1,0,0,0,0,1,0,0,0,0,1,0.22,0,0,0
Millstone,9,95,88,13,8,213,0,0,0,1,0,1,2,0,1,0,0,0,0,0,1,0,0,0,0,0.19,0,0,0
Miming Slime,12,99,132,15,7,265,1,1,0,1,0,1,3,0,1,0,0,0,1,0,0,0,0,0,1,0.19,0,0,0
Minamo Sightbender,18,74,113,12,23,240,1,1,0,1,2,1,2,0,1,0,0,0,0,0,0,1,0,0,1,0.22,0,0,0
Mind Control,12,48,80,10,18,168,1,1,0,1,1,1,5,0,1,0,0,0,0,1,0,0,0,0,2,0.21,0,0,0
Mind Control,12,48,70,13,18,161,1,1,0,1,1,1,5,0,1,0,0,0,0,1,0,0,0,0,2,0.21,0,0,0
Mind Control,12,48,105,13,18,196,1,1,0,1,1,1,5,0,1,0,0,0,0,1,0,0,0,0,2,0.21,0,0,0
Mind Funeral,12,172,66,7,7,264,2,2,0,1,0,1,3,0,1,0,0,0,1,0,0,0,0,0,2,3.93,1,0,0
Mind Slash,10,188,40,8,11,257,1,1,0,1,0,1,3,0,1,0,0,0,0,1,0,0,0,0,2,0.64,0,0,0
Mind Sludge,11,57,104,11,7,190,1,1,0,1,0,1,5,0,1,0,0,0,1,0,0,0,0,0,1,0.19,0,0,0
Mind Sludge,11,57,53,13,7,141,1,1,0,1,0,1,5,0,1,0,0,0,1,0,0,0,0,0,1,0.22,0,0,0
Mind Stone,10,76,80,8,8,182,0,0,0,1,0,1,2,0,1,0,0,0,0,0,1,0,0,0,0,0.95,0,0,0
Mindclaw Shaman,15,163,56,15,26,275,1,1,0,1,2,1,5,0,1,0,0,0,0,0,0,1,0,0,1,0.18,0,0,0
Mindcrank,9,189,80,10,8,296,0,0,0,1,0,1,2,0,1,0,0,0,0,0,1,0,0,0,0,2.44,1,0,0
Mindculling,11,58,124,12,7,212,1,1,0,1,0,1,6,0,1,0,0,0,1,0,0,0,0,0,1,0.2,0,0,0
Mindeye Drake,13,118,64,15,16,226,1,1,0,1,1,1,5,0,1,0,0,0,0,0,0,1,0,0,1,0.2,0,0,0
Mindmelter,10,216,0,11,24,261,0,2,-2,1,2,1,3,0,1,0,0,0,0,0,0,1,0,0,2,0.2,0,0,0
Mindscour Dragon,16,155,79,11,17,278,1,1,0,1,1,1,6,0,1,0,0,0,0,0,0,1,0,0,2,0.21,0,0,0
Mindstorm Crown,15,169,0,12,8,204,0,0,0,1,0,1,3,0,1,0,0,0,0,0,1,0,0,0,0,0.19,0,0,0
Minions' Murmurs,16,85,147,9,7,264,1,1,0,1,0,1,4,0,1,0,0,0,1,0,0,0,0,0,2,0.24,0,0,0
Minister of Inquiries,21,190,39,9,27,286,1,1,0,1,2,1,1,0,1,0,0,0,0,0,0,1,0,0,1,0.25,0,0,0
Minister of Pain,16,187,59,4,23,289,1,1,0,1,2,1,3,0,1,0,0,0,0,0,0,1,0,0,1,0.22,0,0,0
Minotaur Aggressor,18,19,73,14,29,153,1,1,0,1,2,1,7,0,1,0,0,0,0,0,0,1,0,0,1,0.18,0,0,0
Mirrodin's Core,15,173,0,12,4,204,0,0,0,1,0,1,0,0,1,0,0,0,0,0,0,0,1,0,0,0.29,0,0,0
Mirror Golem,12,266,0,15,25,318,0,0,0,2,1,1,6,0,1,0,0,0,0,0,1,1,0,0,0,0.2,0,0,0
Mischief and Mayhem,19,60,153,11,7,250,1,1,0,1,0,1,5,0,1,0,0,0,1,0,0,0,0,0,1,0.2,0,0,0
Mishra's Bauble,15,136,146,6,8,311,0,0,0,1,0,1,0,0,1,0,0,0,0,0,1,0,0,0,0,9.45,1,1,0
Mistfire Adept,14,179,45,13,21,272,1,1,0,1,2,1,4,0,1,0,0,0,0,0,0,1,0,0,1,0.21,0,0,0
Mistfire Weaver,15,228,0,10,23,276,1,1,0,1,2,1,4,0,1,0,0,0,0,0,0,1,0,0,1,0.2,0,0,0
Mistmeadow Skulk,16,58,117,11,24,226,1,1,0,1,2,1,2,0,1,0,0,0,0,0,0,1,0,0,1,0.23,0,0,0
Mistmeadow Skulk,16,58,117,11,24,226,1,1,0,1,2,1,2,0,1,0,0,0,0,0,0,1,0,0,1,0.24,0,0,0
Mistmeadow Witch,16,134,127,12,25,314,2,2,0,1,2,1,2,0,1,0,0,0,0,0,0,1,0,0,1,0.23,0,0,0
Mistral Charger,15,6,78,14,18,131,1,1,0,1,1,1,2,0,1,0,0,0,0,0,0,1,0,0,1,0.21,0,0,0
Mistveil Plains,15,229,0,13,13,270,0,1,-1,1,1,1,0,0,1,0,0,0,0,0,0,0,1,0,0,5.01,1,1,0
Mnemonic Nexus,14,66,92,14,7,193,1,1,0,1,0,1,4,0,1,0,0,1,0,0,0,0,0,0,1,0.22,0,0,0
Moan of the Unhallowed,22,148,71,9,7,257,1,1,0,1,0,1,4,0,1,0,0,0,1,0,0,0,0,0,2,0.19,0,0,0
Mockery of Nature,17,221,0,11,24,273,0,1,-1,1,2,1,9,0,1,0,0,0,0,0,0,1,0,0,0,0.2,0,0,0
Mogg Fanatic,12,81,24,4,17,138,1,1,0,1,1,1,1,0,1,0,0,0,0,0,0,1,0,0,1,0.45,0,0,0
Mogis's Marauder,16,366,0,11,26,419,1,1,0,1,2,1,3,0,1,0,0,0,0,0,0,1,0,0,1,0.18,0,0,0
Mogis's Warhound,16,273,0,21,28,338,1,1,0,2,1,1,2,0,1,0,0,0,0,1,0,1,0,0,1,0.19,0,0,0
Mold Adder,10,92,62,12,23,199,1,1,0,1,2,1,1,0,1,0,0,0,0,0,0,1,0,0,1,0.24,0,0,0
Moldervine Cloak,16,258,0,13,18,305,1,1,0,1,1,1,3,0,1,0,0,0,0,1,0,0,0,0,1,0.23,0,0,0
Molten Birth,12,125,93,11,7,248,1,1,0,1,0,1,3,0,1,0,0,0,1,0,0,0,0,0,2,0.21,0,0,0
Molten Nursery,14,129,71,16,11,241,0,1,-1,1,0,1,3,0,1,0,0,0,0,1,0,0,0,0,1,0.2,0,0,0
Molten Slagheap,15,203,0,11,4,233,0,2,-2,1,0,1,0,0,1,0,0,0,0,0,0,0,1,0,0,0.23,0,0,0
Molting Skin,12,68,39,13,11,143,1,1,0,1,0,1,3,0,1,0,0,0,0,1,0,0,0,0,1,0.24,0,0,0
Monastery Swiftspear,20,98,66,12,21,217,1,1,0,1,2,1,1,0,1,0,0,0,0,0,0,1,0,0,1,1.3,1,0,0
Monstrous Onslaught,19,185,30,15,7,256,1,1,0,1,0,1,5,0,1,0,0,0,1,0,0,0,0,0,2,0.2,0,0,0
Moonhold,8,175,0,16,7,206,2,2,0,1,0,1,3,0,1,0,0,1,0,0,0,0,0,0,1,0.23,0,0,0
Moonlight Hunt,14,145,35,13,7,214,1,1,0,1,0,1,2,0,1,0,0,1,0,0,0,0,0,0,1,0.25,0,0,0
Moonring Island,15,210,0,17,13,255,0,1,-1,1,1,1,0,0,1,0,0,0,0,0,0,0,1,0,0,0.25,0,0,0
Moonrise Intruder,17,181,0,7,19,224,1,1,0,1,1,1,1,0,1,0,0,0,0,0,0,1,0,0,0,0.73,0,0,0
Morbid Bloom,12,135,60,14,7,228,2,2,0,1,0,1,6,0,1,0,0,0,1,0,0,0,0,0,2,0.22,0,0,0
Morbid Curiosity,16,155,115,13,7,306,1,1,0,1,0,1,3,0,1,0,0,0,1,0,0,0,0,0,2,0.2,0,0,0
Morkrut Banshee,15,129,104,15,17,280,1,1,0,1,1,1,5,0,1,0,0,0,0,0,0,1,0,0,2,0.17,0,0,0
Morkrut Necropod,16,153,86,17,22,294,1,1,0,1,2,1,6,0,1,0,0,0,0,0,0,1,0,0,1,0.2,0,0,0
Moroii,6,56,58,9,18,147,2,2,0,1,1,1,4,0,1,0,0,0,0,0,0,1,0,0,2,0.21,0,0,0
Mortarpod,9,256,0,14,20,299,0,0,0,1,1,1,2,0,1,0,0,0,0,0,1,0,0,0,0,0.21,0,0,0
Mortify,7,39,141,10,7,204,2,2,0,1,0,1,3,0,1,0,0,1,0,0,0,0,0,0,2,0.83,0,0,0
Mourner's Shield,16,227,0,14,8,265,0,0,0,1,0,1,4,0,1,0,0,0,0,0,1,0,0,0,0,0.19,0,0,0
Mournwillow,11,179,0,12,25,227,2,2,0,1,2,1,3,0,1,0,0,0,0,0,0,1,0,0,2,0.2,0,0,0
Mouth of Ronom,14,175,0,11,9,209,0,0,0,1,0,1,0,0,1,0,0,0,0,0,0,0,1,0,0,0.34,0,0,0
Muck Drubb,10,331,0,10,16,367,1,1,0,1,1,1,5,0,1,0,0,0,0,0,0,1,0,0,2,0.21,0,0,0
Murasa Pyromancer,17,190,66,12,28,313,1,1,0,1,3,1,6,0,1,0,0,0,0,0,0,1,0,0,2,0.21,0,0,0
Murasa Ranger,13,141,65,14,24,257,1,1,0,1,2,1,4,0,1,0,0,0,0,0,0,1,0,0,1,0.2,0,0,0
Murder,6,24,32,14,7,83,1,1,0,1,0,1,3,0,1,0,0,1,0,0,0,0,0,0,2,0.25,0,0,0
Murder Investigation,20,124,71,13,18,246,1,1,0,1,1,1,2,0,1,0,0,0,0,1,0,0,0,0,1,0.2,0,0,0
Murder Investigation,20,124,71,13,18,246,1,1,0,1,1,1,2,0,1,0,0,0,0,1,0,0,0,0,1,0.21,0,0,0
Murder of Crows,15,86,63,10,15,189,1,1,0,1,1,1,5,0,1,0,0,0,0,0,0,1,0,0,2,0.18,0,0,0
Murderer's Axe,14,51,112,13,20,210,0,0,0,1,1,1,4,0,1,0,0,0,0,0,1,0,0,0,0,0.2,0,0,0
Murderous Cut,13,111,64,15,7,210,1,1,0,1,0,1,5,0,1,0,0,1,0,0,0,0,0,0,1,0.25,0,0,0
Murderous Redcap,16,263,0,11,26,316,2,2,0,1,2,1,4,0,1,0,0,0,0,0,0,1,0,0,2,0.75,0,0,0
Murderous Spoils,16,151,54,8,7,236,1,1,0,1,0,1,6,0,1,0,0,1,0,0,0,0,0,0,1,0.2,0,0,0
Mwonvuli Beast Tracker,22,204,33,12,22,293,1,1,0,1,2,1,3,0,1,0,0,0,0,0,0,1,0,0,2,0.18,0,0,0
Mycologist,10,197,0,10,22,239,1,1,0,1,2,1,2,0,1,0,0,0,0,0,0,1,0,0,1,0.25,0,0,0
Mycosynth Fiend,15,71,122,10,17,235,1,1,0,1,1,1,3,0,1,0,0,0,0,0,0,1,0,0,1,0.19,0,0,0
Myr Galvanizer,14,86,112,12,23,247,0,0,0,2,1,1,3,0,1,0,0,0,0,0,1,1,0,0,0,0.49,0,0,0
Myr Mindservant,15,31,53,11,23,133,0,0,0,2,1,1,1,0,1,0,0,0,0,0,1,1,0,0,0,0.23,0,0,0
Myr Prototype,13,155,0,11,23,202,0,0,0,2,1,1,5,0,1,0,0,0,0,0,1,1,0,0,0,0.2,0,0,0
Myr Retriever,13,94,72,15,23,217,0,0,0,2,1,1,2,0,1,0,0,0,0,0,1,1,0,0,0,0.33,0,0,0
Myrsmith,8,116,82,14,26,246,1,1,0,1,2,1,2,0,1,0,0,0,0,0,0,1,0,0,1,0.2,0,0,0
Mystic Melting,14,95,98,6,7,220,1,1,0,1,0,1,4,0,1,0,0,1,0,0,0,0,0,0,1,0.24,0,0,0
Mystic Monastery,16,92,127,21,4,260,0,3,-3,1,0,1,0,0,1,0,0,0,0,0,0,0,1,0,0,0.27,0,0,0
Mystic Retrieval,16,172,0,10,7,205,1,2,-1,1,0,1,4,0,1,0,0,0,1,0,0,0,0,0,1,0.2,0,0,0
Mystic Speculation,18,270,0,15,7,310,1,1,0,1,0,1,1,0,1,0,0,0,1,0,0,0,0,0,1,1.48,1,0,0
Nacatl Hunt-Pride,17,110,81,14,22,244,1,3,-2,1,2,1,6,0,1,0,0,0,0,0,0,1,0,0,1,0.2,0,0,0
Nacatl War-Pride,16,305,0,9,22,352,1,1,0,1,2,1,6,0,1,0,0,0,0,0,0,1,0,0,3,2.76,1,0,0
Nagao  Bound by Honor,21,193,0,11,34,259,1,1,0,1,2,1,4,0,1,0,1,0,0,0,0,1,0,0,1,0.25,0,0,0
Nahiri's Machinations,21,182,47,12,11,273,1,2,-1,1,0,1,2,0,1,0,0,0,0,1,0,0,0,0,1,0.22,0,0,0
Nantuko Husk,12,64,109,14,24,223,1,1,0,1,2,1,3,0,1,0,0,0,0,0,0,1,0,0,1,0.25,0,0,0
Nantuko Husk,12,64,109,14,24,223,1,1,0,1,2,1,3,0,1,0,0,0,0,0,0,1,0,0,1,0.25,0,0,0
Narcomoeba,10,105,84,12,19,230,1,1,0,1,1,1,2,0,1,0,0,0,0,0,0,1,0,0,1,2.86,1,0,0
Narnam Renegade,15,147,58,14,22,256,1,1,0,1,2,1,1,0,1,0,0,0,0,0,0,1,0,0,1,0.24,0,0,0
Nature's Spiral,15,148,65,14,7,249,1,1,0,1,0,1,2,0,1,0,0,0,1,0,0,0,0,0,1,0.2,0,0,0
Nature's Spiral,15,148,79,14,7,263,1,1,0,1,0,1,2,0,1,0,0,0,1,0,0,0,0,0,1,0.21,0,0,0
Nature's Way,12,147,97,11,7,274,1,1,0,1,0,1,2,0,1,0,0,0,1,0,0,0,0,0,1,0.21,0,0,0
Navigator's Ruin,16,173,52,12,11,264,1,1,0,1,0,1,3,0,1,0,0,0,0,1,0,0,0,0,1,0.2,0,0,0
Naya Battlemage,15,86,47,12,23,183,1,3,-2,1,2,1,3,0,1,0,0,0,0,0,0,1,0,0,1,0.2,0,0,0
Naya Charm,10,163,74,13,7,267,3,3,0,1,0,1,3,0,1,0,0,1,0,0,0,0,0,0,3,0.21,0,0,0
Nearheath Chaplain,18,181,0,12,23,234,1,1,0,1,2,1,4,0,1,0,0,0,0,0,0,1,0,0,1,0.2,0,0,0
Nearheath Pilgrim,17,256,0,10,23,306,1,1,0,1,2,1,2,0,1,0,0,0,0,0,0,1,0,0,1,0.2,0,0,0
Nebelgast Herald,16,203,0,11,17,247,1,1,0,1,1,1,3,0,1,0,0,0,0,0,0,1,0,0,1,0.23,0,0,0
Neck Breaker,12,163,27,20,19,241,1,1,0,1,1,1,3,0,1,0,0,0,0,0,0,1,0,0,0,0.21,0,0,0
Necrogen Scudder,16,69,114,16,17,232,1,1,0,1,1,1,3,0,1,0,0,0,0,0,0,1,0,0,1,0.19,0,0,0
Necrogen Scudder,16,69,114,16,17,232,1,1,0,1,1,1,3,0,1,0,0,0,0,0,0,1,0,0,1,0.2,0,0,0
Necrogenesis,12,94,113,14,11,244,2,2,0,1,0,1,2,0,1,0,0,0,0,1,0,0,0,0,2,0.21,0,0,0
Necromantic Summons,19,250,0,8,7,284,1,1,0,1,0,1,5,0,1,0,0,0,1,0,0,0,0,0,1,0.24,0,0,0
Necropede,9,194,0,9,26,238,0,0,0,2,1,1,2,0,1,0,0,0,0,0,1,1,0,0,0,0.94,0,0,0
Necropouncer,12,177,0,12,20,221,0,0,0,1,1,1,6,0,1,0,0,0,0,0,1,0,0,0,0,0.19,0,0,0
Necrotic Sliver,15,75,134,11,17,252,2,2,0,1,1,1,3,0,1,0,0,0,0,0,0,1,0,0,2,4.17,1,0,0
Nectar Faerie,13,153,105,14,24,309,1,1,0,1,2,1,2,0,1,0,0,0,0,0,0,1,0,0,1,0.24,0,0,0
Needle Storm,12,57,30,11,7,117,1,1,0,1,0,1,3,0,1,0,0,0,1,0,0,0,0,0,1,0.21,0,0,0
Needlebite Trap,15,146,83,7,14,265,1,1,0,1,1,1,7,0,1,0,0,1,0,0,0,0,0,0,2,0.19,0,0,0
Needlebug,9,31,106,13,26,185,0,0,0,2,1,1,4,0,1,0,0,0,0,0,1,1,0,0,0,0.19,0,0,0
Neglected Heirloom,18,104,61,11,20,214,0,0,0,1,1,1,1,0,1,0,0,0,0,0,1,0,0,0,0,0.21,0,0,0
Nekrataal,9,134,0,12,25,180,1,1,0,1,2,1,4,0,1,0,0,0,0,0,0,1,0,0,2,0.24,0,0,0
Nekrataal,9,134,0,12,25,180,1,1,0,1,2,1,4,0,1,0,0,0,0,0,0,1,0,0,2,0.24,0,0,0
Nekrataal,9,134,44,19,25,231,1,1,0,1,2,1,4,0,1,0,0,0,0,0,0,1,0,0,2,0.33,0,0,0
Nemesis Mask,12,230,0,8,20,270,0,0,0,1,1,1,3,0,1,0,0,0,0,0,1,0,0,0,0,0.29,0,0,0
Nemesis of Mortals,18,283,0,15,16,332,1,1,0,1,1,1,6,0,1,0,0,0,0,0,0,1,0,0,2,0.2,0,0,0
Nemesis Trap,12,222,0,13,14,261,1,1,0,1,1,1,6,0,1,0,0,1,0,0,0,0,0,0,2,0.21,0,0,0
Nephalia Academy,16,200,59,13,4,292,0,0,0,1,0,1,0,0,1,0,0,0,0,0,0,0,1,0,0,0.22,0,0,0
Nephalia Smuggler,17,116,82,12,22,249,1,1,0,1,2,1,1,0,1,0,0,0,0,0,0,1,0,0,1,0.2,0,0,0
Nessian Demolok,15,222,0,7,16,260,1,1,0,1,1,1,5,0,1,0,0,0,0,0,0,1,0,0,2,0.2,0,0,0
Nessian Game Warden,19,266,0,13,16,314,1,1,0,1,1,1,5,0,1,0,0,0,0,0,0,1,0,0,2,0.19,0,0,0
Nest of Scarabs,15,109,85,14,11,234,1,1,0,1,0,1,3,0,1,0,0,0,0,1,0,0,0,0,1,0.25,0,0,0
Nested Ghoul,12,89,105,12,25,243,1,1,0,1,2,1,5,0,1,0,0,0,0,0,0,1,0,0,2,0.19,0,0,0
Netherborn Phalanx,18,337,0,16,17,388,1,1,0,1,1,1,6,0,1,0,0,0,0,0,0,1,0,0,1,0.38,0,0,0
Neurok Commando,15,145,106,12,22,300,1,1,0,1,2,1,3,0,1,0,0,0,0,0,0,1,0,0,2,0.2,0,0,0
Neurok Transmuter,17,175,0,8,23,223,1,1,0,1,2,1,3,0,1,0,0,0,0,0,0,1,0,0,1,0.21,0,0,0
Neutralizing Blast,18,34,80,9,7,148,1,1,0,1,0,1,2,0,1,0,0,1,0,0,0,0,0,0,1,0.22,0,0,0
Nevermaker,10,224,0,12,20,266,1,1,0,1,1,1,4,0,1,0,0,0,0,0,0,1,0,0,1,0.42,0,0,0
New Benalia,11,216,0,14,4,245,0,1,-1,1,0,1,0,0,1,0,0,0,0,0,0,0,1,0,0,0.23,0,0,0
New Prahv Guildmage,19,229,0,13,23,284,2,2,0,1,2,1,2,0,1,0,0,0,0,0,0,1,0,0,2,0.19,0,0,0
Nezumi Bone-Reader,18,119,134,9,21,301,1,1,0,1,2,1,2,0,1,0,0,0,0,0,0,1,0,0,1,0.31,0,0,0
Nezumi Graverobber,18,115,0,10,20,163,1,1,0,1,2,1,2,0,1,0,0,0,0,0,0,1,0,0,1,0.61,0,0,0
Nezumi Shadow-Watcher,21,54,121,12,22,230,1,1,0,1,2,1,1,0,1,0,0,0,0,0,0,1,0,0,1,0.21,0,0,0
Niblis of the Breath,20,54,115,13,17,219,1,1,0,1,1,1,3,0,1,0,0,0,0,0,0,1,0,0,1,0.2,0,0,0
Niblis of the Urn,17,71,129,13,17,247,1,1,0,1,1,1,2,0,1,0,0,0,0,0,0,1,0,0,1,0.2,0,0,0
Nightcreep,10,74,101,13,7,205,1,1,0,1,0,1,2,0,1,0,0,1,0,0,0,0,0,0,2,0.23,0,0,0
Nightfire Giant,15,130,77,12,23,257,1,2,-1,1,2,1,5,0,1,0,0,0,0,0,0,1,0,0,1,0.2,0,0,0
Nightmare Void,14,308,0,6,7,335,1,1,0,1,0,1,4,0,1,0,0,0,1,0,0,0,0,0,1,0.21,0,0,0
Nightmarish End,15,90,84,13,7,209,1,1,0,1,0,1,3,0,1,0,0,1,0,0,0,0,0,0,1,0.2,0,0,0
Night's Whisper,15,39,81,12,7,154,1,1,0,1,0,1,2,0,1,0,0,0,1,0,0,0,0,0,1,1.15,1,0,0
Nightshade Assassin,19,300,0,12,25,356,1,1,0,1,2,1,4,0,1,0,0,0,0,0,0,1,0,0,2,0.21,0,0,0
Nightshade Schemers,19,208,0,13,24,264,1,1,0,1,2,1,5,0,1,0,0,0,0,0,0,1,0,0,1,0.21,0,0,0
Nikko-Onna,10,158,0,10,17,195,1,1,0,1,1,1,3,0,1,0,0,0,0,0,0,1,0,0,1,0.23,0,0,0
Nim Abomination,15,83,100,10,17,225,1,1,0,1,1,1,3,0,1,0,0,0,0,0,0,1,0,0,1,0.2,0,0,0
Nim Grotesque,13,55,102,17,17,204,1,1,0,1,1,1,7,0,1,0,0,0,0,0,0,1,0,0,1,0.2,0,0,0
Nim Shambler,12,101,107,8,17,245,1,1,0,1,1,1,4,0,1,0,0,0,0,0,0,1,0,0,2,0.19,0,0,0
Nimbus Swimmer,14,73,85,11,20,203,2,2,0,1,1,1,2,0,1,0,0,0,0,0,0,1,0,0,2,0.19,0,0,0
Nine-Ringed Bo,14,117,163,13,8,315,0,0,0,1,0,1,3,0,1,0,0,0,0,0,1,0,0,0,0,0.21,0,0,0
Nirkana Cutthroat,17,145,0,10,26,198,1,1,0,1,2,1,3,0,1,0,0,0,0,0,0,1,0,0,1,0.37,0,0,0
Nissa's Defeat,14,121,87,13,7,242,1,1,0,1,0,1,3,0,1,0,0,0,1,0,0,0,0,0,1,0.21,0,0,0
Nissa's Expedition,18,265,0,9,7,299,1,1,0,1,0,1,5,0,1,0,0,0,1,0,0,0,0,0,1,0.21,0,0,0
Nissa's Judgment,16,229,0,14,7,266,1,1,0,1,0,1,5,0,1,0,0,0,1,0,0,0,0,0,1,0.2,0,0,0
Nivix  Aerie of the Firemind,28,164,82,17,4,295,0,2,-2,1,0,1,0,0,1,0,0,0,0,0,0,0,1,0,0,0.21,0,0,0
Nivix Guildmage,15,146,62,16,23,262,2,2,0,1,2,1,2,0,1,0,0,0,0,0,0,1,0,0,2,0.21,0,0,0
No Rest for the Wicked,22,142,76,14,11,265,1,1,0,1,0,1,2,0,1,0,0,0,0,1,0,0,0,0,1,0.25,0,0,0
Noble Quarry,12,265,0,16,30,323,1,1,0,2,1,1,3,0,1,0,0,0,0,1,0,1,0,0,1,0.2,0,0,0
No-Dachi,8,131,134,16,20,309,0,0,0,1,1,1,2,0,1,0,0,0,0,0,1,0,0,0,0,0.21,0,0,0
Noggin Whack,12,228,0,12,22,274,1,1,0,2,1,1,4,0,1,0,0,0,1,0,0,0,0,0,2,0.23,0,0,0
Noggle Hedge-Mage,17,265,0,16,24,322,2,2,0,1,2,1,3,0,1,0,0,0,0,0,0,1,0,0,1,0.21,0,0,0
Noggle Ransacker,16,106,141,22,23,308,2,2,0,1,2,1,3,0,1,0,0,0,0,0,0,1,0,0,1,0.21,0,0,0
Nomad Outpost,13,89,137,12,4,255,0,3,-3,1,0,1,0,0,1,0,0,0,0,0,0,0,1,0,0,0.28,0,0,0
Noose Constrictor,17,69,58,13,16,173,1,1,0,1,1,1,2,0,1,0,0,0,0,0,0,1,0,0,1,0.25,0,0,0
Not Forgotten,13,131,46,14,7,211,1,1,0,1,0,1,2,0,1,0,0,0,1,0,0,0,0,0,1,0.21,0,0,0
Not of This World,17,204,0,4,24,249,0,0,0,2,1,1,7,0,1,0,0,1,0,0,0,0,0,0,0,1.5,1,0,0
Novijen  Heart of Progress,26,121,126,17,4,294,0,2,-2,1,0,1,0,0,1,0,0,0,0,0,0,0,1,0,0,0.32,0,0,0
Noxious Dragon,14,100,130,15,17,276,1,1,0,1,1,1,6,0,1,0,0,0,0,0,0,1,0,0,2,0.21,0,0,0
Noxious Hatchling,17,303,0,9,20,349,2,2,0,1,1,1,4,0,1,0,0,0,0,0,0,1,0,0,1,0.34,0,0,0
Noxious Revival,15,110,106,12,7,250,1,1,0,1,0,1,1,0,1,0,0,1,0,0,0,0,0,0,1,4.04,1,0,0
Nucklavee,9,224,48,15,16,312,2,2,0,1,1,1,6,0,1,0,0,0,0,0,0,1,0,0,2,0.22,0,0,0
Nuisance Engine,15,62,74,14,8,173,0,0,0,1,0,1,3,0,1,0,0,0,0,0,1,0,0,0,0,0.21,0,0,0
Null Caller,11,99,112,14,25,261,1,1,0,1,2,1,4,0,1,0,0,0,0,0,0,1,0,0,1,0.2,0,0,0
Nullmage Shepherd,17,80,107,14,21,239,1,1,0,1,2,1,4,0,1,0,0,0,0,0,0,1,0,0,1,0.43,0,0,0
Nulltread Gargantuan,20,107,122,17,16,282,2,2,0,1,1,1,3,0,1,0,0,0,0,0,0,1,0,0,2,0.25,0,0,0
Numai Outcast,13,137,107,8,24,289,1,1,0,1,2,1,4,0,1,0,0,0,0,0,0,1,0,0,1,0.2,0,0,0
Nylea's Emissary,16,219,0,10,26,271,1,1,0,2,1,1,4,0,1,0,0,0,0,1,0,1,0,0,1,0.19,0,0,0
Nyx Weaver,10,179,0,9,29,227,2,2,0,2,1,1,3,0,1,0,0,0,0,1,0,1,0,0,2,0.23,0,0,0
Nyx-Fleece Ram,14,49,90,14,28,195,1,1,0,2,1,1,2,0,1,0,0,0,0,1,0,1,0,0,1,0.99,0,0,0
Oak Street Innkeeper,20,74,102,15,14,225,1,1,0,1,1,1,3,0,1,0,0,0,0,0,0,1,0,0,1,0.19,0,0,0
Oathsworn Giant,15,67,123,11,24,240,1,1,0,1,2,1,6,0,1,0,0,0,0,0,0,1,0,0,2,0.36,0,0,0
Obelisk Spider,14,209,0,7,17,247,2,2,0,1,1,1,3,0,1,0,0,0,0,0,0,1,0,0,2,0.26,0,0,0
Oblivion Ring,13,194,0,15,11,233,1,1,0,1,0,1,3,0,1,0,0,0,0,1,0,0,0,0,1,0.28,0,0,0
Oblivion Ring,13,194,0,15,11,233,1,1,0,1,0,1,3,0,1,0,0,0,0,1,0,0,0,0,1,0.3,0,0,0
Oboro Envoy,11,149,0,13,26,199,1,1,0,1,2,1,4,0,1,0,0,0,0,0,0,1,0,0,1,0.2,0,0,0
Obsessive Skinner,17,249,0,11,22,299,1,1,0,1,2,1,2,0,1,0,0,0,0,0,0,1,0,0,1,0.21,0,0,0
Obsidian Battle-Axe,19,147,44,11,35,256,0,0,0,2,2,1,3,0,1,0,0,0,0,0,1,0,0,0,0,0.25,0,0,0
Odunos River Trawler,20,234,0,12,17,283,1,2,-1,1,1,1,3,0,1,0,0,0,0,0,0,1,0,0,1,0.2,0,0,0
Offalsnout,10,196,0,22,20,248,1,1,0,1,1,1,3,0,1,0,0,0,0,0,0,1,0,0,1,0.2,0,0,0
Ogre Geargrabber,16,192,33,12,23,276,1,1,0,1,2,1,6,0,1,0,0,0,0,0,0,1,0,0,2,0.19,0,0,0
Ogre Marauder,13,138,97,8,23,279,1,1,0,1,2,1,3,0,1,0,0,0,0,0,0,1,0,0,2,0.25,0,0,0
Ogre Recluse,12,50,169,10,23,264,1,1,0,1,2,1,4,0,1,0,0,0,0,0,0,1,0,0,1,0.21,0,0,0
Ogre Taskmaster,15,28,66,11,15,135,1,1,0,1,1,1,4,0,1,0,0,0,0,0,0,1,0,0,1,0.21,0,0,0
Ogre Taskmaster,15,28,87,11,15,156,1,1,0,1,1,1,4,0,1,0,0,0,0,0,0,1,0,0,1,0.22,0,0,0
Ogre's Cleaver,14,39,78,10,20,161,0,0,0,1,1,1,2,0,1,0,0,0,0,0,1,0,0,0,0,0.21,0,0,0
Ojutai Monument,15,150,97,16,8,286,0,2,-2,1,0,1,3,0,1,0,0,0,0,0,1,0,0,0,0,0.22,0,0,0
Oketra's Attendant,18,245,0,12,23,298,1,1,0,1,2,1,5,0,1,0,0,0,0,0,0,1,0,0,2,0.2,0,0,0
Oketra's Monument,17,147,101,14,18,297,0,0,0,1,0,1,3,0,1,0,1,0,0,0,1,0,0,0,0,0.55,0,0,0
Olivia's Bloodsworn,19,90,77,7,26,219,1,2,-1,1,2,1,2,0,1,0,0,0,0,0,0,1,0,0,1,0.24,0,0,0
Ominous Sphinx,14,111,116,15,17,273,1,1,0,1,1,1,5,0,1,0,0,0,0,0,0,1,0,0,2,0.22,0,0,0
O-Naginata,10,197,0,12,20,239,0,0,0,1,1,1,1,0,1,0,0,0,0,0,1,0,0,0,0,2.02,1,0,0
Ondu Rising,11,255,0,13,7,286,1,1,0,1,0,1,2,0,1,0,0,0,1,0,0,0,0,0,1,0.2,0,0,0
One Dozen Eyes,14,164,0,13,7,198,1,1,0,1,0,1,6,0,1,0,0,0,1,0,0,0,0,0,1,0.2,0,0,0
One Thousand Lashes,19,199,0,7,18,243,2,2,0,1,1,1,4,0,1,0,0,0,0,1,0,0,0,0,2,0.2,0,0,0
Ongoing Investigation,21,259,0,8,11,299,1,2,-1,1,0,1,2,0,1,0,0,0,0,1,0,0,0,0,1,0.22,0,0,0
Oni of Wild Places,18,93,120,10,23,264,1,1,0,1,2,1,6,0,1,0,0,0,0,0,0,1,0,0,1,0.21,0,0,0
Oni Possession,14,156,0,14,18,202,1,1,0,1,1,1,3,0,1,0,0,0,0,1,0,0,0,0,1,0.2,0,0,0
Onyx Mage,9,142,89,4,23,267,1,1,0,1,2,1,2,0,1,0,0,0,0,0,0,1,0,0,1,0.2,0,0,0
Oona's Blackguard,17,228,0,10,23,278,1,1,0,1,2,1,2,0,1,0,0,0,0,0,0,1,0,0,1,1.54,1,0,0
Opaline Sliver,14,115,129,11,17,286,2,2,0,1,1,1,3,0,1,0,0,0,0,0,0,1,0,0,2,0.4,0,0,0
Open into Wonder,16,157,97,14,7,291,1,1,0,1,0,1,2,0,1,0,0,0,1,0,0,0,0,0,2,0.2,0,0,0
Open the Armory,15,115,128,14,7,279,1,1,0,1,0,1,2,0,1,0,0,0,1,0,0,0,0,0,1,0.32,0,0,0
Opportunity,11,31,70,14,7,133,1,1,0,1,0,1,6,0,1,0,0,1,0,0,0,0,0,0,2,0.22,0,0,0
Opulent Palace,14,90,106,13,4,227,0,3,-3,1,0,1,0,0,1,0,0,0,0,0,0,0,1,0,0,0.26,0,0,0
Oracle's Insight,16,181,0,16,18,231,1,1,0,1,1,1,4,0,1,0,0,0,0,1,0,0,0,0,1,0.2,0,0,0
Orator of Ojutai,16,251,0,11,20,298,1,1,0,1,2,1,2,0,1,0,0,0,0,0,0,1,0,0,1,0.23,0,0,0
Orbweaver Kumo,14,218,0,9,17,258,1,1,0,1,1,1,6,0,1,0,0,0,0,0,0,1,0,0,2,0.2,0,0,0
Orc Sureshot,12,135,34,10,21,212,1,1,0,1,2,1,4,0,1,0,0,0,0,0,0,1,0,0,1,0.21,0,0,0
Orchard Warden,14,131,121,12,26,304,1,1,0,1,2,1,6,0,1,0,0,0,0,0,0,1,0,0,2,0.3,0,0,0
Orcish Artillery,16,86,79,11,22,214,1,1,0,1,2,1,3,0,1,0,0,0,0,0,0,1,0,0,2,0.21,0,0,0
Orcish Artillery,16,86,79,13,22,216,1,1,0,1,2,1,3,0,1,0,0,0,0,0,0,1,0,0,2,0.21,0,0,0
Orcish Artillery,16,86,79,13,22,216,1,1,0,1,2,1,3,0,1,0,0,0,0,0,0,1,0,0,2,0.22,0,0,0
Ordeal of Erebos,16,230,0,14,18,278,1,1,0,1,1,1,2,0,1,0,0,0,0,1,0,0,0,0,1,0.19,0,0,0
Ordeal of Heliod,16,214,0,14,18,262,1,1,0,1,1,1,2,0,1,0,0,0,0,1,0,0,0,0,1,0.23,0,0,0
Ordeal of Nylea,15,311,0,13,18,357,1,1,0,1,1,1,2,0,1,0,0,0,0,1,0,0,0,0,1,0.2,0,0,0
Ordeal of Purphoros,19,250,0,14,18,301,1,1,0,1,1,1,2,0,1,0,0,0,0,1,0,0,0,0,1,0.19,0,0,0
Ordeal of Thassa,16,212,0,11,18,257,1,1,0,1,1,1,2,0,1,0,0,0,0,1,0,0,0,0,1,0.2,0,0,0
Order of the Stars,18,157,76,14,23,288,1,1,0,1,2,1,1,0,1,0,0,0,0,0,0,1,0,0,1,0.32,0,0,0
Ordruun Veteran,15,188,89,12,27,331,2,2,0,1,2,1,4,0,1,0,0,0,0,0,0,1,0,0,2,0.19,0,0,0
Ore Gorger,10,81,148,7,17,263,1,1,0,1,1,1,5,0,1,0,0,0,0,0,0,1,0,0,2,0.2,0,0,0
Ornitharch,10,239,0,13,17,279,1,1,0,1,1,1,5,0,1,0,0,0,0,0,0,1,0,0,2,0.2,0,0,0
Ornithopter,11,6,97,15,27,156,0,0,0,2,1,1,0,0,1,0,0,0,0,0,1,1,0,0,0,0.23,0,0,0
Ornithopter,11,6,105,15,27,164,0,0,0,2,1,1,0,0,1,0,0,0,0,0,1,1,0,0,0,0.25,0,0,0
Ornithopter,11,6,105,15,27,164,0,0,0,2,1,1,0,0,1,0,0,0,0,0,1,1,0,0,0,0.3,0,0,0
Ornithopter,11,6,105,12,27,161,0,0,0,2,1,1,0,0,1,0,0,0,0,0,1,1,0,0,0,0.39,0,0,0
Ornithopter,11,6,159,12,27,215,0,0,0,2,1,1,0,0,1,0,0,0,0,0,1,1,0,0,0,0.43,0,0,0
Ornithopter,11,6,159,12,27,215,0,0,0,2,1,1,0,0,1,0,0,0,0,0,1,1,0,0,0,0.45,0,0,0
Orochi Eggwatcher,17,115,0,9,23,164,1,1,0,1,2,1,3,0,1,0,0,0,0,0,0,1,0,0,1,0.21,0,0,0
Orzhov Charm,12,286,0,12,7,317,2,2,0,1,0,1,2,0,1,0,0,1,0,0,0,0,0,0,2,0.25,0,0,0
Orzhov Guildmage,16,69,0,12,23,120,2,2,0,1,2,1,2,0,1,0,0,0,0,0,0,1,0,0,2,0.23,0,0,0
Orzhov Keyrune,14,149,66,16,8,253,0,2,-2,1,0,1,3,0,1,0,0,0,0,0,1,0,0,0,0,0.18,0,0,0
Orzhova  the Church of Deals,28,95,69,17,4,213,0,2,-2,1,0,1,0,0,1,0,0,0,0,0,0,0,1,0,0,0.22,0,0,0
Otepec Huntmaster,17,99,67,7,23,213,1,1,0,1,2,1,2,0,1,0,0,0,0,0,0,1,0,0,1,0.54,0,0,0
Otherworldly Journey,20,151,161,12,16,360,1,1,0,1,1,1,2,0,1,0,0,1,0,0,0,0,0,0,1,0.23,0,0,0
Ouphe Vandals,13,176,97,14,22,322,1,1,0,1,2,1,3,0,1,0,0,0,0,0,0,1,0,0,1,0.19,0,0,0
Oust,4,94,43,11,7,159,1,1,0,1,0,1,1,0,1,0,0,0,1,0,0,0,0,0,1,0.19,0,0,0
Outland Boar,12,64,138,13,15,242,2,2,0,1,1,1,4,0,1,0,0,0,0,0,0,1,0,0,2,0.21,0,0,0
Outrage Shaman,14,172,73,13,24,296,1,1,0,1,2,1,5,0,1,0,0,0,0,0,0,1,0,0,2,0.23,0,0,0
Outrider en-Kor,15,242,0,20,27,304,1,1,0,1,3,1,3,0,1,0,0,0,0,0,0,1,0,0,1,0.23,0,0,0
Ovalchase Daredevil,19,132,39,13,22,225,1,1,0,1,2,1,4,0,1,0,0,0,0,0,0,1,0,0,1,0.19,0,0,0
Ovalchase Dragster,18,152,50,20,18,258,0,0,0,1,1,1,4,0,1,0,0,0,0,0,1,0,0,0,0,0.2,0,0,0
Overblaze,9,318,0,11,16,354,1,1,0,1,1,1,4,0,1,0,0,1,0,0,0,0,0,0,1,0.25,0,0,0
Overcome,8,67,58,16,7,156,1,1,0,1,0,1,5,0,1,0,0,0,1,0,0,0,0,0,2,0.22,0,0,0
Overrun,7,67,0,14,7,95,1,1,0,1,0,1,5,0,1,0,0,0,1,0,0,0,0,0,3,0.23,0,0,0
Overrun,7,67,0,14,7,95,1,1,0,1,0,1,5,0,1,0,0,0,1,0,0,0,0,0,3,0.23,0,0,0
Overrun,7,67,20,14,7,115,1,1,0,1,0,1,5,0,1,0,0,0,1,0,0,0,0,0,3,0.25,0,0,0
Overwhelm,9,199,70,14,7,299,1,1,0,1,0,1,7,0,1,0,0,0,1,0,0,0,0,0,2,0.19,0,0,0
Overwhelm,9,199,78,14,7,307,1,1,0,1,0,1,7,0,1,0,0,0,1,0,0,0,0,0,2,0.21,0,0,0
Overwhelming Intellect,22,84,17,22,7,152,1,1,0,1,0,1,6,0,1,0,0,1,0,0,0,0,0,0,2,0.29,0,0,0
Ovinize,7,92,102,14,7,222,1,1,0,1,0,1,2,0,1,0,0,1,0,0,0,0,0,0,1,0.25,0,0,0
Oxidda Scrapmelter,18,72,63,13,16,182,1,1,0,1,1,1,4,0,1,0,0,0,0,0,0,1,0,0,1,0.18,0,0,0
Oxidize,7,49,48,10,7,121,1,1,0,1,0,1,1,0,1,0,0,1,0,0,0,0,0,0,1,0.29,0,0,0
Pacification Array,18,42,194,13,8,275,0,0,0,1,0,1,1,0,1,0,0,0,0,0,1,0,0,0,0,0.21,0,0,0
Pack Guardian,13,190,0,14,22,239,1,1,0,1,2,1,4,0,1,0,0,0,0,0,0,1,0,0,2,0.21,0,0,0
Pain Kami,9,73,151,14,17,264,1,1,0,1,1,1,3,0,1,0,0,0,0,0,0,1,0,0,1,0.21,0,0,0
Pain Magnification,18,95,123,14,11,261,2,2,0,1,0,1,3,0,1,0,0,0,0,1,0,0,0,0,2,0.47,0,0,0
Painsmith,9,114,89,14,26,252,1,1,0,1,2,1,2,0,1,0,0,0,0,0,0,1,0,0,1,0.19,0,0,0
Painwracker Oni,15,174,81,16,23,309,1,1,0,1,2,1,5,0,1,0,0,0,0,0,0,1,0,0,2,0.2,0,0,0
Paladin of Prahv,16,270,0,15,23,324,1,1,0,1,2,1,6,0,1,0,0,0,0,0,0,1,0,0,2,0.21,0,0,0
Pale Rider of Trostad,21,138,103,12,17,291,1,1,0,1,1,1,2,0,1,0,0,0,0,0,0,1,0,0,1,0.22,0,0,0
Pale Wayfarer,13,136,72,14,23,258,1,1,0,1,2,1,7,0,1,0,0,0,0,0,0,1,0,0,2,0.22,0,0,0
Palladium Myr,13,34,83,12,23,165,0,0,0,2,1,1,3,0,1,0,0,0,0,0,1,1,0,0,0,0.63,0,0,0
Palliation Accord,17,211,0,15,11,254,2,2,0,1,0,1,5,0,1,0,0,0,0,1,0,0,0,0,2,0.21,0,0,0
Paradise Mantle,15,83,0,16,20,134,0,0,0,1,1,1,0,0,1,0,0,0,0,0,1,0,0,0,0,1.99,1,0,0
Paradise Plume,14,188,42,13,8,265,0,0,0,1,0,1,4,0,1,0,0,0,0,0,1,0,0,0,0,0.21,0,0,0
Paradox Haze,12,137,134,12,18,313,1,1,0,1,1,1,3,0,1,0,0,0,0,1,0,0,0,0,1,3.14,1,0,0
Paragon of Eternal Wilds,24,280,0,13,22,339,1,1,0,1,2,1,4,0,1,0,0,0,0,0,0,1,0,0,1,0.2,0,0,0
Paragon of Fierce Defiance,26,158,0,15,24,223,1,1,0,1,2,1,4,0,1,0,0,0,0,0,0,1,0,0,1,0.2,0,0,0
Paragon of Gathering Mists,26,126,0,16,23,191,1,1,0,1,2,1,4,0,1,0,0,0,0,0,0,1,0,0,1,0.21,0,0,0
Paragon of New Dawns,20,168,0,11,24,223,1,1,0,1,2,1,4,0,1,0,0,0,0,0,0,1,0,0,1,0.23,0,0,0
Paragon of Open Graves,22,206,0,7,27,262,1,1,0,1,2,1,4,0,1,0,0,0,0,0,0,1,0,0,1,0.21,0,0,0
Paragon of the Amesha,21,131,134,10,23,319,1,5,-4,1,2,1,3,0,1,0,0,0,0,0,0,1,0,0,1,0.22,0,0,0
Paranoid Parish-Blade,21,140,59,12,24,256,1,1,0,1,2,1,3,0,1,0,0,0,0,0,0,1,0,0,1,0.2,0,0,0
Paraselene,10,82,105,8,7,212,1,1,0,1,0,1,3,0,1,0,0,0,1,0,0,0,0,0,1,0.19,0,0,0
Patagia Golem,13,50,85,10,25,183,0,0,0,2,1,1,4,0,1,0,0,0,0,0,1,1,0,0,0,0.21,0,0,0
Patagia Viper,13,191,0,19,16,239,1,2,-1,1,1,1,4,0,1,0,0,0,0,0,0,1,0,0,1,0.22,0,0,0
Path to Exile,13,166,0,13,7,199,1,1,0,1,0,1,1,0,1,0,0,1,0,0,0,0,0,0,1,7.47,1,1,0
Pathrazer of Ulamog,19,165,51,10,18,263,0,0,0,1,1,1,11,0,1,0,0,0,0,0,0,1,0,0,0,1.49,1,0,0
Pathway Arrows,14,150,78,10,20,272,0,0,0,1,1,1,1,0,1,0,0,0,0,0,1,0,0,0,0,0.2,0,0,0
Patrol Signaler,15,90,91,14,26,236,1,1,0,1,2,1,2,0,1,0,0,0,0,0,0,1,0,0,1,0.26,0,0,0
Patron of the Valiant,21,134,71,12,16,254,1,1,0,1,1,1,5,0,1,0,0,0,0,0,0,1,0,0,2,0.21,0,0,0
Pawn of Ulamog,14,192,0,7,25,238,1,1,0,1,2,1,3,0,1,0,0,0,0,0,0,1,0,0,2,0.27,0,0,0
Peace of Mind,13,37,130,19,11,210,1,1,0,1,0,1,2,0,1,0,0,0,0,1,0,0,0,0,1,0.19,0,0,0
Peace of Mind,13,37,76,13,11,150,1,1,0,1,0,1,2,0,1,0,0,0,0,1,0,0,0,0,1,0.23,0,0,0
Peace Strider,13,59,95,13,29,209,0,0,0,2,1,1,4,0,1,0,0,0,0,0,1,1,0,0,0,0.18,0,0,0
Peach Garden Oath,17,46,165,9,7,244,1,1,0,1,0,1,1,0,1,0,0,0,1,0,0,0,0,0,1,0.25,0,0,0
Peak Eruption,13,80,123,13,7,236,1,1,0,1,0,1,3,0,1,0,0,0,1,0,0,0,0,0,1,0.19,0,0,0
Pearl Shard,11,107,75,12,8,213,0,1,-1,1,0,1,3,0,1,0,0,0,0,0,1,0,0,0,0,0.18,0,0,0
Peema Aether-Seer,17,203,36,11,20,287,1,1,0,1,2,1,4,0,1,0,0,0,0,0,0,1,0,0,1,0.2,0,0,0
Pelakka Wurm,12,103,58,16,15,204,1,1,0,1,1,1,7,0,1,0,0,0,0,0,0,1,0,0,3,0.25,0,0,0
Pendelhaven Elder,17,64,138,12,21,252,1,1,0,1,2,1,2,0,1,0,0,0,0,0,0,1,0,0,1,0.22,0,0,0
Pennon Blade,12,69,109,22,20,232,0,0,0,1,1,1,3,0,1,0,0,0,0,0,1,0,0,0,0,0.2,0,0,0
Peregrination,13,269,0,11,7,300,1,1,0,1,0,1,4,0,1,0,0,0,1,0,0,0,0,0,1,0.21,0,0,0
Peregrine Mask,14,67,62,20,20,183,0,0,0,1,1,1,1,0,1,0,0,0,0,0,1,0,0,0,0,0.23,0,0,0
Perfected Form,14,6,179,9,24,232,1,1,0,1,2,1,4,0,1,0,0,0,0,0,0,1,0,0,0,0.21,0,0,0
Perilous Forays,15,152,100,10,11,288,1,1,0,1,0,1,5,0,1,0,0,0,0,1,0,0,0,0,2,1.7,1,0,0
Perilous Predicament,20,73,36,18,7,154,1,1,0,1,0,1,5,0,1,0,0,1,0,0,0,0,0,0,1,0.21,0,0,0
Perilous Research,17,43,157,11,7,235,1,1,0,1,0,1,2,0,1,0,0,1,0,0,0,0,0,0,1,0.3,0,0,0
Perilous Voyage,15,120,62,11,7,215,1,1,0,1,0,1,2,0,1,0,0,1,0,0,0,0,0,0,1,0.22,0,0,0
Perimeter Captain,17,83,61,15,24,200,1,1,0,1,2,1,1,0,1,0,0,0,0,0,0,1,0,0,1,0.38,0,0,0
Permafrost Trap,15,257,0,11,14,297,1,1,0,1,1,1,4,0,1,0,0,1,0,0,0,0,0,0,2,0.19,0,0,0
Perpetual Timepiece,19,169,82,12,8,290,0,0,0,1,0,1,2,0,1,0,0,0,0,0,1,0,0,0,0,0.2,0,0,0
Persuasion,10,146,59,16,18,249,1,1,0,1,1,1,5,0,1,0,0,0,0,1,0,0,0,0,2,0.3,0,0,0
Petals of Insight,17,198,0,17,16,248,1,1,0,1,1,1,5,0,1,0,0,0,1,0,0,0,0,0,1,0.22,0,0,0
Phalanx Formation,17,217,0,9,7,250,1,1,0,1,0,1,3,0,1,0,0,1,0,0,0,0,0,0,1,0.2,0,0,0
Phalanx Leader,14,113,109,13,24,273,1,1,0,1,2,1,2,0,1,0,0,0,0,0,0,1,0,0,2,0.23,0,0,0
Phantasmagorian,15,187,0,11,17,230,1,1,0,1,1,1,7,0,1,0,0,0,0,0,0,1,0,0,2,0.57,0,0,0
Phantasmal Abomination,22,92,101,11,19,245,1,1,0,1,1,1,3,0,1,0,0,0,0,0,0,1,0,0,2,0.2,0,0,0
Phantasmal Dragon,17,85,66,14,26,208,1,1,0,1,2,1,4,0,1,0,0,0,0,0,0,1,0,0,2,0.23,0,0,0
Phantom General,15,38,97,19,25,194,1,1,0,1,2,1,4,0,1,0,0,0,0,0,0,1,0,0,1,0.2,0,0,0
Phantom Warrior,15,33,83,12,27,170,1,1,0,1,2,1,3,0,1,0,0,0,0,0,0,1,0,0,2,0.2,0,0,0
Phantom Warrior,15,33,83,12,27,170,1,1,0,1,2,1,3,0,1,0,0,0,0,0,0,1,0,0,2,0.2,0,0,0
Phantom Warrior,15,33,69,12,27,156,1,1,0,1,2,1,3,0,1,0,0,0,0,0,0,1,0,0,2,0.21,0,0,0
Phantom Warrior,15,33,143,12,27,230,1,1,0,1,2,1,3,0,1,0,0,0,0,0,0,1,0,0,2,0.22,0,0,0
Phantom Warrior,15,33,143,12,27,230,1,1,0,1,2,1,3,0,1,0,0,0,0,0,0,1,0,0,2,0.24,0,0,0
Phantom Wurm,12,172,60,12,22,278,1,1,0,1,2,1,6,0,1,0,0,0,0,0,0,1,0,0,2,0.21,0,0,0
Pharika's Mender,16,130,123,16,17,302,2,2,0,1,1,1,5,0,1,0,0,0,0,0,0,1,0,0,2,0.19,0,0,0
Pheres-Band Raiders,19,143,61,11,26,260,1,1,0,1,2,1,6,0,1,0,0,0,0,0,0,1,0,0,1,0.2,0,0,0
Phobian Phantasm,16,270,0,15,19,320,1,1,0,1,1,1,3,0,1,0,0,0,0,0,0,1,0,0,2,0.22,0,0,0
Phosphorescent Feast,20,120,58,11,7,216,1,1,0,1,0,1,5,0,1,0,0,0,1,0,0,0,0,0,3,0.2,0,0,0
Phosphorescent Feast,20,120,95,12,7,254,1,1,0,1,0,1,5,0,1,0,0,0,1,0,0,0,0,0,3,0.21,0,0,0
Phthisis,8,334,0,14,7,363,1,1,0,1,0,1,7,0,1,0,0,0,1,0,0,0,0,0,4,0.21,0,0,0
Phyrexian Gargantua,19,88,53,14,17,191,1,1,0,1,1,1,6,0,1,0,0,0,0,0,0,1,0,0,2,0.23,0,0,0
Phyrexian Hulk,14,0,101,15,25,155,0,0,0,2,1,1,6,0,1,0,0,0,0,0,1,1,0,0,0,0.17,0,0,0
Phyrexian Hulk,14,0,141,17,25,197,0,0,0,2,1,1,6,0,1,0,0,0,0,0,1,1,0,0,0,0.2,0,0,0
Phyrexian Hulk,14,0,141,17,25,197,0,0,0,2,1,1,6,0,1,0,0,0,0,0,1,1,0,0,0,0.23,0,0,0
Phyrexian Ironfoot,18,145,127,18,34,342,0,0,0,2,1,1,3,0,1,0,0,0,0,0,1,1,0,0,0,0.24,0,0,0
Phyrexian Juggernaut,20,175,42,10,30,277,0,0,0,2,1,1,6,0,1,0,0,0,0,0,1,1,0,0,0,0.18,0,0,0
Phyrexian Snowcrusher,21,165,80,11,35,312,0,0,0,2,1,1,6,0,1,0,0,0,0,0,1,1,0,0,0,0.22,0,0,0
Phyrexian Totem,15,226,0,13,8,262,0,1,-1,1,0,1,3,0,1,0,0,0,0,0,1,0,0,0,0,0.24,0,0,0
Phyrexian Vault,15,44,98,13,8,178,0,0,0,1,0,1,3,0,1,0,0,0,0,0,1,0,0,0,0,0.23,0,0,0
Phyrexia's Core,15,81,67,15,4,182,0,0,0,1,0,1,0,0,1,0,0,0,0,0,0,0,1,0,0,0.2,0,0,0
Pick the Brain,14,352,0,15,7,388,1,1,0,1,0,1,3,0,1,0,0,0,1,0,0,0,0,0,1,0.22,0,0,0
Pierce Strider,14,73,97,13,29,226,0,0,0,2,1,1,4,0,1,0,0,0,0,0,1,1,0,0,0,0.19,0,0,0
Pilgrim of the Fires,20,21,177,4,25,247,0,0,0,2,1,1,7,0,1,0,0,0,0,0,1,1,0,0,0,0.21,0,0,0
Pilgrim's Eye,13,161,69,9,27,279,0,0,0,2,1,1,3,0,1,0,0,0,0,0,1,1,0,0,0,0.2,0,0,0
Pillar of Origins,17,184,0,7,8,216,0,0,0,1,0,1,2,0,1,0,0,0,0,0,1,0,0,0,0,0.2,0,0,0
Pillar of War,13,96,65,14,25,213,0,0,0,2,1,1,3,0,1,0,0,0,0,0,1,1,0,0,0,0.2,0,0,0
Pine Walker,11,212,0,12,20,255,1,1,0,1,1,1,5,0,1,0,0,0,0,0,0,1,0,0,2,0.2,0,0,0
Pinecrest Ridge,15,129,0,9,4,157,0,2,-2,1,0,1,0,0,1,0,0,0,0,0,0,0,1,0,0,0.22,0,0,0
Pinnacle of Rage,16,79,47,12,7,161,1,1,0,1,0,1,6,0,1,0,0,0,1,0,0,0,0,0,2,0.2,0,0,0
Pious Evangel,13,166,31,10,23,243,1,2,-1,1,2,1,3,0,1,0,0,0,0,0,0,1,0,0,1,0.21,0,0,0
Piston Sledge,13,143,56,12,20,244,0,0,0,1,1,1,3,0,1,0,0,0,0,0,1,0,0,0,0,0.19,0,0,0
Pitfall Trap,12,145,53,15,14,239,1,1,0,1,1,1,3,0,1,0,0,1,0,0,0,0,0,0,1,0.2,0,0,0
Plague Myr,10,157,61,14,23,265,0,0,0,2,1,1,2,0,1,0,0,0,0,0,1,1,0,0,0,0.35,0,0,0
Plagued Rusalka,15,72,107,22,17,233,1,1,0,1,1,1,1,0,1,0,0,0,0,0,0,1,0,0,1,0.2,0,0,0
Plaguemaw Beast,15,171,61,12,16,275,1,1,0,1,1,1,5,0,1,0,0,0,0,0,0,1,0,0,2,0.22,0,0,0
Plasma Elemental,16,34,139,10,20,219,1,1,0,1,1,1,6,0,1,0,0,0,0,0,0,1,0,0,1,0.2,0,0,0
Plated Crusher,14,17,167,13,16,227,1,1,0,1,1,1,7,0,1,0,0,0,0,0,0,1,0,0,3,0.2,0,0,0
Plated Pegasus,14,195,0,16,18,243,1,1,0,1,1,1,3,0,1,0,0,0,0,0,0,1,0,0,1,0.21,0,0,0
Plaxcaster Frogling,19,315,0,12,22,368,2,2,0,1,2,1,3,0,1,0,0,0,0,0,0,1,0,0,2,0.56,0,0,0
Plaxmanta,9,234,0,12,16,271,1,2,-1,1,1,1,2,0,1,0,0,0,0,0,0,1,0,0,1,0.22,0,0,0
Plumeveil,9,22,163,9,20,223,2,2,0,1,1,1,3,0,1,0,0,0,0,0,0,1,0,0,3,0.26,0,0,0
Pollen Lullaby,14,348,0,11,7,380,1,1,0,1,0,1,2,0,1,0,0,1,0,0,0,0,0,0,1,0.25,0,0,0
Pollenbright Wings,18,162,0,14,18,212,2,2,0,1,1,1,6,0,1,0,0,0,0,1,0,0,0,0,2,0.23,0,0,0
Pongify,7,104,64,14,7,196,1,1,0,1,0,1,1,0,1,0,0,1,0,0,0,0,0,0,1,3.01,1,0,0
Pooling Venom,13,113,68,10,18,222,1,1,0,1,1,1,2,0,1,0,0,0,0,1,0,0,0,0,1,0.4,0,0,0
Pore Over the Pages,19,61,118,17,7,222,1,1,0,1,0,1,5,0,1,0,0,0,1,0,0,0,0,0,2,0.2,0,0,0
Possessed Skaab,15,175,44,11,17,262,2,2,0,1,1,1,5,0,1,0,0,0,0,0,0,1,0,0,2,0.22,0,0,0
Postmortem Lunge,16,205,0,7,7,235,1,1,0,1,0,1,1,0,1,0,0,0,1,0,0,0,0,0,1,0.27,0,0,0
Pouncing Wurm,13,175,0,16,15,219,1,1,0,1,1,1,4,0,1,0,0,0,0,0,0,1,0,0,1,0.22,0,0,0
Power Conduit,13,149,75,13,8,258,0,0,0,1,0,1,2,0,1,0,0,0,0,0,1,0,0,0,0,0.42,0,0,0
Prahv  Spires of Order,22,112,68,17,4,223,0,2,-2,1,0,1,0,0,1,0,0,0,0,0,0,0,1,0,0,0.24,0,0,0
Predatory Focus,15,103,84,29,7,238,1,1,0,1,0,1,5,0,1,0,0,0,1,0,0,0,0,0,2,0.22,0,0,0
Premature Burial,16,89,149,13,7,274,1,1,0,1,0,1,2,0,1,0,0,0,1,0,0,0,0,0,1,0.2,0,0,0
Presence of the Wise,20,43,49,19,7,138,1,1,0,1,0,1,4,0,1,0,0,0,1,0,0,0,0,0,2,0.21,0,0,0
Press into Service,18,177,0,14,7,216,1,1,0,1,0,1,5,0,1,0,0,0,1,0,0,0,0,0,1,0.2,0,0,0
Press the Advantage,19,77,82,11,7,196,1,1,0,1,0,1,4,0,1,0,0,1,0,0,0,0,0,0,2,0.22,0,0,0
Prey's Vengeance,16,221,0,13,7,257,1,1,0,1,0,1,1,0,1,0,0,1,0,0,0,0,0,0,1,0.22,0,0,0
Priest of Urabrask,18,80,86,10,23,217,1,1,0,1,2,1,3,0,1,0,0,0,0,0,0,1,0,0,1,0.19,0,0,0
Primal Bellow,13,73,135,11,7,239,1,1,0,1,0,1,1,0,1,0,0,1,0,0,0,0,0,0,1,0.21,0,0,0
Primal Clay,11,245,0,14,32,302,0,0,0,2,1,1,4,0,1,0,0,0,0,0,1,1,0,0,0,0.19,0,0,0
Primal Forcemage,16,112,104,13,21,266,1,1,0,1,2,1,3,0,1,0,0,0,0,0,0,1,0,0,1,0.23,0,0,0
Primal Rage,11,206,84,12,11,324,1,1,0,1,0,1,2,0,1,0,0,0,0,1,0,0,0,0,1,1.85,1,0,0
Primeval Light,14,48,173,10,7,252,1,1,0,1,0,1,4,0,1,0,0,0,1,0,0,0,0,0,1,0.23,0,0,0
Primeval Shambler,17,52,59,6,27,161,1,1,0,1,2,1,5,0,1,0,0,0,0,0,0,1,0,0,1,0.21,0,0,0
Prism Ring,10,117,59,16,8,210,0,0,0,1,0,1,1,0,1,0,0,0,0,0,1,0,0,0,0,0.22,0,0,0
Prison Term,11,223,47,29,18,328,1,1,0,1,1,1,3,0,1,0,0,0,0,1,0,0,0,0,2,1.43,1,0,0
Prized Elephant,15,275,0,15,19,324,1,2,-1,1,1,1,4,0,1,0,0,0,0,0,0,1,0,0,1,0.18,0,0,0
Prized Unicorn,14,49,144,8,18,233,1,1,0,1,1,1,4,0,1,0,0,0,0,0,0,1,0,0,1,0.2,0,0,0
Prized Unicorn,14,49,144,8,18,233,1,1,0,1,1,1,4,0,1,0,0,0,0,0,0,1,0,0,1,0.2,0,0,0
Prized Unicorn,14,49,144,8,18,233,1,1,0,1,1,1,4,0,1,0,0,0,0,0,0,1,0,0,1,0.31,0,0,0
Processor Assault,17,203,83,13,7,323,0,1,-1,1,0,1,2,0,1,0,0,0,1,0,0,0,0,0,1,0.19,0,0,0
Prodigal Pyromancer,19,69,40,13,23,164,1,1,0,1,2,1,3,0,1,0,0,0,0,0,0,1,0,0,1,0.19,0,0,0
Prodigal Pyromancer,19,69,40,13,23,164,1,1,0,1,2,1,3,0,1,0,0,0,0,0,0,1,0,0,1,0.19,0,0,0
Profane Memento,15,92,108,15,8,238,0,0,0,1,0,1,1,0,1,0,0,0,0,0,1,0,0,0,0,0.2,0,0,0
Prophet of Distortion,21,86,41,13,24,185,0,1,-1,1,2,1,1,0,1,0,0,0,0,0,0,1,0,0,1,0.18,0,0,0
Protection of the Hekma,23,84,136,18,11,272,1,1,0,1,0,1,5,0,1,0,0,0,0,1,0,0,0,0,1,0.21,0,0,0
Protomatter Powder,18,110,128,12,8,276,1,2,-1,1,0,1,3,0,1,0,0,0,0,0,1,0,0,0,1,0.2,0,0,0
Prowess of the Fair,19,133,109,13,24,298,1,1,0,2,1,1,2,0,1,0,0,0,0,1,0,0,0,0,1,0.26,0,0,0
Prowler's Helm,14,61,135,13,20,243,0,0,0,1,1,1,2,0,1,0,0,0,0,0,1,0,0,0,0,0.17,0,0,0
Prying Questions,16,95,79,13,7,210,1,1,0,1,0,1,3,0,1,0,0,0,1,0,0,0,0,0,1,0.2,0,0,0
Psychic Drain,13,103,152,13,7,288,2,2,0,1,0,1,2,0,1,0,0,0,1,0,0,0,0,0,2,0.47,0,0,0
Psychic Membrane,16,93,51,13,15,188,1,1,0,1,1,1,3,0,1,0,0,0,0,0,0,1,0,0,1,0.18,0,0,0
Psychic Overload,16,234,0,13,18,281,1,1,0,1,1,1,4,0,1,0,0,0,0,1,0,0,0,0,1,0.2,0,0,0
Psychic Rebuttal,16,230,91,13,7,357,1,1,0,1,0,1,2,0,1,0,0,1,0,0,0,0,0,0,1,0.23,0,0,0
Psychic Spiral,14,153,82,13,7,269,1,1,0,1,0,1,5,0,1,0,0,1,0,0,0,0,0,0,1,0.2,0,0,0
Psychotrope Thallid,19,216,0,12,17,264,1,1,0,1,1,1,3,0,1,0,0,0,0,0,0,1,0,0,1,1.74,1,0,0
Public Execution,16,116,68,15,7,222,1,1,0,1,0,1,6,0,1,0,0,1,0,0,0,0,0,0,1,0.18,0,0,0
Pull from Eternity,18,58,63,10,7,156,1,1,0,1,0,1,1,0,1,0,0,1,0,0,0,0,0,0,1,0.45,0,0,0
Pull from the Deep,18,130,55,8,7,218,1,1,0,1,0,1,4,0,1,0,0,0,1,0,0,0,0,0,2,0.22,0,0,0
Punishing Fire,14,176,0,19,7,216,1,1,0,1,0,1,2,0,1,0,0,1,0,0,0,0,0,0,1,0.32,0,0,0
Puppet Conjurer,15,120,104,15,32,286,1,2,-1,2,2,1,2,0,1,0,0,0,0,0,1,1,0,0,1,0.21,0,0,0
Puppeteer,9,47,95,16,23,190,1,1,0,1,2,1,3,0,1,0,0,0,0,0,0,1,0,0,1,0.22,0,0,0
Puppeteer,9,47,95,16,23,190,1,1,0,1,2,1,3,0,1,0,0,0,0,0,0,1,0,0,1,0.23,0,0,0
Puppeteer,9,47,103,10,23,192,1,1,0,1,2,1,3,0,1,0,0,0,0,0,0,1,0,0,1,0.25,0,0,0
Puresight Merrow,16,101,57,14,25,213,2,2,0,1,2,1,2,0,1,0,0,0,0,0,0,1,0,0,2,0.22,0,0,0
Purge,5,76,70,12,7,170,1,1,0,1,0,1,2,0,1,0,0,1,0,0,0,0,0,0,1,0.2,0,0,0
Purify the Grave,16,133,82,10,7,248,1,1,0,1,0,1,1,0,1,0,0,1,0,0,0,0,0,0,1,0.2,0,0,0
Purphoros's Emissary,20,283,0,10,25,338,1,1,0,2,1,1,4,0,1,0,0,0,0,1,0,1,0,0,1,0.19,0,0,0
Pus Kami,8,200,0,11,17,236,1,1,0,1,1,1,7,0,1,0,0,0,0,0,0,1,0,0,2,0.23,0,0,0
Putrefy,7,61,134,13,7,222,2,2,0,1,0,1,3,0,1,0,0,1,0,0,0,0,0,0,2,0.24,0,0,0
Putrefy,7,61,114,10,7,199,2,2,0,1,0,1,3,0,1,0,0,1,0,0,0,0,0,0,2,0.29,0,0,0
Pyre Charger,12,53,150,8,28,251,1,1,0,1,2,1,2,0,1,0,0,0,0,0,0,1,0,0,2,0.2,0,0,0
Pyreheart Wolf,14,295,0,15,15,339,1,1,0,1,1,1,3,0,1,0,0,0,0,0,0,1,0,0,1,0.22,0,0,0
Pyroclasm,9,42,60,9,7,127,1,1,0,1,0,1,2,0,1,0,0,0,1,0,0,0,0,0,1,0.35,0,0,0
Pyroclasm,9,42,60,9,7,127,1,1,0,1,0,1,2,0,1,0,0,0,1,0,0,0,0,0,1,0.36,0,0,0
Pyroclasm,9,42,62,9,7,129,1,1,0,1,0,1,2,0,1,0,0,0,1,0,0,0,0,0,1,0.48,0,0,0
Pyroclasm,9,42,62,9,7,129,1,1,0,1,0,1,2,0,1,0,0,0,1,0,0,0,0,0,1,0.52,0,0,0
Pyroclasm,9,42,62,9,7,129,1,1,0,1,0,1,2,0,1,0,0,0,1,0,0,0,0,0,1,0.57,0,0,0
Pyroclast Consul,16,220,0,19,27,282,1,1,0,1,2,1,5,0,1,0,0,0,0,0,0,1,0,0,2,0.21,0,0,0
Pyroconvergence,15,100,87,9,11,222,1,1,0,1,0,1,5,0,1,0,0,0,0,1,0,0,0,0,1,0.18,0,0,0
Pyrohemia,9,158,0,14,11,192,1,1,0,1,0,1,4,0,1,0,0,0,0,1,0,0,0,0,2,4.84,1,0,0
Pyromancer's Assault,20,112,52,13,11,208,1,1,0,1,0,1,4,0,1,0,0,0,0,1,0,0,0,0,1,0.2,0,0,0
Pyrotechnics,12,102,55,9,7,185,1,1,0,1,0,1,5,0,1,0,0,0,1,0,0,0,0,0,1,0.2,0,0,0
Pyrotechnics,12,102,101,12,7,234,1,1,0,1,0,1,5,0,1,0,0,0,1,0,0,0,0,0,1,0.21,0,0,0
Qal Sisma Behemoth,18,60,114,12,23,227,1,1,0,1,2,1,3,0,1,0,0,0,0,0,0,1,0,0,1,0.21,0,0,0
Qarsi Deceiver,14,200,0,16,22,252,1,1,0,1,2,1,2,0,1,0,0,0,0,0,0,1,0,0,1,0.22,0,0,0
Qarsi High Priest,17,213,30,12,23,295,1,1,0,1,2,1,1,0,1,0,0,0,0,0,0,1,0,0,1,0.21,0,0,0
Qasali Ambusher,15,161,57,10,22,265,2,2,0,1,2,1,3,0,1,0,0,0,0,0,0,1,0,0,2,0.53,0,0,0
Quarry Beetle,13,114,85,10,17,239,1,1,0,1,1,1,5,0,1,0,0,0,0,0,0,1,0,0,1,0.2,0,0,0
Quarry Colossus,15,180,0,13,16,224,1,1,0,1,1,1,7,0,1,0,0,0,0,0,0,1,0,0,2,0.2,0,0,0
Quash,5,202,0,10,7,224,1,1,0,1,0,1,4,0,1,0,0,1,0,0,0,0,0,0,2,0.26,0,0,0
Quest for Ancient Secrets,25,260,0,11,11,307,1,1,0,1,0,1,1,0,1,0,0,0,0,1,0,0,0,0,1,0.19,0,0,0
Quest for Pure Flame,20,325,0,20,11,376,1,1,0,1,0,1,1,0,1,0,0,0,0,1,0,0,0,0,1,0.23,0,0,0
Quest for Renewal,17,239,0,16,11,283,1,1,0,1,0,1,2,0,1,0,0,0,0,1,0,0,0,0,1,0.49,0,0,0
Quest for the Gemblades,23,236,0,13,11,283,1,1,0,1,0,1,2,0,1,0,0,0,0,1,0,0,0,0,1,0.19,0,0,0
Quest for the Goblin Lord,25,227,29,13,11,305,1,1,0,1,0,1,1,0,1,0,0,0,0,1,0,0,0,0,1,0.41,0,0,0
Quest for the Gravelord,23,204,0,10,11,248,1,1,0,1,0,1,1,0,1,0,0,0,0,1,0,0,0,0,1,0.22,0,0,0
Quest for the Holy Relic,24,307,0,12,11,354,1,1,0,1,0,1,1,0,1,0,0,0,0,1,0,0,0,0,1,0.23,0,0,0
Quickling,9,194,0,13,23,239,1,1,0,1,2,1,2,0,1,0,0,0,0,0,0,1,0,0,1,0.23,0,0,0
Quicksand,9,128,0,11,4,152,0,0,0,1,0,1,0,0,1,0,0,0,0,0,0,0,1,0,0,0.23,0,0,0
Quicksand,9,128,0,11,4,152,0,0,0,1,0,1,0,0,1,0,0,0,0,0,0,0,1,0,0,0.24,0,0,0
Quicksmith Genius,17,111,123,13,26,290,1,1,0,1,2,1,3,0,1,0,0,0,0,0,0,1,0,0,1,0.19,0,0,0
Quiet Contemplation,19,169,0,17,11,216,1,1,0,1,0,1,3,0,1,0,0,0,0,1,0,0,0,0,1,0.2,0,0,0
Quilled Slagwurm,16,0,93,12,15,136,1,1,0,1,1,1,7,0,1,0,0,0,0,0,0,1,0,0,3,0.19,0,0,0
Quilled Sliver,14,95,152,11,17,289,1,1,0,1,1,1,2,0,1,0,0,0,0,0,0,1,0,0,1,0.25,0,0,0
Quillspike,10,99,103,14,16,242,2,2,0,1,1,1,3,0,1,0,0,0,0,0,0,1,0,0,1,2.57,1,0,0
Qumulox,7,96,90,14,16,223,1,1,0,1,1,1,8,0,1,0,0,0,0,0,0,1,0,0,2,0.2,0,0,0
Rabble-Rouser,13,216,0,13,24,266,1,1,0,1,2,1,4,0,1,0,0,0,0,0,0,1,0,0,1,0.21,0,0,0
Racecourse Fury,15,85,72,10,18,200,1,1,0,1,1,1,1,0,1,0,0,0,0,1,0,0,0,0,1,0.19,0,0,0
Ragamuffyn,10,115,108,7,24,264,1,1,0,1,2,1,3,0,1,0,0,0,0,0,0,1,0,0,1,0.21,0,0,0
Rage Extractor,14,199,64,16,8,301,1,1,0,1,0,1,5,0,1,0,0,0,0,0,1,0,0,0,1,0.19,0,0,0
Rage Forger,11,230,0,16,27,284,1,1,0,1,2,1,3,0,1,0,0,0,0,0,0,1,0,0,1,0.24,0,0,0
Rage Thrower,12,77,86,16,23,214,1,1,0,1,2,1,6,0,1,0,0,0,0,0,0,1,0,0,1,0.18,0,0,0
Rage Weaver,11,101,35,11,23,181,1,1,0,1,2,1,2,0,1,0,0,0,0,0,0,1,0,0,1,0.22,0,0,0
Rageform,8,385,0,14,11,418,1,1,0,1,0,1,4,0,1,0,0,0,0,1,0,0,0,0,2,0.21,0,0,0
Ragemonger,10,200,0,13,26,249,2,2,0,1,2,1,3,0,1,0,0,0,0,0,0,1,0,0,2,0.25,0,0,0
Raging Swordtooth,17,96,118,4,19,254,2,2,0,1,1,1,5,0,1,0,0,0,0,0,0,1,0,0,2,0.2,0,0,0
Raiders' Spoils,15,140,41,14,11,221,1,1,0,1,0,1,4,0,1,0,0,0,0,1,0,0,0,0,1,0.2,0,0,0
Raiders' Wake,13,181,41,11,11,257,1,1,0,1,0,1,4,0,1,0,0,0,0,1,0,0,0,0,1,0.2,0,0,0
Rain of Blades,14,57,93,13,7,184,1,1,0,1,0,1,1,0,1,0,0,1,0,0,0,0,0,0,1,0.2,0,0,0
Rain of Blades,14,57,93,13,7,184,1,1,0,1,0,1,1,0,1,0,0,1,0,0,0,0,0,0,1,0.21,0,0,0
Rain of Tears,13,20,177,13,7,230,1,1,0,1,0,1,3,0,1,0,0,0,1,0,0,0,0,0,2,0.61,0,0,0
Rain of Thorns,14,100,93,10,7,224,1,1,0,1,0,1,6,0,1,0,0,0,1,0,0,0,0,0,2,0.2,0,0,0
Raised by Wolves,16,162,0,16,18,212,1,1,0,1,1,1,5,0,1,0,0,0,0,1,0,0,0,0,2,0.23,0,0,0
Rakdos Cackler,14,142,73,11,16,256,2,2,0,1,1,1,1,0,1,0,0,0,0,0,0,1,0,0,1,0.19,0,0,0
Rakdos Charm,12,139,35,12,7,205,2,2,0,1,0,1,2,0,1,0,0,1,0,0,0,0,0,0,2,0.23,0,0,0
Rakdos Guildmage,16,220,0,13,24,273,2,2,0,1,2,1,2,0,1,0,0,0,0,0,0,1,0,0,2,0.21,0,0,0
Rakdos Keyrune,14,150,76,16,8,264,0,2,-2,1,0,1,3,0,1,0,0,0,0,0,1,0,0,0,0,0.18,0,0,0
Rakdos Ragemutt,15,15,111,11,26,178,2,2,0,1,2,1,5,0,1,0,0,0,0,0,0,1,0,0,2,0.2,0,0,0
Rakdos Ringleader,17,146,0,11,27,201,2,2,0,1,2,1,6,0,1,0,0,0,0,0,0,1,0,0,2,0.2,0,0,0
Raking Canopy,13,80,88,14,11,206,1,1,0,1,0,1,3,0,1,0,0,0,0,1,0,0,0,0,2,0.38,0,0,0
Rakish Heir,11,90,63,13,18,195,1,1,0,1,1,1,3,0,1,0,0,0,0,0,0,1,0,0,1,0.25,0,0,0
Rakshasa Gravecaller,20,174,38,12,20,264,1,1,0,1,2,1,5,0,1,0,0,0,0,0,0,1,0,0,1,0.23,0,0,0
Rally the Peasants,18,151,73,11,7,260,1,2,-1,1,0,1,3,0,1,0,0,1,0,0,0,0,0,0,1,0.2,0,0,0
Rallying Roar,13,62,104,11,7,197,1,1,0,1,0,1,3,0,1,0,0,1,0,0,0,0,0,0,1,0.2,0,0,0
Ramosian Revivalist,19,119,80,12,29,259,1,1,0,1,3,1,4,0,1,0,0,0,0,0,0,1,0,0,1,0.24,0,0,0
Ramroller,9,100,36,16,30,191,0,0,0,2,1,1,3,0,1,0,0,0,0,0,1,1,0,0,0,0.21,0,0,0
Ramunap Ruins,13,158,0,21,13,205,0,1,-1,1,1,1,0,0,1,0,0,0,0,0,0,0,1,0,0,0.51,0,0,0
Rancor,6,156,0,10,18,190,1,1,0,1,1,1,1,0,1,0,0,0,0,1,0,0,0,0,1,1.64,1,0,0
Ranging Raptors,15,164,58,13,19,269,1,1,0,1,1,1,3,0,1,0,0,0,0,0,0,1,0,0,1,0.36,0,0,0
Rapacious One,13,189,0,14,24,240,1,1,0,1,2,1,6,0,1,0,0,0,0,0,0,1,0,0,1,0.25,0,0,0
Rapid Hybridization,19,124,104,9,7,263,1,1,0,1,0,1,1,0,1,0,0,1,0,0,0,0,0,0,1,0.43,0,0,0
Raptor Hatchling,16,108,77,13,19,233,1,1,0,1,1,1,2,0,1,0,0,0,0,0,0,1,0,0,1,0.25,0,0,0
Ravaging Blaze,14,204,60,14,7,299,1,1,0,1,0,1,2,0,1,0,0,1,0,0,0,0,0,0,2,0.23,0,0,0
Ravaging Riftwurm,17,353,0,17,15,402,1,1,0,1,1,1,3,0,1,0,0,0,0,0,0,1,0,0,2,0.25,0,0,0
Ravenous Bloodseeker,20,66,152,11,28,277,1,1,0,1,2,1,2,0,1,0,0,0,0,0,0,1,0,0,1,0.2,0,0,0
Ravenous Intruder,17,70,184,15,18,304,1,1,0,1,1,1,2,0,1,0,0,0,0,0,0,1,0,0,1,0.22,0,0,0
Ravenous Trap,13,200,0,20,14,247,1,1,0,1,1,1,4,0,1,0,0,1,0,0,0,0,0,0,2,0.83,0,0,0
Razaketh's Rite,15,142,51,4,7,219,1,1,0,1,0,1,5,0,1,0,0,0,1,0,0,0,0,0,2,0.25,0,0,0
Razor Boomerang,15,169,41,15,20,260,0,0,0,1,1,1,3,0,1,0,0,0,0,0,1,0,0,0,0,0.2,0,0,0
Razor Hippogriff,16,170,40,12,21,259,1,1,0,1,1,1,5,0,1,0,0,0,0,0,0,1,0,0,2,0.2,0,0,0
Razorfin Abolisher,18,77,75,16,25,211,1,1,0,1,2,1,3,0,1,0,0,0,0,0,0,1,0,0,1,0.23,0,0,0
Razorjaw Oni,12,28,90,14,23,167,1,1,0,1,2,1,4,0,1,0,0,0,0,0,0,1,0,0,1,0.2,0,0,0
Reality Shift,13,265,0,11,7,296,1,1,0,1,0,1,2,0,1,0,0,1,0,0,0,0,0,0,1,0.31,0,0,0
Reality Spasm,13,68,157,11,7,256,1,1,0,1,0,1,2,0,1,0,0,1,0,0,0,0,0,0,2,0.21,0,0,0
Reality Strobe,14,343,0,9,7,373,1,1,0,1,0,1,6,0,1,0,0,0,1,0,0,0,0,0,2,0.42,0,0,0
Reap What Is Sown,17,60,96,16,7,196,2,2,0,1,0,1,3,0,1,0,0,1,0,0,0,0,0,0,2,0.2,0,0,0
Reaper of Flight Moonsilver,27,198,0,17,16,258,1,1,0,1,1,1,5,0,1,0,0,0,0,0,0,1,0,0,2,0.2,0,0,0
Reaper of Sheoldred,19,228,0,18,17,282,1,1,0,1,1,1,5,0,1,0,0,0,0,0,0,1,0,0,1,0.3,0,0,0
Reassembling Skeleton,21,83,104,10,27,245,1,1,0,1,2,1,2,0,1,0,0,0,0,0,0,1,0,0,1,0.2,0,0,0
Reassembling Skeleton,21,83,76,10,27,217,1,1,0,1,2,1,2,0,1,0,0,0,0,0,0,1,0,0,1,0.21,0,0,0
Reaver Drone,12,128,81,12,24,257,0,1,-1,1,2,1,1,0,1,0,0,0,0,0,0,1,0,0,1,0.2,0,0,0
Rebellion of the Flamekin,25,197,0,14,30,266,1,1,0,2,1,1,4,0,1,0,0,0,0,1,0,0,0,0,1,0.19,0,0,0
Reborn Hope,11,65,70,11,7,164,2,2,0,1,0,1,2,0,1,0,0,0,1,0,0,0,0,0,2,0.2,0,0,0
Rebuff the Wicked,17,58,115,14,7,211,1,1,0,1,0,1,1,0,1,0,0,1,0,0,0,0,0,0,1,2.39,1,0,0
Reciprocate,11,57,113,7,7,195,1,1,0,1,0,1,1,0,1,0,0,1,0,0,0,0,0,0,1,0.25,0,0,0
Reckless Bushwhacker,20,268,0,13,30,331,1,1,0,1,3,1,3,0,1,0,0,0,0,0,0,1,0,0,1,0.79,0,0,0
Reckless Racer,14,100,86,12,22,234,1,1,0,1,2,1,3,0,1,0,0,0,0,0,0,1,0,0,1,0.2,0,0,0
Reckless Scholar,16,54,26,14,23,133,1,1,0,1,2,1,3,0,1,0,0,0,0,0,0,1,0,0,1,0.2,0,0,0
Reckless Waif,13,91,38,16,31,189,1,1,0,1,3,1,1,0,1,0,0,0,0,0,0,1,0,0,1,0.25,0,0,0
Reckless Wurm,13,146,108,12,15,294,1,1,0,1,1,1,5,0,1,0,0,0,0,0,0,1,0,0,2,0.24,0,0,0
Reclamation Sage,16,93,118,19,21,267,1,1,0,1,2,1,3,0,1,0,0,0,0,0,0,1,0,0,1,0.4,0,0,0
Reclusive Artificer,19,222,0,16,26,283,2,2,0,1,2,1,4,0,1,0,0,0,0,0,0,1,0,0,2,0.22,0,0,0
Recollect,9,52,93,12,7,173,1,1,0,1,0,1,3,0,1,0,0,0,1,0,0,0,0,0,1,0.23,0,0,0
Recollect,9,52,93,12,7,173,1,1,0,1,0,1,3,0,1,0,0,0,1,0,0,0,0,0,1,0.24,0,0,0
Recross the Paths,17,421,0,16,7,461,1,1,0,1,0,1,3,0,1,0,0,0,1,0,0,0,0,0,1,0.2,0,0,0
Redeem the Lost,15,349,0,16,7,387,1,1,0,1,0,1,2,0,1,0,0,1,0,0,0,0,0,0,1,0.21,0,0,0
Reflector Mage,14,206,0,13,23,256,2,2,0,1,2,1,3,0,1,0,0,0,0,0,0,1,0,0,2,0.54,0,0,0
Refraction Trap,15,338,0,29,14,396,1,1,0,1,1,1,4,0,1,0,0,1,0,0,0,0,0,0,1,0.19,0,0,0
Refurbish,9,67,112,12,7,207,1,1,0,1,0,1,4,0,1,0,0,0,1,0,0,0,0,0,1,0.24,0,0,0
Regeneration,12,290,0,8,18,328,1,1,0,1,1,1,2,0,1,0,0,0,0,1,0,0,0,0,1,0.22,0,0,0
Regeneration,12,290,99,13,18,432,1,1,0,1,1,1,2,0,1,0,0,0,0,1,0,0,0,0,1,0.23,0,0,0
Reito Lantern,13,75,99,15,8,210,0,0,0,1,0,1,2,0,1,0,0,0,0,0,1,0,0,0,0,0.22,0,0,0
Reknit,6,28,97,29,7,167,2,2,0,1,0,1,2,0,1,0,0,1,0,0,0,0,0,0,1,0.2,0,0,0
Release the Ants,16,318,0,11,7,352,1,1,0,1,0,1,2,0,1,0,0,1,0,0,0,0,0,0,1,0.23,0,0,0
Relentless Hunter,17,76,101,12,24,230,2,2,0,1,2,1,3,0,1,0,0,0,0,0,0,1,0,0,2,0.19,0,0,0
Relentless Rats,15,151,0,14,14,194,1,1,0,1,1,1,3,0,1,0,0,0,0,0,0,1,0,0,2,2.19,1,0,0
Relentless Rats,15,151,0,14,14,194,1,1,0,1,1,1,3,0,1,0,0,0,0,0,0,1,0,0,2,2.19,1,0,0
Relentless Rats,15,151,0,14,14,194,1,1,0,1,1,1,3,0,1,0,0,0,0,0,0,1,0,0,2,2.25,1,0,0
Relentless Rats,15,151,0,14,14,194,1,1,0,1,1,1,3,0,1,0,0,0,0,0,0,1,0,0,2,2.46,1,0,0
Relentless Skaabs,17,244,0,13,17,291,1,1,0,1,1,1,5,0,1,0,0,0,0,0,0,1,0,0,2,0.18,0,0,0
Relic Bane,10,91,85,13,18,217,1,1,0,1,1,1,3,0,1,0,0,0,0,1,0,0,0,0,2,0.19,0,0,0
Relic Barrier,13,25,70,7,8,123,0,0,0,1,0,1,2,0,1,0,0,0,0,0,1,0,0,0,0,0.21,0,0,0
Relief Captain,14,123,55,22,26,240,1,1,0,1,3,1,4,0,1,0,0,0,0,0,0,1,0,0,2,0.2,0,0,0
Reliquary Tower,15,62,151,13,4,245,0,0,0,1,0,1,0,0,1,0,0,0,0,0,0,0,1,0,0,4.66,1,0,0
Reliquary Tower,15,62,141,13,4,235,0,0,0,1,0,1,0,0,1,0,0,0,0,0,0,0,1,0,0,4.74,1,0,0
Remand,6,141,83,14,7,251,1,1,0,1,0,1,2,0,1,0,0,1,0,0,0,0,0,0,1,6.37,1,1,0
Reminisce,9,68,83,13,7,180,1,1,0,1,0,1,3,0,1,0,0,0,1,0,0,0,0,0,1,0.23,0,0,0
Reminisce,9,68,83,13,7,180,1,1,0,1,0,1,3,0,1,0,0,0,1,0,0,0,0,0,1,0.23,0,0,0
Rending Volley,14,121,33,14,7,189,1,1,0,1,0,1,1,0,1,0,0,1,0,0,0,0,0,0,1,0.32,0,0,0
Renegade Firebrand,18,162,34,11,24,249,1,1,0,1,2,1,3,0,1,0,0,0,0,0,0,1,0,0,1,0.18,0,0,0
Renegade Rallier,16,220,31,13,24,304,2,2,0,1,2,1,3,0,1,0,0,0,0,0,0,1,0,0,2,0.28,0,0,0
Renegade Wheelsmith,19,83,84,14,22,222,2,2,0,1,2,1,3,0,1,0,0,0,0,0,0,1,0,0,2,0.23,0,0,0
Renewed Faith,13,124,79,11,7,234,1,1,0,1,0,1,3,0,1,0,0,1,0,0,0,0,0,0,1,0.2,0,0,0
Renowned Weaponsmith,20,264,0,14,26,324,1,1,0,1,2,1,2,0,1,0,0,0,0,0,0,1,0,0,1,0.22,0,0,0
Repel Intruders,15,207,0,15,7,244,2,2,0,1,0,1,4,0,1,0,0,1,0,0,0,0,0,0,1,0.21,0,0,0
Repel the Abominable,20,70,93,9,7,199,1,1,0,1,0,1,2,0,1,0,0,1,0,0,0,0,0,0,1,0.22,0,0,0
Reprisal,8,73,54,16,7,158,1,1,0,1,0,1,2,0,1,0,0,1,0,0,0,0,0,0,1,0.23,0,0,0
Reroute,7,116,67,16,7,213,1,1,0,1,0,1,2,0,1,0,0,1,0,0,0,0,0,0,1,0.22,0,0,0
Rescue from the Underworld,26,277,0,16,7,326,1,1,0,1,0,1,5,0,1,0,0,1,0,0,0,0,0,0,1,0.2,0,0,0
Research the Deep,17,270,0,12,7,306,1,1,0,1,0,1,2,0,1,0,0,0,1,0,0,0,0,0,1,0.21,0,0,0
Resize,6,237,0,11,7,261,1,1,0,1,0,1,2,0,1,0,0,1,0,0,0,0,0,0,1,0.23,0,0,0
Resolute Blademaster,20,156,76,13,29,294,2,2,0,1,3,1,5,0,1,0,0,0,0,0,0,1,0,0,2,0.2,0,0,0
Resolute Survivors,18,196,41,13,24,292,2,2,0,1,2,1,3,0,1,0,0,0,0,0,0,1,0,0,2,0.22,0,0,0
Resplendent Mentor,18,56,63,15,25,177,1,1,0,1,2,1,5,0,1,0,0,0,0,0,0,1,0,0,1,2.79,1,0,0
Restless Apparition,19,219,0,11,17,266,2,2,0,1,1,1,3,0,1,0,0,0,0,0,0,1,0,0,3,0.23,0,0,0
Restock,7,72,55,11,7,152,1,1,0,1,0,1,5,0,1,0,0,0,1,0,0,0,0,0,2,0.2,0,0,0
Restoration Gearsmith,21,124,84,21,26,276,2,2,0,1,2,1,4,0,1,0,0,0,0,0,0,1,0,0,2,0.2,0,0,0
Restoration Specialist,22,148,71,13,26,280,1,1,0,1,2,1,2,0,1,0,0,0,0,0,0,1,0,0,1,0.2,0,0,0
Restore the Peace,17,69,69,10,7,172,2,2,0,1,0,1,3,0,1,0,0,1,0,0,0,0,0,0,2,0.19,0,0,0
Retreat to Coralhelm,20,225,0,13,11,269,1,1,0,1,0,1,3,0,1,0,0,0,0,1,0,0,0,0,1,0.22,0,0,0
Retreat to Emeria,17,181,0,13,11,222,1,1,0,1,0,1,4,0,1,0,0,0,0,1,0,0,0,0,1,0.21,0,0,0
Retreat to Hagra,16,201,0,13,11,241,1,1,0,1,0,1,3,0,1,0,0,0,0,1,0,0,0,0,1,0.22,0,0,0
Retreat to Kazandu,18,143,0,13,11,185,1,1,0,1,0,1,3,0,1,0,0,0,0,1,0,0,0,0,1,0.2,0,0,0
Retreat to Valakut,18,171,0,13,11,213,1,1,0,1,0,1,3,0,1,0,0,0,0,1,0,0,0,0,1,0.2,0,0,0
Return to Dust,14,146,74,14,7,255,1,1,0,1,0,1,4,0,1,0,0,1,0,0,0,0,0,0,2,1.85,1,0,0
Revelsong Horn,14,93,70,15,8,200,0,0,0,1,0,1,2,0,1,0,0,0,0,0,1,0,0,0,0,0.2,0,0,0
Revenant,8,103,81,14,17,223,1,1,0,1,1,1,5,0,1,0,0,0,0,0,0,1,0,0,1,0.21,0,0,0
Revenant Patriarch,18,158,96,13,17,302,1,2,-1,1,1,1,5,0,1,0,0,0,0,0,0,1,0,0,1,0.22,0,0,0
Reverse Engineer,16,150,113,11,7,297,1,1,0,1,0,1,5,0,1,0,0,0,1,0,0,0,0,0,2,0.23,0,0,0
Revive,6,58,70,17,7,158,1,1,0,1,0,1,2,0,1,0,0,0,1,0,0,0,0,0,1,0.19,0,0,0
Revive,6,58,70,17,7,158,1,1,0,1,0,1,2,0,1,0,0,0,1,0,0,0,0,0,1,0.21,0,0,0
Revive the Fallen,17,323,0,15,7,362,1,1,0,1,0,1,2,0,1,0,0,0,1,0,0,0,0,0,1,0.21,0,0,0
Reviving Melody,15,151,76,16,7,265,1,1,0,1,0,1,3,0,1,0,0,0,1,0,0,0,0,0,1,0.2,0,0,0
Rewind,6,45,90,12,7,160,1,1,0,1,0,1,4,0,1,0,0,1,0,0,0,0,0,0,2,0.28,0,0,0
Rewind,6,45,41,12,7,111,1,1,0,1,0,1,4,0,1,0,0,1,0,0,0,0,0,0,2,0.37,0,0,0
Rewind,6,45,41,12,7,111,1,1,0,1,0,1,4,0,1,0,0,1,0,0,0,0,0,0,2,0.44,0,0,0
Rhonas's Monument,17,165,110,12,18,322,0,0,0,1,0,1,3,0,1,0,1,0,0,0,1,0,0,0,0,0.22,0,0,0
Rhox Charger,12,108,27,10,24,181,1,1,0,1,2,1,4,0,1,0,0,0,0,0,0,1,0,0,1,0.21,0,0,0
Rhox Pikemaster,15,142,61,14,24,256,1,1,0,1,2,1,4,0,1,0,0,0,0,0,0,1,0,0,2,0.24,0,0,0
Rhox War Monk,13,8,200,14,21,256,3,3,0,1,2,1,3,0,1,0,0,0,0,0,0,1,0,0,3,0.24,0,0,0
Ribbons of Night,16,127,103,10,7,263,1,2,-1,1,0,1,5,0,1,0,0,0,1,0,0,0,0,0,1,0.22,0,0,0
Ricochet Trap,13,158,68,11,14,264,1,1,0,1,1,1,4,0,1,0,0,1,0,0,0,0,0,0,1,0.63,0,0,0
Riddle of Lightning,19,335,0,7,7,368,1,1,0,1,0,1,5,0,1,0,0,1,0,0,0,0,0,0,2,0.2,0,0,0
Riddleform,10,169,0,12,11,202,1,1,0,1,0,1,2,0,1,0,0,0,0,1,0,0,0,0,1,0.25,0,0,0
Riddlesmith,11,84,107,14,26,242,1,1,0,1,2,1,2,0,1,0,0,0,0,0,0,1,0,0,1,0.19,0,0,0
Ride Down,9,122,46,7,7,191,2,2,0,1,0,1,2,0,1,0,0,1,0,0,0,0,0,0,2,0.2,0,0,0
Ride Down,9,122,118,13,7,269,2,2,0,1,0,1,2,0,1,0,0,1,0,0,0,0,0,0,2,0.2,0,0,0
Ridgescale Tusker,17,102,103,13,16,251,1,1,0,1,1,1,5,0,1,0,0,0,0,0,0,1,0,0,2,0.21,0,0,0
Riftmarked Knight,17,580,0,16,29,642,1,1,0,1,3,1,3,0,1,0,0,0,0,0,0,1,0,0,2,0.24,0,0,0
Riftsweeper,11,122,101,13,21,268,1,1,0,1,2,1,2,0,1,0,0,0,0,0,0,1,0,0,1,0.33,0,0,0
Riftwing Cloudskate,19,360,0,14,19,412,1,1,0,1,1,1,5,0,1,0,0,0,0,0,0,1,0,0,2,0.19,0,0,0
Rigging Runner,14,127,64,13,24,242,1,1,0,1,2,1,1,0,1,0,0,0,0,0,0,1,0,0,1,0.22,0,0,0
Righteous Charge,16,50,66,15,7,154,1,1,0,1,0,1,3,0,1,0,0,0,1,0,0,0,0,0,2,0.2,0,0,0
Righteousness,13,54,62,13,7,149,1,1,0,1,0,1,1,0,1,0,0,1,0,0,0,0,0,0,1,0.2,0,0,0
Rime Transfusion,16,183,71,12,23,305,1,1,0,1,1,1,2,0,1,0,0,0,0,1,0,0,0,0,1,0.24,0,0,0
Rimehorn Aurochs,16,229,0,13,23,281,1,1,0,1,1,1,5,0,1,0,0,0,0,0,0,1,0,0,1,0.22,0,0,0
Rimewind Cryomancer,19,151,116,9,23,318,1,1,0,1,2,1,4,0,1,0,0,0,0,0,0,1,0,0,1,0.22,0,0,0
Ring of Evos Isle,17,297,0,10,20,344,0,0,0,1,1,1,2,0,1,0,0,0,0,0,1,0,0,0,0,0.2,0,0,0
Ring of Kalonia,15,351,0,10,20,396,0,0,0,1,1,1,2,0,1,0,0,0,0,0,1,0,0,0,0,0.24,0,0,0
Ring of Thune,13,239,0,10,20,282,0,0,0,1,1,1,2,0,1,0,0,0,0,0,1,0,0,0,0,0.25,0,0,0
Ring of Valkas,14,263,0,10,20,307,0,0,0,1,1,1,2,0,1,0,0,0,0,0,1,0,0,0,0,0.19,0,0,0
Ring of Xathrid,15,344,0,10,20,389,0,0,0,1,1,1,2,0,1,0,0,0,0,0,1,0,0,0,0,0.2,0,0,0
Ripscale Predator,17,72,95,11,17,212,1,1,0,1,1,1,6,0,1,0,0,0,0,0,0,1,0,0,2,0.19,0,0,0
Riptide Chimera,15,94,20,11,30,170,1,1,0,2,1,1,3,0,1,0,0,0,0,1,0,1,0,0,1,0.2,0,0,0
Riptide Pilferer,16,204,0,14,24,258,1,1,0,1,2,1,2,0,1,0,0,0,0,0,0,1,0,0,1,0.22,0,0,0
Rise from the Grave,19,157,63,12,7,258,1,1,0,1,0,1,5,0,1,0,0,0,1,0,0,0,0,0,1,0.18,0,0,0
Rise from the Grave,19,157,52,12,7,247,1,1,0,1,0,1,5,0,1,0,0,0,1,0,0,0,0,0,1,0.19,0,0,0
Rise from the Grave,19,157,52,12,7,247,1,1,0,1,0,1,5,0,1,0,0,0,1,0,0,0,0,0,1,0.19,0,0,0
Rise from the Grave,19,157,51,13,7,247,1,1,0,1,0,1,5,0,1,0,0,0,1,0,0,0,0,0,1,0.2,0,0,0
Rise from the Tides,19,100,139,12,7,277,1,1,0,1,0,1,6,0,1,0,0,0,1,0,0,0,0,0,1,0.25,0,0,0
Risen Sanctuary,15,9,129,11,20,184,2,2,0,1,1,1,7,0,1,0,0,0,0,0,0,1,0,0,2,0.19,0,0,0
Rising Miasma,13,229,0,20,7,269,1,1,0,1,0,1,4,0,1,0,0,0,1,0,0,0,0,0,1,0.2,0,0,0
Rite of Undoing,15,201,0,22,7,245,1,1,0,1,0,1,5,0,1,0,0,1,0,0,0,0,0,0,1,0.22,0,0,0
Rites of Reaping,16,99,62,12,7,196,2,2,0,1,0,1,6,0,1,0,0,0,1,0,0,0,0,0,2,0.2,0,0,0
Ritual of the Returned,22,178,42,11,7,260,1,1,0,1,0,1,4,0,1,0,0,1,0,0,0,0,0,0,1,0.2,0,0,0
Rivals' Duel,12,144,57,29,7,249,1,1,0,1,0,1,4,0,1,0,0,0,1,0,0,0,0,0,1,0.21,0,0,0
River Bear,10,91,107,11,15,234,1,1,0,1,1,1,4,0,1,0,0,0,0,0,0,1,0,0,1,0.25,0,0,0
River Boa,9,118,122,11,16,276,1,1,0,1,1,1,2,0,1,0,0,0,0,0,0,1,0,0,1,0.2,0,0,0
River Hoopoe,12,50,105,13,15,195,2,2,0,1,1,1,2,0,1,0,0,0,0,0,0,1,0,0,2,0.21,0,0,0
River Sneak,11,139,36,15,26,227,1,1,0,1,2,1,2,0,1,0,0,0,0,0,0,1,0,0,1,0.24,0,0,0
River's Grasp,13,275,0,15,7,310,2,2,0,1,0,1,4,0,1,0,0,0,1,0,0,0,0,0,1,0.2,0,0,0
Riverwheel Aerialists,21,99,121,9,21,271,1,1,0,1,2,1,6,0,1,0,0,0,0,0,0,1,0,0,1,0.2,0,0,0
Rix Maadi  Dungeon Palace,25,138,111,17,4,295,0,2,-2,1,0,1,0,0,1,0,0,0,0,0,0,0,1,0,0,0.24,0,0,0
Rix Maadi Guildmage,19,122,37,13,23,214,2,2,0,1,2,1,2,0,1,0,0,0,0,0,0,1,0,0,2,0.2,0,0,0
Roar of Challenge,17,176,0,12,7,212,1,1,0,1,0,1,3,0,1,0,0,0,1,0,0,0,0,0,1,0.2,0,0,0
Roar of the Kha,15,158,0,12,7,192,1,1,0,1,0,1,2,0,1,0,0,1,0,0,0,0,0,0,1,0.2,0,0,0
Roaring Primadox,16,83,103,11,16,229,1,1,0,1,1,1,4,0,1,0,0,0,0,0,0,1,0,0,1,0.18,0,0,0
Roaring Primadox,16,83,103,11,16,229,1,1,0,1,1,1,4,0,1,0,0,0,0,0,0,1,0,0,1,0.19,0,0,0
Roast,5,55,122,12,7,201,1,1,0,1,0,1,2,0,1,0,0,0,1,0,0,0,0,0,1,0.42,0,0,0
Roc Egg,7,109,0,11,15,142,1,1,0,1,1,1,3,0,1,0,0,0,0,0,0,1,0,0,1,0.16,0,0,0
Roc Egg,7,109,67,11,15,209,1,1,0,1,1,1,3,0,1,0,0,0,0,0,0,1,0,0,1,0.16,0,0,0
Rockcaster Platoon,18,87,123,13,24,265,1,2,-1,1,2,1,7,0,1,0,0,0,0,0,0,1,0,0,2,0.21,0,0,0
Rockslide Elemental,19,96,114,13,20,262,1,1,0,1,1,1,3,0,1,0,0,0,0,0,0,1,0,0,1,0.25,0,0,0
Rod of Ruin,11,66,84,8,8,177,0,0,0,1,0,1,4,0,1,0,0,0,0,0,1,0,0,0,0,0.19,0,0,0
Rod of Ruin,11,66,108,8,8,201,0,0,0,1,0,1,4,0,1,0,0,0,0,0,1,0,0,0,0,0.19,0,0,0
Rod of Ruin,11,66,80,8,8,173,0,0,0,1,0,1,4,0,1,0,0,0,0,0,1,0,0,0,0,0.2,0,0,0
Rod of Ruin,11,66,80,12,8,177,0,0,0,1,0,1,4,0,1,0,0,0,0,0,1,0,0,0,0,0.21,0,0,0
Rod of Ruin,11,66,80,14,8,179,0,0,0,1,0,1,4,0,1,0,0,0,0,0,1,0,0,0,0,0.21,0,0,0
Rogue Refiner,13,96,112,20,22,263,2,2,0,1,2,1,3,0,1,0,0,0,0,0,0,1,0,0,2,0.63,0,0,0
Rogue's Gloves,14,161,49,20,20,264,0,0,0,1,1,1,2,0,1,0,0,0,0,0,1,0,0,0,0,0.2,0,0,0
Rogue's Passage,15,85,109,14,4,227,0,0,0,1,0,1,0,0,1,0,0,0,0,0,0,0,1,0,0,0.24,0,0,0
Rogue's Passage,15,85,109,14,4,227,0,0,0,1,0,1,0,0,1,0,0,0,0,0,0,0,1,0,0,0.24,0,0,0
Roil Spout,10,236,0,13,7,266,2,2,0,1,0,1,3,0,1,0,0,0,1,0,0,0,0,0,2,0.2,0,0,0
Roiling Waters,14,111,90,13,7,235,1,1,0,1,0,1,7,0,1,0,0,0,1,0,0,0,0,0,2,0.19,0,0,0
Roil's Retribution,18,115,132,16,7,288,1,1,0,1,0,1,5,0,1,0,0,1,0,0,0,0,0,0,2,0.2,0,0,0
Rollick of Abandon,18,42,74,15,7,156,1,1,0,1,0,1,5,0,1,0,0,0,1,0,0,0,0,0,2,0.2,0,0,0
Rolling Spoil,13,103,137,11,7,271,1,2,-1,1,0,1,4,0,1,0,0,0,1,0,0,0,0,0,2,0.22,0,0,0
Rolling Temblor,15,167,62,12,7,263,1,1,0,1,0,1,3,0,1,0,0,0,1,0,0,0,0,0,1,0.19,0,0,0
Rolling Thunder,15,105,111,15,7,253,1,1,0,1,0,1,2,0,1,0,0,0,1,0,0,0,0,0,2,0.2,0,0,0
Ronin Cliffrider,16,203,0,9,24,252,1,1,0,1,2,1,5,0,1,0,0,0,0,0,0,1,0,0,2,0.25,0,0,0
Ronin Warclub,13,212,0,12,20,257,0,0,0,1,1,1,3,0,1,0,0,0,0,0,1,0,0,0,0,0.31,0,0,0
Rootbreaker Wurm,16,106,0,21,15,158,1,1,0,1,1,1,7,0,1,0,0,0,0,0,0,1,0,0,2,0.22,0,0,0
Root-Kin Ally,13,232,0,12,28,285,1,1,0,1,2,1,6,0,1,0,0,0,0,0,0,1,0,0,2,0.21,0,0,0
Rootrunner,10,218,0,8,17,253,1,1,0,1,1,1,4,0,1,0,0,0,0,0,0,1,0,0,2,0.21,0,0,0
Rot Farm Skeleton,17,228,0,14,25,284,2,2,0,1,2,1,4,0,1,0,0,0,0,0,0,1,0,0,2,0.2,0,0,0
Rot Shambler,12,80,99,13,17,221,1,1,0,1,1,1,2,0,1,0,0,0,0,0,0,1,0,0,1,0.19,0,0,0
Roughshod Mentor,16,41,137,15,24,233,1,1,0,1,2,1,6,0,1,0,0,0,0,0,0,1,0,0,1,0.2,0,0,0
Ruin Ghost,10,94,131,14,17,266,1,1,0,1,1,1,2,0,1,0,0,0,0,0,0,1,0,0,1,0.22,0,0,0
Ruin in Their Wake,18,243,0,11,7,279,0,1,-1,1,0,1,2,0,1,0,0,0,1,0,0,0,0,0,1,0.2,0,0,0
Ruination Guide,15,201,0,15,24,255,0,1,-1,1,2,1,3,0,1,0,0,0,0,0,0,1,0,0,1,0.24,0,0,0
Rule of Law,11,53,111,16,11,202,1,1,0,1,0,1,3,0,1,0,0,0,0,1,0,0,0,0,1,1.87,1,0,0
Rumbling Aftershocks,20,160,77,16,11,284,1,1,0,1,0,1,5,0,1,0,0,0,0,1,0,0,0,0,1,0.2,0,0,0
Runaway Carriage,16,79,101,10,29,235,0,0,0,2,1,1,4,0,1,0,0,0,0,0,1,1,0,0,0,0.04,0,0,0
Runed Servitor,14,51,121,11,29,226,0,0,0,2,1,1,2,0,1,0,0,0,0,0,1,1,0,0,0,0.19,0,0,0
Runed Servitor,14,51,121,11,29,226,0,0,0,2,1,1,2,0,1,0,0,0,0,0,1,1,0,0,0,0.2,0,0,0
Runeflare Trap,14,207,0,15,14,250,1,1,0,1,1,1,6,0,1,0,0,1,0,0,0,0,0,0,2,0.2,0,0,0
Runic Repetition,16,62,60,15,7,160,1,1,0,1,0,1,3,0,1,0,0,0,1,0,0,0,0,0,1,0.18,0,0,0
Rush of Blood,13,67,95,16,7,198,1,1,0,1,0,1,3,0,1,0,0,1,0,0,0,0,0,0,1,0.19,0,0,0
Rushing-Tide Zubera,19,95,117,10,24,265,1,1,0,1,2,1,4,0,1,0,0,0,0,0,0,1,0,0,2,0.23,0,0,0
Rust Elemental,14,142,0,12,29,197,0,0,0,2,1,1,4,0,1,0,0,0,0,0,1,1,0,0,0,0.19,0,0,0
Rust Scarab,11,111,74,13,17,226,1,1,0,1,1,1,5,0,1,0,0,0,0,0,0,1,0,0,1,0.18,0,0,0
Rust Tick,9,185,0,14,26,234,0,0,0,2,1,1,3,0,1,0,0,0,0,0,1,1,0,0,0,0.18,0,0,0
Rusted Relic,12,106,66,13,8,205,0,0,0,1,0,1,4,0,1,0,0,0,0,0,1,0,0,0,0,0.19,0,0,0
Rusted Sentinel,15,46,65,11,25,162,0,0,0,2,1,1,4,0,1,0,0,0,0,0,1,1,0,0,0,0.19,0,0,0
Rustmouth Ogre,14,110,34,12,15,185,1,1,0,1,1,1,6,0,1,0,0,0,0,0,0,1,0,0,2,0.2,0,0,0
Rustspore Ram,13,68,71,12,25,189,0,0,0,2,1,1,4,0,1,0,0,0,0,0,1,1,0,0,0,0.2,0,0,0
Ruthless Deathfang,18,80,136,14,17,265,2,2,0,1,1,1,6,0,1,0,0,0,0,0,0,1,0,0,2,0.23,0,0,0
Ruthless Disposal,17,146,89,12,7,271,1,1,0,1,0,1,5,0,1,0,0,0,1,0,0,0,0,0,1,0.2,0,0,0
Ruthless Instincts,18,175,41,13,7,254,1,1,0,1,0,1,3,0,1,0,0,1,0,0,0,0,0,0,1,0.21,0,0,0
Ruthless Knave,14,197,40,12,21,284,1,1,0,1,2,1,3,0,1,0,0,0,0,0,0,1,0,0,1,0.23,0,0,0
Ruthless Ripper,15,225,0,13,25,278,1,1,0,1,2,1,1,0,1,0,0,0,0,0,0,1,0,0,1,0.21,0,0,0
Ruthless Sniper,15,105,30,12,23,185,1,1,0,1,2,1,1,0,1,0,0,0,0,0,0,1,0,0,1,0.21,0,0,0
Sacellum Archers,16,86,99,10,21,232,1,3,-2,1,2,1,3,0,1,0,0,0,0,0,0,1,0,0,1,0.2,0,0,0
Sachi  Daughter of Seshiro,26,106,119,7,33,291,1,1,0,1,2,1,4,0,1,0,1,0,0,0,0,1,0,0,2,0.25,0,0,0
Sacred Armory,13,50,34,13,8,118,0,0,0,1,0,1,2,0,1,0,0,0,0,0,1,0,0,0,0,0.21,0,0,0
Sacred Excavation,17,76,98,12,7,210,1,1,0,1,0,1,4,0,1,0,0,0,1,0,0,0,0,0,1,0.21,0,0,0
Sage of Fables,14,171,41,10,25,261,1,1,0,1,2,1,3,0,1,0,0,0,0,0,0,1,0,0,1,3.58,1,0,0
Sage's Dousing,14,90,139,16,23,282,1,1,0,2,1,1,3,0,1,0,0,1,0,0,0,0,0,0,1,0.24,0,0,0
Sage's Reverie,14,216,0,15,18,263,1,1,0,1,1,1,4,0,1,0,0,0,0,1,0,0,0,0,1,0.25,0,0,0
Salt Marsh,10,80,51,15,4,160,0,2,-2,1,0,1,0,0,1,0,0,0,0,0,0,0,1,0,0,0.4,0,0,0
Salt Road Ambushers,19,268,0,13,24,324,1,1,0,1,2,1,4,0,1,0,0,0,0,0,0,1,0,0,1,0.22,0,0,0
Salt Road Quartermasters,24,180,0,15,24,243,1,1,0,1,2,1,3,0,1,0,0,0,0,0,0,1,0,0,1,0.22,0,0,0
Saltblast,9,34,40,13,7,103,1,1,0,1,0,1,5,0,1,0,0,0,1,0,0,0,0,0,2,0.21,0,0,0
Saltcrusted Steppe,18,209,0,12,4,243,0,2,-2,1,0,1,0,0,1,0,0,0,0,0,0,0,1,0,0,0.24,0,0,0
Salvage Scuttler,16,86,90,9,15,216,1,1,0,1,1,1,5,0,1,0,0,0,0,0,0,1,0,0,1,0.2,0,0,0
Samurai Enforcers,17,94,84,11,24,230,1,1,0,1,2,1,6,0,1,0,0,0,0,0,0,1,0,0,2,0.2,0,0,0
Samurai of the Pale Curtain,27,158,0,19,22,226,1,1,0,1,2,1,2,0,1,0,0,0,0,0,0,1,0,0,2,0.38,0,0,0
Sanctimony,10,67,46,14,11,148,1,1,0,1,0,1,2,0,1,0,0,0,0,1,0,0,0,0,1,0.21,0,0,0
Sanctum Guardian,16,144,0,15,23,198,1,1,0,1,2,1,3,0,1,0,0,0,0,0,0,1,0,0,2,0.22,0,0,0
Sand Strangler,14,174,79,12,16,295,1,1,0,1,1,1,4,0,1,0,0,0,0,0,0,1,0,0,1,0.2,0,0,0
Sandsower,9,62,112,10,17,210,1,1,0,1,1,1,4,0,1,0,0,0,0,0,0,1,0,0,1,0.22,0,0,0
Sandsteppe Citadel,18,94,29,10,4,155,0,3,-3,1,0,1,0,0,1,0,0,0,0,0,0,0,1,0,0,0.36,0,0,0
Sangrite Surge,14,69,186,16,7,292,2,2,0,1,0,1,6,0,1,0,0,0,1,0,0,0,0,0,2,0.21,0,0,0
Sanguimancy,11,165,0,12,7,195,1,1,0,1,0,1,5,0,1,0,0,0,1,0,0,0,0,0,1,0.2,0,0,0
Sanity Gnawers,14,84,94,12,14,218,2,2,0,1,1,1,3,0,1,0,0,0,0,0,0,1,0,0,2,0.2,0,0,0
Sapphire Drake,14,71,111,14,16,226,1,1,0,1,1,1,6,0,1,0,0,0,0,0,0,1,0,0,1,0.2,0,0,0
Sapseep Forest,14,178,0,14,13,219,0,1,-1,1,1,1,0,0,1,0,0,0,0,0,0,0,1,0,0,0.24,0,0,0
Sarkhan's Triumph,17,108,119,10,7,261,1,1,0,1,0,1,3,0,1,0,0,1,0,0,0,0,0,0,1,0.29,0,0,0
Satyr Nyx-Smith,15,156,0,12,23,206,1,1,0,1,2,1,3,0,1,0,0,0,0,0,0,1,0,0,1,0.19,0,0,0
Satyr Piper,11,58,148,19,22,258,1,1,0,1,2,1,3,0,1,0,0,0,0,0,0,1,0,0,1,0.18,0,0,0
Savage Alliance,15,284,0,12,7,318,1,1,0,1,0,1,3,0,1,0,0,1,0,0,0,0,0,0,1,0.24,0,0,0
Savage Conception,17,158,51,16,7,249,1,1,0,1,0,1,5,0,1,0,0,0,1,0,0,0,0,0,2,0.21,0,0,0
Savage Lands,12,88,168,12,4,284,0,3,-3,1,0,1,0,0,1,0,0,0,0,0,0,0,1,0,0,0.75,0,0,0
Savage Stomp,12,239,0,14,7,272,1,1,0,1,0,1,3,0,1,0,0,0,1,0,0,0,0,0,1,0.23,0,0,0
Savage Surge,12,66,98,15,7,198,1,1,0,1,0,1,2,0,1,0,0,1,0,0,0,0,0,0,1,0.19,0,0,0
Savage Twister,14,47,153,12,7,233,2,2,0,1,0,1,2,0,1,0,0,0,1,0,0,0,0,0,2,0.23,0,0,0
Savage Ventmaw,14,169,0,15,17,215,2,2,0,1,1,1,6,0,1,0,0,0,0,0,0,1,0,0,2,0.3,0,0,0
Saving Grace,12,222,0,14,18,266,1,1,0,1,1,1,2,0,1,0,0,0,0,1,0,0,0,0,1,0.21,0,0,0
Scab-Clan Giant,15,109,95,12,24,255,2,2,0,1,2,1,6,0,1,0,0,0,0,0,0,1,0,0,2,0.19,0,0,0
Scale Blessing,14,210,64,12,7,307,1,1,0,1,0,1,4,0,1,0,0,1,0,0,0,0,0,0,1,0.22,0,0,0
Scaled Behemoth,15,91,99,11,20,236,1,1,0,1,1,1,6,0,1,0,0,0,0,0,0,1,0,0,2,0.21,0,0,0
Scaleguard Sentinels,20,254,0,12,24,310,1,1,0,1,2,1,2,0,1,0,0,0,0,0,0,1,0,0,2,0.24,0,0,0
Scarland Thrinax,16,62,128,7,17,230,3,3,0,1,1,1,3,0,1,0,0,0,0,0,0,1,0,0,3,0.2,0,0,0
Scattering Stroke,17,365,0,15,7,404,1,1,0,1,0,1,4,0,1,0,0,1,0,0,0,0,0,0,2,0.21,0,0,0
Scavenger Drake,15,86,86,14,16,217,1,1,0,1,1,1,4,0,1,0,0,0,0,0,0,1,0,0,1,0.21,0,0,0
Scepter of Empires,18,168,61,9,8,264,0,0,0,1,0,1,3,0,1,0,0,0,0,0,1,0,0,0,0,0.21,0,0,0
Schismotivate,13,99,185,11,7,315,2,2,0,1,0,1,3,0,1,0,0,1,0,0,0,0,0,0,2,0.2,0,0,0
Scion of Glaciers,17,52,93,12,20,194,1,1,0,1,1,1,4,0,1,0,0,0,0,0,0,1,0,0,2,0.2,0,0,0
Scion of Ugin,13,6,187,12,24,242,0,0,0,1,2,1,6,0,1,0,0,0,0,0,0,1,0,0,0,0.21,0,0,0
Scorched Rusalka,16,76,103,12,17,224,1,1,0,1,1,1,1,0,1,0,0,0,0,0,0,1,0,0,1,0.21,0,0,0
Scornful Aether-Lich,20,186,109,15,33,363,1,3,-2,2,2,1,4,0,1,0,0,0,0,0,1,1,0,0,1,0.2,0,0,0
Scour,5,193,0,6,7,211,1,1,0,1,0,1,4,0,1,0,0,1,0,0,0,0,0,0,2,0.23,0,0,0
Scour the Laboratory,20,140,33,14,7,214,1,1,0,1,0,1,6,0,1,0,0,1,0,0,0,0,0,0,2,0.2,0,0,0
Scourge Devil,13,303,0,12,16,344,1,1,0,1,1,1,5,0,1,0,0,0,0,0,0,1,0,0,1,0.21,0,0,0
Scourge of Geier Reach,22,75,107,9,20,233,1,1,0,1,1,1,5,0,1,0,0,0,0,0,0,1,0,0,2,0.18,0,0,0
Scourge of Numai,16,78,140,12,23,269,1,1,0,1,2,1,4,0,1,0,0,0,0,0,0,1,0,0,1,0.21,0,0,0
Scrabbling Claws,16,141,0,14,8,179,0,0,0,1,0,1,1,0,1,0,0,0,0,0,1,0,0,0,0,0.57,0,0,0
Scrapper Champion,17,259,0,17,26,319,1,1,0,1,2,1,4,0,1,0,0,0,0,0,0,1,0,0,1,0.2,0,0,0
Screams from Within,19,144,57,13,18,251,1,1,0,1,1,1,3,0,1,0,0,0,0,1,0,0,0,0,2,0.22,0,0,0
Screeching Bat,14,99,73,15,14,215,1,1,0,1,1,1,3,0,1,0,0,0,0,0,0,1,0,0,1,0.19,0,0,0
Scrib Nibblers,14,189,0,11,14,228,1,1,0,1,1,1,3,0,1,0,0,0,0,0,0,1,0,0,1,0.21,0,0,0
Scrounge,8,120,90,12,7,237,1,1,0,1,0,1,3,0,1,0,0,0,1,0,0,0,0,0,1,0.2,0,0,0
Scrounged Scythe,16,150,0,11,20,197,0,0,0,1,1,1,3,0,1,0,0,0,0,0,1,0,0,0,0,0.21,0,0,0
Scryb Ranger,12,211,0,12,17,252,1,1,0,1,1,1,2,0,1,0,0,0,0,0,0,1,0,0,1,0.66,0,0,0
Scythe Leopard,14,114,86,16,14,244,1,1,0,1,1,1,1,0,1,0,0,0,0,0,0,1,0,0,1,0.23,0,0,0
Sea God's Revenge,17,183,91,13,7,311,1,1,0,1,0,1,6,0,1,0,0,0,1,0,0,0,0,0,1,0.18,0,0,0
Sealock Monster,15,293,0,13,18,339,1,1,0,1,1,1,5,0,1,0,0,0,0,0,0,1,0,0,2,0.19,0,0,0
Searing Blood,13,142,72,16,7,250,1,1,0,1,0,1,2,0,1,0,0,1,0,0,0,0,0,0,2,0.32,0,0,0
Seascape Aerialist,18,157,85,15,30,305,1,1,0,1,3,1,5,0,1,0,0,0,0,0,0,1,0,0,1,0.2,0,0,0
Seaside Citadel,15,91,181,11,4,302,0,3,-3,1,0,1,0,0,1,0,0,0,0,0,0,0,1,0,0,0.89,0,0,0
Seasoned Marshal,16,63,83,17,24,203,1,1,0,1,2,1,4,0,1,0,0,0,0,0,0,1,0,0,2,0.2,0,0,0
Seasoned Marshal,16,63,71,17,24,191,1,1,0,1,2,1,4,0,1,0,0,0,0,0,0,1,0,0,2,0.21,0,0,0
Second Guess,12,60,72,13,7,164,1,1,0,1,0,1,2,0,1,0,0,1,0,0,0,0,0,0,1,0.19,0,0,0
Second Sight,12,238,0,12,7,269,1,1,0,1,0,1,3,0,1,0,0,1,0,0,0,0,0,0,1,0.21,0,0,0
Second Wind,11,76,114,12,18,231,1,1,0,1,1,1,3,0,1,0,0,0,0,1,0,0,0,0,1,0.23,0,0,0
Secret Plans,12,107,73,7,11,210,2,2,0,1,0,1,2,0,1,0,0,0,0,1,0,0,0,0,2,0.19,0,0,0
Secretkeeper,12,98,57,11,17,195,1,1,0,1,1,1,4,0,1,0,0,0,0,0,0,1,0,0,1,0.22,0,0,0
Secrets of the Dead,19,59,139,10,11,238,1,1,0,1,0,1,3,0,1,0,0,0,0,1,0,0,0,0,1,0.17,0,0,0
Security Blockade,17,206,0,11,18,252,1,1,0,1,1,1,3,0,1,0,0,0,0,1,0,0,0,0,1,0.19,0,0,0
Seed Guardian,13,135,55,13,20,236,1,1,0,1,1,1,4,0,1,0,0,0,0,0,0,1,0,0,2,0.18,0,0,0
Seed Spark,10,124,90,13,7,244,1,2,-1,1,0,1,4,0,1,0,0,1,0,0,0,0,0,0,1,0.23,0,0,0
Seedcradle Witch,16,77,87,15,21,216,2,2,0,1,2,1,1,0,1,0,0,0,0,0,0,1,0,0,1,0.21,0,0,0
Seedguide Ash,13,156,47,9,25,250,1,1,0,1,2,1,5,0,1,0,0,0,0,0,0,1,0,0,1,0.5,0,0,0
Seek the Horizon,16,122,103,11,7,259,1,1,0,1,0,1,4,0,1,0,0,0,1,0,0,0,0,0,1,0.19,0,0,0
Seek the Horizon,16,122,115,7,7,267,1,1,0,1,0,1,4,0,1,0,0,0,1,0,0,0,0,0,1,0.2,0,0,0
Seek the Horizon,16,122,186,10,7,341,1,1,0,1,0,1,4,0,1,0,0,0,1,0,0,0,0,0,1,0.23,0,0,0
Seeker of the Way,17,183,63,16,24,303,1,1,0,1,2,1,2,0,1,0,0,0,0,0,0,1,0,0,1,0.24,0,0,0
Seekers' Squire,15,244,23,15,22,319,1,1,0,1,2,1,2,0,1,0,0,0,0,0,0,1,0,0,1,0.21,0,0,0
Seismic Elemental,17,94,78,14,20,223,1,1,0,1,1,1,5,0,1,0,0,0,0,0,0,1,0,0,2,0.21,0,0,0
Seismic Rupture,15,63,137,14,7,236,1,1,0,1,0,1,3,0,1,0,0,0,1,0,0,0,0,0,1,0.24,0,0,0
Sejiri Merfolk,14,172,0,17,26,229,1,1,0,1,2,1,2,0,1,0,0,0,0,0,0,1,0,0,1,0.21,0,0,0
Sejiri Refuge,13,143,0,13,4,173,0,2,-2,1,0,1,0,0,1,0,0,0,0,0,0,0,1,0,0,0.37,0,0,0
Selesnya Charm,14,186,0,12,7,219,2,2,0,1,0,1,2,0,1,0,0,1,0,0,0,0,0,0,2,0.2,0,0,0
Selesnya Guildmage,18,111,0,8,21,158,2,2,0,1,2,1,2,0,1,0,0,0,0,0,0,1,0,0,2,0.22,0,0,0
Selesnya Keyrune,16,135,71,16,8,246,0,2,-2,1,0,1,3,0,1,0,0,0,0,0,1,0,0,0,0,0.19,0,0,0
Selesnya Sagittars,18,119,124,20,21,302,2,2,0,1,2,1,5,0,1,0,0,0,0,0,0,1,0,0,2,0.21,0,0,0
Self-Inflicted Wound,20,98,99,15,7,239,1,1,0,1,0,1,2,0,1,0,0,0,1,0,0,0,0,0,1,0.33,0,0,0
Selkie Hedge-Mage,17,245,0,16,25,303,2,2,0,1,2,1,3,0,1,0,0,0,0,0,0,1,0,0,1,0.21,0,0,0
Sengir Vampire,14,187,43,10,18,272,1,1,0,1,1,1,5,0,1,0,0,0,0,0,0,1,0,0,2,0.19,0,0,0
Sengir Vampire,14,187,43,10,18,272,1,1,0,1,1,1,5,0,1,0,0,0,0,0,0,1,0,0,2,0.2,0,0,0
Sengir Vampire,14,187,43,10,18,272,1,1,0,1,1,1,5,0,1,0,0,0,0,0,0,1,0,0,2,0.25,0,0,0
Sengir Vampire,14,187,43,10,18,272,1,1,0,1,1,1,5,0,1,0,0,0,0,0,0,1,0,0,2,0.31,0,0,0
Sensei's Divining Top,21,162,0,14,8,205,0,0,0,1,0,1,1,0,1,0,0,0,0,0,1,0,0,0,0,12.99,1,1,1
Sentinel of the Eternal Watch,29,151,30,18,24,252,1,1,0,1,2,1,6,0,1,0,0,0,0,0,0,1,0,0,1,0.2,0,0,0
Sentinel Totem,14,208,0,15,8,245,0,0,0,1,0,1,1,0,1,0,0,0,0,0,1,0,0,0,0,0.25,0,0,0
Sentry Oak,10,329,0,11,27,377,1,1,0,1,2,1,5,0,1,0,0,0,0,0,0,1,0,0,1,0.2,0,0,0
Sentry of the Underworld,24,74,146,12,27,283,2,2,0,1,2,1,5,0,1,0,0,0,0,0,0,1,0,0,2,0.19,0,0,0
Septic Rats,11,221,0,12,14,258,1,1,0,1,1,1,3,0,1,0,0,0,0,0,0,1,0,0,2,0.25,0,0,0
Sequestered Stash,17,208,0,13,4,242,0,0,0,1,0,1,0,0,1,0,0,0,0,0,0,0,1,0,0,0.2,0,0,0
Seraph of the Masses,20,253,0,12,16,301,1,1,0,1,1,1,7,0,1,0,0,0,0,0,0,1,0,0,2,0.23,0,0,0
Seraph of the Suns,18,164,53,13,16,264,1,1,0,1,1,1,7,0,1,0,0,0,0,0,0,1,0,0,2,0.2,0,0,0
Serene Remembrance,18,109,102,13,7,249,1,1,0,1,0,1,1,0,1,0,0,0,1,0,0,0,0,0,1,0.19,0,0,0
Serene Steward,14,91,69,17,28,219,1,1,0,1,3,1,2,0,1,0,0,0,0,0,0,1,0,0,1,0.22,0,0,0
Serra Angel,11,139,45,12,16,223,1,1,0,1,1,1,5,0,1,0,0,0,0,0,0,1,0,0,2,0.2,0,0,0
Serra Angel,11,139,45,12,16,223,1,1,0,1,1,1,5,0,1,0,0,0,0,0,0,1,0,0,2,0.2,0,0,0
Serra Angel,11,139,45,12,16,223,1,1,0,1,1,1,5,0,1,0,0,0,0,0,0,1,0,0,2,0.21,0,0,0
Serra Angel,11,139,45,12,16,223,1,1,0,1,1,1,5,0,1,0,0,0,0,0,0,1,0,0,2,0.21,0,0,0
Serra Angel,11,139,48,12,16,226,1,1,0,1,1,1,5,0,1,0,0,0,0,0,0,1,0,0,2,0.22,0,0,0
Serra Angel,11,139,45,12,16,223,1,1,0,1,1,1,5,0,1,0,0,0,0,0,0,1,0,0,2,0.26,0,0,0
Serra Angel,11,139,45,12,16,223,1,1,0,1,1,1,5,0,1,0,0,0,0,0,0,1,0,0,2,0.34,0,0,0
Serra's Blessing,16,76,101,12,11,216,1,1,0,1,0,1,2,0,1,0,0,0,0,1,0,0,0,0,1,0.68,0,0,0
Serra's Boon,12,95,122,15,18,262,1,1,0,1,1,1,3,0,1,0,0,0,0,1,0,0,0,0,1,0.23,0,0,0
Serra's Embrace,15,76,72,29,18,210,1,1,0,1,1,1,4,0,1,0,0,0,0,1,0,0,0,0,2,0.25,0,0,0
Serum Tank,10,163,0,17,8,198,0,0,0,1,0,1,3,0,1,0,0,0,0,0,1,0,0,0,0,0.2,0,0,0
Servant of the Conduit,22,148,60,17,20,267,1,1,0,1,2,1,2,0,1,0,0,0,0,0,0,1,0,0,1,0.54,0,0,0
Servo Exhibition,16,56,137,12,7,228,1,1,0,1,0,1,2,0,1,0,0,0,1,0,0,0,0,0,1,0.21,0,0,0
Servo Schematic,15,146,69,12,8,250,0,0,0,1,0,1,2,0,1,0,0,0,0,0,1,0,0,0,0,0.22,0,0,0
Set Adrift,10,146,36,13,7,212,1,1,0,1,0,1,6,0,1,0,0,0,1,0,0,0,0,0,1,0.2,0,0,0
Sever Soul,10,96,89,10,7,212,1,1,0,1,0,1,5,0,1,0,0,0,1,0,0,0,0,0,2,0.2,0,0,0
Shadow Lance,12,110,97,16,18,253,1,2,-1,1,1,1,1,0,1,0,0,0,0,1,0,0,0,0,1,0.23,0,0,0
Shadows of the Past,19,269,0,8,11,307,1,1,0,1,0,1,2,0,1,0,0,0,0,1,0,0,0,0,1,0.22,0,0,0
Shadowstorm Vizier,18,93,79,12,23,225,2,2,0,1,2,1,2,0,1,0,0,0,0,0,0,1,0,0,2,0.2,0,0,0
Shaman of the Pack,18,116,75,9,21,239,2,2,0,1,2,1,3,0,1,0,0,0,0,0,0,1,0,0,2,0.3,0,0,0
Shambling Remains,17,240,0,9,24,290,2,2,0,1,2,1,3,0,1,0,0,0,0,0,0,1,0,0,2,0.21,0,0,0
Shape Stealer,13,169,64,10,30,286,1,1,0,1,2,1,2,0,1,0,0,0,0,0,0,1,0,0,2,0.3,0,0,0
Shapers of Nature,17,120,112,12,25,286,2,2,0,1,2,1,3,0,1,0,0,0,0,0,0,1,0,0,2,0.19,0,0,0
Shard Convergence,17,164,24,12,7,224,1,1,0,1,0,1,4,0,1,0,0,0,1,0,0,0,0,0,1,0.31,0,0,0
Sharpened Pitchfork,19,101,80,13,20,233,0,0,0,1,1,1,2,0,1,0,0,0,0,0,1,0,0,0,0,0.16,0,0,0
Shattered Angel,15,95,52,10,16,188,1,1,0,1,1,1,5,0,1,0,0,0,0,0,0,1,0,0,2,0.6,0,0,0
Shattered Dreams,16,109,65,12,7,209,1,1,0,1,0,1,1,0,1,0,0,0,1,0,0,0,0,0,1,0.19,0,0,0
Shattered Perception,20,163,111,14,7,315,1,1,0,1,0,1,3,0,1,0,0,0,1,0,0,0,0,0,1,0.19,0,0,0
Shattering Spree,16,160,0,7,7,190,1,1,0,1,0,1,1,0,1,0,0,0,1,0,0,0,0,0,1,14.39,1,1,1
Shatterstorm,12,49,84,13,7,165,1,1,0,1,0,1,4,0,1,0,0,0,1,0,0,0,0,0,2,2.48,1,0,0
Shefet Dunes,12,224,0,13,13,262,0,1,-1,1,1,1,0,0,1,0,0,0,0,0,0,0,1,0,0,0.51,0,0,0
Shefet Monitor,14,238,0,12,17,281,1,1,0,1,1,1,6,0,1,0,0,0,0,0,0,1,0,0,1,0.24,0,0,0
Sheltering Ancient,18,231,0,12,19,280,1,1,0,1,1,1,2,0,1,0,0,0,0,0,0,1,0,0,1,1.5,1,0,0
Sheltering Light,16,131,70,14,7,238,1,1,0,1,0,1,1,0,1,0,0,1,0,0,0,0,0,0,1,0.21,0,0,0
Shepherd of the Lost,20,31,125,12,16,204,1,1,0,1,1,1,5,0,1,0,0,0,0,0,0,1,0,0,1,0.22,0,0,0
Shield of the Righteous,23,172,0,13,20,228,2,2,0,1,1,1,2,0,1,0,0,0,0,0,1,0,0,0,2,0.2,0,0,0
Shielded Aether Thief,21,172,28,12,25,258,1,1,0,1,2,1,2,0,1,0,0,0,0,0,0,1,0,0,1,0.21,0,0,0
Shieldhide Dragon,17,282,0,12,17,328,1,1,0,1,1,1,6,0,1,0,0,0,0,0,0,1,0,0,1,0.22,0,0,0
Shifting Borders,16,209,0,22,16,263,1,1,0,1,1,1,4,0,1,0,0,1,0,0,0,0,0,0,1,0.25,0,0,0
Shifting Loyalties,18,139,91,11,7,266,1,1,0,1,0,1,6,0,1,0,0,0,1,0,0,0,0,0,1,0.21,0,0,0
Shimmering Grotto,17,86,93,12,4,212,0,0,0,1,0,1,0,0,1,0,0,0,0,0,0,0,1,0,0,0.2,0,0,0
Shipwreck Singer,16,140,88,7,16,267,2,2,0,1,1,1,2,0,1,0,0,0,0,0,0,1,0,0,2,0.2,0,0,0
Shivan Meteor,13,299,0,6,7,325,1,1,0,1,0,1,5,0,1,0,0,0,1,0,0,0,0,0,2,0.37,0,0,0
Shivan Oasis,12,82,53,13,4,164,0,2,-2,1,0,1,0,0,1,0,0,0,0,0,0,0,1,0,0,0.26,0,0,0
Shivan Sand-Mage,16,468,0,12,26,522,1,1,0,1,2,1,4,0,1,0,0,0,0,0,0,1,0,0,2,0.37,0,0,0
Shiv's Embrace,14,116,0,12,18,160,1,1,0,1,1,1,4,0,1,0,0,0,0,1,0,0,0,0,2,0.19,0,0,0
Shiv's Embrace,14,116,73,12,18,233,1,1,0,1,1,1,4,0,1,0,0,0,0,1,0,0,0,0,2,0.19,0,0,0
Shockmaw Dragon,15,121,120,17,17,290,1,1,0,1,1,1,6,0,1,0,0,0,0,0,0,1,0,0,2,0.21,0,0,0
Shoreline Salvager,18,107,144,13,19,301,1,1,0,1,1,1,4,0,1,0,0,0,0,0,0,1,0,0,1,0.2,0,0,0
Showstopper,11,131,126,14,7,289,2,2,0,1,0,1,3,0,1,0,0,1,0,0,0,0,0,0,2,0.19,0,0,0
Shrapnel Blast,14,128,86,16,7,251,1,1,0,1,0,1,2,0,1,0,0,1,0,0,0,0,0,0,1,0.25,0,0,0
Shrapnel Blast,14,128,23,11,7,183,1,1,0,1,0,1,2,0,1,0,0,1,0,0,0,0,0,0,1,0.33,0,0,0
Shreds of Sanity,16,149,70,13,7,255,1,1,0,1,0,1,3,0,1,0,0,0,1,0,0,0,0,0,1,0.2,0,0,0
Shrewd Hatchling,16,289,0,10,20,335,2,2,0,1,1,1,4,0,1,0,0,0,0,0,0,1,0,0,1,0.21,0,0,0
Shrewd Negotiation,18,98,35,15,7,173,1,1,0,1,0,1,5,0,1,0,0,0,1,0,0,0,0,0,1,0.18,0,0,0
Shrieking Affliction,20,114,73,12,11,230,1,1,0,1,0,1,1,0,1,0,0,0,0,1,0,0,0,0,1,0.65,0,0,0
Shriekmaw,9,294,0,14,20,337,1,1,0,1,1,1,5,0,1,0,0,0,0,0,0,1,0,0,1,1.12,1,0,0
Shrike Harpy,12,225,0,19,16,272,1,1,0,1,1,1,5,0,1,0,0,0,0,0,0,1,0,0,2,0.2,0,0,0
Shrill Howler,13,101,159,12,26,311,1,1,0,1,2,1,3,0,1,0,0,0,0,0,0,1,0,0,1,0.2,0,0,0
Shrine of Boundless Growth,26,243,0,13,8,290,0,0,0,1,0,1,3,0,1,0,0,0,0,0,1,0,0,0,0,0.19,0,0,0
Shrine of Burning Rage,22,268,0,12,8,310,0,0,0,1,0,1,2,0,1,0,0,0,0,0,1,0,0,0,0,0.67,0,0,0
Shrine of Limitless Power,25,249,0,7,8,289,0,0,0,1,0,1,3,0,1,0,0,0,0,0,1,0,0,0,0,0.18,0,0,0
Shrine of Loyal Legions,23,264,0,13,8,308,0,0,0,1,0,1,2,0,1,0,0,0,0,0,1,0,0,0,0,0.24,0,0,0
Shrine of Piercing Vision,25,366,0,29,8,428,0,0,0,1,0,1,2,0,1,0,0,0,0,0,1,0,0,0,0,0.19,0,0,0
Shrouded Lore,13,218,0,10,7,248,1,1,0,1,0,1,1,0,1,0,0,0,1,0,0,0,0,0,1,0.22,0,0,0
Shuko,5,110,138,15,20,288,0,0,0,1,1,1,1,0,1,0,0,0,0,0,1,0,0,0,0,0.35,0,0,0
Shuriken,8,264,0,12,20,304,0,0,0,1,1,1,1,0,1,0,0,0,0,0,1,0,0,0,0,0.3,0,0,0
Sibsig Muckdraggers,19,197,0,11,17,244,1,1,0,1,1,1,9,0,1,0,0,0,0,0,0,1,0,0,1,0.22,0,0,0
Sickleslicer,12,163,0,11,20,206,0,0,0,1,1,1,3,0,1,0,0,0,0,0,1,0,0,0,0,0.19,0,0,0
Sideswipe,9,50,123,10,7,199,1,1,0,1,0,1,2,0,1,0,0,1,0,0,0,0,0,0,1,0.2,0,0,0
Siege Modification,18,172,43,9,18,260,1,1,0,1,1,1,3,0,1,0,0,0,0,1,0,0,0,0,2,0.21,0,0,0
Sifter Wurm,11,154,104,14,15,298,1,1,0,1,1,1,7,0,1,0,0,0,0,0,0,1,0,0,2,0.2,0,0,0
Sight Beyond Sight,18,294,0,22,7,341,1,1,0,1,0,1,4,0,1,0,0,0,1,0,0,0,0,0,1,0.23,0,0,0
Sight of the Scalelords,23,138,121,14,11,307,1,1,0,1,0,1,5,0,1,0,0,0,0,1,0,0,0,0,1,0.21,0,0,0
Sightless Brawler,17,256,0,12,36,321,1,1,0,2,2,1,2,0,1,0,0,0,0,1,0,1,0,0,1,0.2,0,0,0
Sigil Captain,13,117,79,11,24,244,2,2,0,1,2,1,4,0,1,0,0,0,0,0,0,1,0,0,3,0.29,0,0,0
Sigil of Valor,14,191,66,9,20,300,0,0,0,1,1,1,2,0,1,0,0,0,0,0,1,0,0,0,0,0.22,0,0,0
Sigiled Paladin,15,113,101,12,23,264,1,1,0,1,2,1,2,0,1,0,0,0,0,0,0,1,0,0,2,0.52,0,0,0
Sigiled Starfish,16,105,127,9,19,276,1,1,0,1,1,1,2,0,1,0,0,0,0,0,0,1,0,0,1,0.21,0,0,0
Signal Pest,11,175,60,8,24,278,0,0,0,2,1,1,1,0,1,0,0,0,0,0,1,1,0,0,0,0.8,0,0,0
Silkwrap,8,205,26,13,11,263,1,1,0,1,0,1,2,0,1,0,0,0,0,1,0,0,0,0,1,0.41,0,0,0
Silumgar Monument,17,152,103,16,8,296,0,2,-2,1,0,1,3,0,1,0,0,0,0,0,1,0,0,0,0,0.23,0,0,0
Silumgar Sorcerer,17,232,0,12,23,284,1,1,0,1,2,1,3,0,1,0,0,0,0,0,0,1,0,0,2,0.25,0,0,0
Silumgar Spell-Eater,20,255,0,12,22,309,1,1,0,1,2,1,3,0,1,0,0,0,0,0,0,1,0,0,1,0.22,0,0,0
Silumgar's Scorn,16,256,0,8,7,287,1,1,0,1,0,1,2,0,1,0,0,1,0,0,0,0,0,0,2,0.31,0,0,0
Silverback Ape,14,0,112,10,14,150,1,1,0,1,1,1,5,0,1,0,0,0,0,0,0,1,0,0,2,0.27,0,0,0
Silvergill Adept,16,155,72,12,25,280,1,1,0,1,2,1,2,0,1,0,0,0,0,0,0,1,0,0,1,2.9,1,0,0
Silver-Inlaid Dagger,20,109,69,10,20,228,0,0,0,1,1,1,1,0,1,0,0,0,0,0,1,0,0,0,0,0.19,0,0,0
Silverpelt Werewolf,19,185,0,12,19,235,1,1,0,1,1,1,3,0,1,0,0,0,0,0,0,1,0,0,0,0.21,0,0,0
Silverskin Armor,16,89,129,14,20,268,0,0,0,1,1,1,2,0,1,0,0,0,0,0,1,0,0,0,0,0.19,0,0,0
Silverstrike,12,51,72,13,7,155,1,1,0,1,0,1,4,0,1,0,0,1,0,0,0,0,0,0,1,0.19,0,0,0
Simic Basilisk,14,362,0,12,26,414,1,1,0,1,2,1,6,0,1,0,0,0,0,0,0,1,0,0,2,0.22,0,0,0
Simic Charm,11,164,62,12,7,256,2,2,0,1,0,1,2,0,1,0,0,1,0,0,0,0,0,0,2,0.5,0,0,0
Simic Fluxmage,14,253,0,13,25,305,1,1,0,1,2,1,3,0,1,0,0,0,0,0,0,1,0,0,1,0.18,0,0,0
Simic Guildmage,15,246,0,14,21,296,2,2,0,1,2,1,2,0,1,0,0,0,0,0,0,1,0,0,2,0.56,0,0,0
Simic Keyrune,13,217,0,16,8,254,0,2,-2,1,0,1,3,0,1,0,0,0,0,0,1,0,0,0,0,0.2,0,0,0
Sin Collector,13,150,64,11,23,261,2,2,0,1,2,1,3,0,1,0,0,0,0,0,0,1,0,0,2,0.19,0,0,0
Sinister Concoction,19,142,46,11,11,229,1,1,0,1,0,1,1,0,1,0,0,0,0,1,0,0,0,0,1,0.22,0,0,0
Sinstriker's Will,17,134,78,12,18,259,1,1,0,1,1,1,4,0,1,0,0,0,0,1,0,0,0,0,1,0.21,0,0,0
Sinuous Predator,16,60,51,15,27,169,0,1,-1,1,2,1,1,0,1,0,0,0,0,0,0,1,0,0,0,0.21,0,0,0
Sinuous Striker,15,283,0,15,23,336,1,1,0,1,2,1,3,0,1,0,0,0,0,0,0,1,0,0,1,0.2,0,0,0
Sire of the Storm,17,71,49,12,17,166,1,1,0,1,1,1,6,0,1,0,0,0,0,0,0,1,0,0,2,0.22,0,0,0
Siren of the Fanged Coast,25,234,0,16,16,291,1,1,0,1,1,1,5,0,1,0,0,0,0,0,0,1,0,0,2,0.2,0,0,0
Siren of the Silent Song,24,172,0,15,23,234,2,2,0,1,2,1,3,0,1,0,0,0,0,0,0,1,0,0,2,0.25,0,0,0
Siren Song Lyre,15,64,89,11,20,199,0,0,0,1,1,1,2,0,1,0,0,0,0,0,1,0,0,0,0,0.2,0,0,0
Siren Stormtamer,16,115,42,12,30,215,1,1,0,1,3,1,1,0,1,0,0,0,0,0,0,1,0,0,1,0.92,0,0,0
Sixth Sense,11,118,35,12,18,194,1,1,0,1,1,1,1,0,1,0,0,0,0,1,0,0,0,0,1,0.2,0,0,0
Skaab Goliath,13,197,121,11,23,365,1,1,0,1,2,1,6,0,1,0,0,0,0,0,0,1,0,0,1,0.2,0,0,0
Skaab Goliath,13,197,32,11,23,276,1,1,0,1,2,1,6,0,1,0,0,0,0,0,0,1,0,0,1,0.2,0,0,0
Skarrg  the Rage Pits,21,108,124,17,4,274,0,2,-2,1,0,1,0,0,1,0,0,0,0,0,0,0,1,0,0,0.27,0,0,0
Skarrg Guildmage,16,167,0,14,23,220,2,2,0,1,2,1,2,0,1,0,0,0,0,0,0,1,0,0,2,0.2,0,0,0
Skarrgan Skybreaker,19,246,75,9,23,372,2,2,0,1,2,1,7,0,1,0,0,0,0,0,0,1,0,0,3,0.2,0,0,0
Skeletal Wurm,13,30,181,29,24,277,1,1,0,1,2,1,8,0,1,0,0,0,0,0,0,1,0,0,1,0.21,0,0,0
Skeleton Key,12,201,0,16,20,249,0,0,0,1,1,1,1,0,1,0,0,0,0,0,1,0,0,0,0,0.21,0,0,0
Skeleton Shard,14,92,66,12,8,192,0,1,-1,1,0,1,3,0,1,0,0,0,0,0,1,0,0,0,0,0.23,0,0,0
Skeletonize,11,181,39,13,7,251,1,2,-1,1,0,1,5,0,1,0,0,1,0,0,0,0,0,0,1,0.2,0,0,0
Skin Invasion,13,166,0,9,18,206,1,1,0,1,1,1,1,0,1,0,0,0,0,1,0,0,0,0,1,0.25,0,0,0
Skin Shedder,12,0,172,9,24,217,1,1,0,1,2,1,1,0,1,0,0,0,0,0,0,1,0,0,0,0.25,0,0,0
Skinrender,10,84,119,12,17,242,1,1,0,1,1,1,4,0,1,0,0,0,0,0,0,1,0,0,2,0.24,0,0,0
Skinwing,8,178,0,13,20,219,0,0,0,1,1,1,4,0,1,0,0,0,0,0,1,0,0,0,0,0.19,0,0,0
Skirk Ridge Exhumer,19,180,0,17,29,245,1,1,0,1,2,1,2,0,1,0,0,0,0,0,0,1,0,0,1,0.29,0,0,0
Skirsdag Cultist,16,93,91,15,23,238,1,1,0,1,2,1,4,0,1,0,0,0,0,0,0,1,0,0,2,0.18,0,0,0
Skirsdag Flayer,15,56,107,10,23,211,1,1,0,1,2,1,2,0,1,0,0,0,0,0,0,1,0,0,1,0.18,0,0,0
Skittering Invasion,19,120,102,14,24,279,0,0,0,2,1,1,7,0,1,0,0,0,1,0,0,0,0,0,0,0.69,0,0,0
Skittering Monstrosity,22,65,134,7,17,245,1,1,0,1,1,1,5,0,1,0,0,0,0,0,0,1,0,0,2,0.2,0,0,0
Skitterskin,11,159,0,15,24,209,0,1,-1,1,2,1,4,0,1,0,0,0,0,0,0,1,0,0,1,0.2,0,0,0
Skizzik Surger,14,182,0,14,20,230,1,1,0,1,1,1,6,0,1,0,0,0,0,0,0,1,0,0,2,0.21,0,0,0
Skull Collector,15,125,44,14,23,221,1,1,0,1,2,1,3,0,1,0,0,0,0,0,0,1,0,0,2,0.23,0,0,0
Skullcage,9,149,35,11,8,212,0,0,0,1,0,1,4,0,1,0,0,0,0,0,1,0,0,0,0,0.21,0,0,0
Skullclamp,10,88,0,12,20,130,0,0,0,1,1,1,1,0,1,0,0,0,0,0,1,0,0,0,0,1.89,1,0,0
Skullcrack,10,115,93,12,7,237,1,1,0,1,0,1,2,0,1,0,0,1,0,0,0,0,0,0,1,1.25,1,0,0
Skullmead Cauldron,18,59,129,17,8,231,0,0,0,1,0,1,4,0,1,0,0,0,0,0,1,0,0,0,0,0.21,0,0,0
Sky Hussar,10,268,0,10,23,311,2,2,0,1,2,1,5,0,1,0,0,0,0,0,0,1,0,0,2,0.4,0,0,0
Sky Terror,10,14,83,12,19,138,2,2,0,1,1,1,2,0,1,0,0,0,0,0,0,1,0,0,2,0.23,0,0,0
Sky Weaver,10,131,31,19,27,218,1,1,0,1,2,1,2,0,1,0,0,0,0,0,0,1,0,0,1,0.22,0,0,0
Skyclaw Thrash,14,128,63,11,36,252,2,2,0,2,2,1,5,0,1,0,0,0,0,0,1,1,0,0,2,0.2,0,0,0
Skyhunter Skirmisher,20,21,88,12,21,162,1,1,0,1,2,1,3,0,1,0,0,0,0,0,0,1,0,0,2,0.23,0,0,0
Skyhunter Skirmisher,20,21,215,12,21,289,1,1,0,1,2,1,3,0,1,0,0,0,0,0,0,1,0,0,2,0.25,0,0,0
Skyline Predator,16,74,99,11,16,216,1,1,0,1,1,1,6,0,1,0,0,0,0,0,0,1,0,0,2,0.18,0,0,0
Skymark Roc,11,139,62,19,15,246,2,2,0,1,1,1,4,0,1,0,0,0,0,0,0,1,0,0,2,0.2,0,0,0
Skyraker Giant,14,54,66,22,16,172,1,1,0,1,1,1,4,0,1,0,0,0,0,0,0,1,0,0,2,0.22,0,0,0
Skyreaping,10,178,0,12,7,207,1,1,0,1,0,1,2,0,1,0,0,0,1,0,0,0,0,0,1,0.2,0,0,0
Skyrider Elf,12,121,70,9,27,239,2,2,0,1,3,1,2,0,1,0,0,0,0,0,0,1,0,0,2,0.21,0,0,0
Skyscribing,11,179,0,12,7,209,1,1,0,1,0,1,2,0,1,0,0,0,1,0,0,0,0,0,2,0.24,0,0,0
Skyship Plunderer,17,182,32,15,23,269,1,1,0,1,2,1,2,0,1,0,0,0,0,0,0,1,0,0,1,0.24,0,0,0
Skysnare Spider,15,112,91,14,17,249,1,1,0,1,1,1,6,0,1,0,0,0,0,0,0,1,0,0,2,0.21,0,0,0
Skyspear Cavalry,16,87,59,14,24,200,1,1,0,1,2,1,5,0,1,0,0,0,0,0,0,1,0,0,2,0.19,0,0,0
Skyward Eye Prophets,20,135,107,12,23,297,3,3,0,1,2,1,6,0,1,0,0,0,0,0,0,1,0,0,3,0.21,0,0,0
Skywhaler's Shot,16,56,101,12,7,192,1,1,0,1,0,1,3,0,1,0,0,1,0,0,0,0,0,0,1,0.2,0,0,0
Skywise Teachings,17,126,98,14,11,266,1,1,0,1,0,1,4,0,1,0,0,0,0,1,0,0,0,0,1,0.23,0,0,0
Slab Hammer,11,154,26,13,20,224,0,0,0,1,1,1,2,0,1,0,0,0,0,0,1,0,0,0,0,0.2,0,0,0
Slave of Bolas,14,139,61,12,7,233,3,3,0,1,0,1,5,0,1,0,0,0,1,0,0,0,0,0,2,0.37,0,0,0
Slavering Nulls,15,122,45,12,24,218,1,1,0,1,2,1,2,0,1,0,0,0,0,0,0,1,0,0,1,0.2,0,0,0
Slay,4,68,95,12,7,186,1,1,0,1,0,1,3,0,1,0,0,1,0,0,0,0,0,0,1,0.2,0,0,0
Slay,4,68,95,12,7,186,1,1,0,1,0,1,3,0,1,0,0,1,0,0,0,0,0,0,1,0.22,0,0,0
Slayer of the Wicked,20,102,38,15,24,199,1,1,0,1,2,1,4,0,1,0,0,0,0,0,0,1,0,0,1,0.19,0,0,0
Slayer's Cleaver,16,81,85,16,20,218,0,0,0,1,1,1,3,0,1,0,0,0,0,0,1,0,0,0,0,0.21,0,0,0
Sleek Schooner,14,137,99,12,18,280,0,0,0,1,1,1,3,0,1,0,0,0,0,0,1,0,0,0,0,0.19,0,0,0
Sleep,5,107,114,10,7,243,1,1,0,1,0,1,4,0,1,0,0,0,1,0,0,0,0,0,2,0.19,0,0,0
Sleep,5,107,114,10,7,243,1,1,0,1,0,1,4,0,1,0,0,0,1,0,0,0,0,0,2,0.2,0,0,0
Sleep,5,107,114,10,7,243,1,1,0,1,0,1,4,0,1,0,0,0,1,0,0,0,0,0,2,0.2,0,0,0
Slice in Twain,14,52,140,14,7,227,1,1,0,1,0,1,4,0,1,0,0,1,0,0,0,0,0,0,2,0.17,0,0,0
Slice in Twain,14,52,105,13,7,191,1,1,0,1,0,1,4,0,1,0,0,1,0,0,0,0,0,0,2,0.2,0,0,0
Slime Molding,13,40,115,11,7,186,1,1,0,1,0,1,1,0,1,0,0,0,1,0,0,0,0,0,1,0.2,0,0,0
Slingbow Trap,13,151,62,16,14,256,1,1,0,1,1,1,4,0,1,0,0,1,0,0,0,0,0,0,1,0.2,0,0,0
Slinking Giant,14,154,31,12,22,233,1,1,0,1,2,1,4,0,1,0,0,0,0,0,0,1,0,0,2,0.2,0,0,0
Slith Ascendant,15,91,105,12,16,239,1,1,0,1,1,1,3,0,1,0,0,0,0,0,0,1,0,0,2,0.19,0,0,0
Slith Bloodletter,17,124,117,12,16,286,1,1,0,1,1,1,2,0,1,0,0,0,0,0,0,1,0,0,2,0.2,0,0,0
Slith Firewalker,16,91,125,12,16,260,1,1,0,1,1,1,2,0,1,0,0,0,0,0,0,1,0,0,2,0.2,0,0,0
Slith Predator,14,91,113,12,16,246,1,1,0,1,1,1,2,0,1,0,0,0,0,0,0,1,0,0,2,0.2,0,0,0
Slith Strider,13,135,89,12,16,265,1,1,0,1,1,1,3,0,1,0,0,0,0,0,0,1,0,0,2,0.19,0,0,0
Slitherhead,11,162,88,12,23,296,2,2,0,1,2,1,1,0,1,0,0,0,0,0,0,1,0,0,1,0.2,0,0,0
Slithering Shade,16,201,0,11,16,244,1,1,0,1,1,1,1,0,1,0,0,0,0,0,0,1,0,0,1,0.2,0,0,0
Sliversmith,11,102,75,9,31,228,0,0,0,2,1,1,2,0,1,0,0,0,0,0,1,1,0,0,0,0.3,0,0,0
Sludge Strider,14,199,80,15,26,334,3,3,0,2,1,1,4,0,1,0,0,0,0,0,1,1,0,0,3,0.22,0,0,0
Slum Reaper,11,75,96,13,17,212,1,1,0,1,1,1,4,0,1,0,0,0,0,0,0,1,0,0,1,0.18,0,0,0
Sly Requisitioner,17,273,0,9,26,325,1,1,0,1,2,1,5,0,1,0,0,0,0,0,0,1,0,0,1,0.2,0,0,0
Smallpox,8,89,117,13,7,234,1,1,0,1,0,1,2,0,1,0,0,0,1,0,0,0,0,0,2,0.34,0,0,0
Smallpox,8,89,156,15,7,275,1,1,0,1,0,1,2,0,1,0,0,0,1,0,0,0,0,0,2,0.57,0,0,0
Smog Elemental,14,62,173,13,20,282,1,1,0,1,1,1,6,0,1,0,0,0,0,0,0,1,0,0,2,0.18,0,0,0
Smogsteed Rider,15,170,137,22,23,367,1,1,0,1,2,1,4,0,1,0,0,0,0,0,0,1,0,0,2,0.2,0,0,0
Smoldering Werewolf,19,147,114,11,26,317,1,1,0,1,2,1,4,0,1,0,0,0,0,0,0,1,0,0,2,0.2,0,0,0
Smother,7,84,153,13,7,264,1,1,0,1,0,1,2,0,1,0,0,1,0,0,0,0,0,0,1,0.24,0,0,0
Snake Cult Initiation,21,197,0,12,18,248,1,1,0,1,1,1,4,0,1,0,0,0,0,1,0,0,0,0,1,0.26,0,0,0
Snapping Sailback,17,134,115,9,19,294,1,1,0,1,1,1,5,0,1,0,0,0,0,0,0,1,0,0,1,0.19,0,0,0
Snare Thopter,13,13,142,9,27,204,0,0,0,2,1,1,4,0,1,0,0,0,0,0,1,1,0,0,0,0.15,0,0,0
Soilshaper,10,116,81,14,17,238,1,1,0,1,1,1,2,0,1,0,0,0,0,0,0,1,0,0,1,0.2,0,0,0
Sokenzan Renegade,17,264,0,12,33,326,1,1,0,1,3,1,3,0,1,0,0,0,0,0,0,1,0,0,1,0.21,0,0,0
Solidarity of Heroes,20,181,0,14,7,222,1,1,0,1,0,1,2,0,1,0,0,1,0,0,0,0,0,0,1,0.32,0,0,0
Somberwald Alpha,16,238,0,14,15,283,1,1,0,1,1,1,4,0,1,0,0,0,0,0,0,1,0,0,1,0.21,0,0,0
Somberwald Stag,15,101,123,12,14,265,1,1,0,1,1,1,5,0,1,0,0,0,0,0,0,1,0,0,2,0.2,0,0,0
Soot Imp,8,74,116,13,14,225,1,1,0,1,1,1,3,0,1,0,0,0,0,0,0,1,0,0,2,0.25,0,0,0
Sophic Centaur,14,75,122,14,30,255,1,1,0,1,2,1,4,0,1,0,0,0,0,0,0,1,0,0,1,0.22,0,0,0
Soratami Cloud Chariot,22,170,0,15,8,215,0,0,0,1,0,1,5,0,1,0,0,0,0,0,1,0,0,0,0,0.23,0,0,0
Soratami Mindsweeper,20,144,0,22,26,212,1,1,0,1,2,1,4,0,1,0,0,0,0,0,0,1,0,0,1,0.24,0,0,0
Soratami Mirror-Mage,20,109,51,10,26,216,1,1,0,1,2,1,4,0,1,0,0,0,0,0,0,1,0,0,1,0.22,0,0,0
Soratami Savant,15,111,37,10,26,199,1,1,0,1,2,1,4,0,1,0,0,0,0,0,0,1,0,0,2,0.24,0,0,0
Soratami Seer,13,126,70,10,26,245,1,1,0,1,2,1,5,0,1,0,0,0,0,0,0,1,0,0,1,0.21,0,0,0
Sorcerer's Strongbox,20,96,140,12,8,276,0,0,0,1,0,1,4,0,1,0,0,0,0,0,1,0,0,0,0,0.19,0,0,0
Sosuke  Son of Seshiro,22,150,0,14,34,220,1,1,0,1,2,1,4,0,1,0,1,0,0,0,0,1,0,0,2,0.25,0,0,0
Sosuke's Summons,16,178,0,10,7,211,1,1,0,1,0,1,3,0,1,0,0,0,1,0,0,0,0,0,1,1.15,1,0,0
Soul Feast,10,47,20,8,7,92,1,1,0,1,0,1,5,0,1,0,0,0,1,0,0,0,0,0,2,0.21,0,0,0
Soul Feast,10,47,149,8,7,221,1,1,0,1,0,1,5,0,1,0,0,0,1,0,0,0,0,0,2,0.21,0,0,0
Soul Feast,10,47,20,8,7,92,1,1,0,1,0,1,5,0,1,0,0,0,1,0,0,0,0,0,2,0.22,0,0,0
Soul Nova,9,65,108,14,7,203,1,1,0,1,0,1,5,0,1,0,0,1,0,0,0,0,0,0,2,0.19,0,0,0
Soul Seizer,11,140,0,14,17,182,1,1,0,1,1,1,5,0,1,0,0,0,0,0,0,1,0,0,2,0.2,0,0,0
Soul Snuffers,13,80,113,4,27,237,1,1,0,1,2,1,4,0,1,0,0,0,0,0,0,1,0,0,2,1.43,1,0,0
Soul Tithe,10,182,0,12,18,222,1,1,0,1,1,1,2,0,1,0,0,0,0,1,0,0,0,0,1,0.2,0,0,0
Soul Warden,11,66,67,14,23,181,1,1,0,1,2,1,1,0,1,0,0,0,0,0,0,1,0,0,1,0.94,0,0,0
Soul Warden,11,66,67,14,23,181,1,1,0,1,2,1,1,0,1,0,0,0,0,0,0,1,0,0,1,0.99,0,0,0
Soulbound Guardians,19,16,106,10,21,172,1,1,0,1,2,1,5,0,1,0,0,0,0,0,0,1,0,0,1,0.2,0,0,0
Souls of the Faultless,22,161,107,7,17,314,2,2,0,1,1,1,3,0,1,0,0,0,0,0,0,1,0,0,3,1.48,1,0,0
Soulsurge Elemental,19,89,91,14,20,233,1,1,0,1,1,1,4,0,1,0,0,0,0,0,0,1,0,0,1,0.21,0,0,0
Soulsworn Spirit,16,233,0,11,17,277,1,1,0,1,1,1,4,0,1,0,0,0,0,0,0,1,0,0,1,0.19,0,0,0
Soultether Golem,16,290,0,13,25,344,0,0,0,2,1,1,2,0,1,0,0,0,0,0,1,1,0,0,0,0.23,0,0,0
Sowing Salt,11,188,0,16,7,222,1,1,0,1,0,1,4,0,1,0,0,0,1,0,0,0,0,0,2,0.71,0,0,0
Spark Elemental,15,310,115,9,20,469,1,1,0,1,1,1,1,0,1,0,0,0,0,0,0,1,0,0,1,0.86,0,0,0
Spark of Creativity,19,225,36,12,7,299,1,1,0,1,0,1,1,0,1,0,0,0,1,0,0,0,0,0,1,0.2,0,0,0
Sparkspitter,12,180,0,9,32,233,1,1,0,1,2,1,3,0,1,0,0,0,0,0,0,1,0,0,1,0.21,0,0,0
Spatial Contortion,18,78,100,7,7,210,0,0,0,1,0,1,2,0,1,0,0,1,0,0,0,0,0,0,1,0.22,0,0,0
Spawning Bed,12,187,69,11,4,283,0,0,0,1,0,1,0,0,1,0,0,0,0,0,0,0,1,0,0,0.21,0,0,0
Spawning Pit,12,164,0,13,8,197,0,0,0,1,0,1,2,0,1,0,0,0,0,0,1,0,0,0,0,0.92,0,0,0
Spawning Pool,13,359,0,9,4,385,0,1,-1,1,0,1,0,0,1,0,0,0,0,0,0,0,1,0,0,0.38,0,0,0
Species Gorger,14,83,158,7,21,283,2,2,0,1,2,1,5,0,1,0,0,0,0,0,0,1,0,0,2,0.19,0,0,0
Specter's Shroud,16,296,0,16,20,348,0,0,0,1,1,1,2,0,1,0,0,0,0,0,1,0,0,0,0,0.2,0,0,0
Spectral Procession,19,58,120,13,7,217,1,1,0,1,0,1,6,0,1,0,0,0,1,0,0,0,0,0,4,0.75,0,0,0
Spectral Rider,14,117,111,13,24,279,1,1,0,1,2,1,2,0,1,0,0,0,0,0,0,1,0,0,2,0.21,0,0,0
Spectral Searchlight,20,103,126,17,8,274,0,0,0,1,0,1,3,0,1,0,0,0,0,0,1,0,0,0,0,0.23,0,0,0
Spectral Shepherd,17,68,72,12,17,186,1,2,-1,1,1,1,3,0,1,0,0,0,0,0,0,1,0,0,1,0.2,0,0,0
Speedway Fanatic,16,92,73,15,22,218,1,1,0,1,2,1,2,0,1,0,0,0,0,0,0,1,0,0,1,0.2,0,0,0
Spell Blast,11,111,87,11,7,227,1,1,0,1,0,1,1,0,1,0,0,1,0,0,0,0,0,0,1,0.2,0,0,0
Spell Burst,11,172,39,14,7,243,1,1,0,1,0,1,1,0,1,0,0,1,0,0,0,0,0,0,1,0.9,0,0,0
Spell Contortion,16,205,0,14,7,242,1,1,0,1,0,1,3,0,1,0,0,1,0,0,0,0,0,0,1,0.19,0,0,0
Spell Snare,11,48,149,16,7,231,1,1,0,1,0,1,1,0,1,0,0,1,0,0,0,0,0,0,1,5.5,1,1,0
Spellbook,9,30,26,15,8,88,0,0,0,1,0,1,0,0,1,0,0,0,0,0,1,0,0,0,0,0.75,0,0,0
Spellbook,9,30,152,15,8,214,0,0,0,1,0,1,0,0,1,0,0,0,0,0,1,0,0,0,0,0.75,0,0,0
Spellbook,9,30,152,15,8,214,0,0,0,1,0,1,0,0,1,0,0,0,0,0,1,0,0,0,0,0.77,0,0,0
Spellbook,9,30,152,15,8,214,0,0,0,1,0,1,0,0,1,0,0,0,0,0,1,0,0,0,0,0.81,0,0,0
Spellheart Chimera,18,113,90,15,18,254,2,2,0,1,1,1,3,0,1,0,0,0,0,0,0,1,0,0,2,0.2,0,0,0
Spellwild Ouphe,15,57,189,13,16,290,1,1,0,1,1,1,2,0,1,0,0,0,0,0,0,1,0,0,1,0.21,0,0,0
Sphere of Safety,16,169,85,15,11,296,1,1,0,1,0,1,5,0,1,0,0,0,0,1,0,0,0,0,1,1,1,0,0
Sphere of the Suns,18,185,0,29,8,240,0,0,0,1,0,1,2,0,1,0,0,0,0,0,1,0,0,0,0,0.2,0,0,0
Sphinx's Herald,15,193,74,9,35,326,1,1,0,2,2,1,1,0,1,0,0,0,0,0,1,1,0,0,1,0.2,0,0,0
Sphinx's Tutelage,17,226,82,15,11,351,1,1,0,1,0,1,3,0,1,0,0,0,0,1,0,0,0,0,1,1.7,1,0,0
Spider Spawning,15,194,0,16,7,232,1,2,-1,1,0,1,5,0,1,0,0,0,1,0,0,0,0,0,1,0.21,0,0,0
Spike Jester,12,5,78,11,25,131,2,2,0,1,2,1,2,0,1,0,0,0,0,0,0,1,0,0,2,0.2,0,0,0
Spiketail Hatchling,19,165,55,12,16,267,1,1,0,1,1,1,2,0,1,0,0,0,0,0,0,1,0,0,1,0.2,0,0,0
Spiketail Hatchling,19,165,55,12,16,267,1,1,0,1,1,1,2,0,1,0,0,0,0,0,0,1,0,0,1,0.25,0,0,0
Spin into Myth,14,237,0,9,7,267,1,1,0,1,0,1,5,0,1,0,0,1,0,0,0,0,0,0,1,0.36,0,0,0
Spinal Parasite,15,194,0,20,26,255,0,0,0,2,1,1,5,0,1,0,0,0,0,0,1,1,0,0,0,0.2,0,0,0
Spincrusher,11,136,26,12,29,214,0,0,0,2,1,1,2,0,1,0,0,0,0,0,1,1,0,0,0,0.24,0,0,0
Spinebiter,10,204,0,11,16,241,1,1,0,1,1,1,6,0,1,0,0,0,0,0,0,1,0,0,2,0.28,0,0,0
Spiraling Duelist,17,96,67,13,26,219,1,1,0,1,2,1,4,0,1,0,0,0,0,0,0,1,0,0,2,0.18,0,0,0
Spire Patrol,12,159,75,9,24,279,2,2,0,1,2,1,4,0,1,0,0,0,0,0,0,1,0,0,2,0.2,0,0,0
Spirespine,10,265,0,10,28,313,1,1,0,2,1,1,3,0,1,0,0,0,0,1,0,1,0,0,1,0.2,0,0,0
Spirit en-Dal,13,254,0,11,17,295,1,1,0,1,1,1,3,0,1,0,0,0,0,0,0,1,0,0,1,0.24,0,0,0
Spirit Link,11,181,81,10,18,301,1,1,0,1,1,1,1,0,1,0,0,0,0,1,0,0,0,0,1,0.35,0,0,0
Spirit Link,11,181,0,10,18,220,1,1,0,1,1,1,1,0,1,0,0,0,0,1,0,0,0,0,1,0.56,0,0,0
Spirit Link,11,181,58,10,18,278,1,1,0,1,1,1,1,0,1,0,0,0,0,1,0,0,0,0,1,1.13,1,0,0
Spirit Loop,11,198,0,14,18,241,1,1,0,1,1,1,2,0,1,0,0,0,0,1,0,0,0,0,1,0.57,0,0,0
Spirit Mantle,13,81,76,4,18,192,1,1,0,1,1,1,2,0,1,0,0,0,0,1,0,0,0,0,1,1.46,1,0,0
Spirit Weaver,13,64,29,17,23,146,1,1,0,1,2,1,2,0,1,0,0,0,0,0,0,1,0,0,1,0.22,0,0,0
Spite of Mogis,14,215,0,13,7,249,1,1,0,1,0,1,1,0,1,0,0,0,1,0,0,0,0,0,1,0.21,0,0,0
Spitebellows,12,200,54,16,20,302,1,1,0,1,1,1,6,0,1,0,0,0,0,0,0,1,0,0,1,0.21,0,0,0
Spiteflame Witch,16,33,137,16,27,229,2,2,0,1,2,1,2,0,1,0,0,0,0,0,0,1,0,0,1,0.22,0,0,0
Spiteful Blow,13,40,122,10,7,192,1,1,0,1,0,1,6,0,1,0,0,0,1,0,0,0,0,0,2,0.2,0,0,0
Spiteful Motives,16,136,88,11,18,269,1,1,0,1,1,1,4,0,1,0,0,0,0,1,0,0,0,0,1,0.2,0,0,0
Spiteful Returned,17,284,0,16,29,346,1,1,0,2,1,1,2,0,1,0,0,0,0,1,0,1,0,0,1,0.2,0,0,0
Spitemare,9,91,130,12,20,262,2,2,0,1,1,1,4,0,1,0,0,0,0,0,0,1,0,0,2,0.99,0,0,0
Spitting Spider,15,133,0,20,17,185,1,1,0,1,1,1,5,0,1,0,0,0,0,0,0,1,0,0,2,0.2,0,0,0
Splinter,8,187,0,14,7,216,1,1,0,1,0,1,4,0,1,0,0,0,1,0,0,0,0,0,2,0.41,0,0,0
Spore Burst,11,102,73,7,7,200,1,1,0,1,0,1,4,0,1,0,0,0,1,0,0,0,0,0,1,0.2,0,0,0
Sporesower Thallid,18,178,0,11,17,224,1,1,0,1,1,1,4,0,1,0,0,0,0,0,0,1,0,0,2,0.28,0,0,0
Spreading Algae,15,172,0,15,18,220,1,1,0,1,1,1,1,0,1,0,0,0,0,1,0,0,0,0,1,0.25,0,0,0
Spreading Flames,16,91,47,11,7,172,1,1,0,1,0,1,7,0,1,0,0,1,0,0,0,0,0,0,1,0.2,0,0,0
Springjack Shepherd,19,168,58,14,25,284,1,1,0,1,2,1,4,0,1,0,0,0,0,0,0,1,0,0,1,1.87,1,0,0
Springleaf Drum,15,87,61,12,8,183,0,0,0,1,0,1,1,0,1,0,0,0,0,0,1,0,0,0,0,0.86,0,0,0
Sprouting Thrinax,17,78,105,16,17,233,3,3,0,1,1,1,3,0,1,0,0,0,0,0,0,1,0,0,3,0.22,0,0,0
Squeaking Pie Sneak,19,189,121,13,23,365,1,1,0,1,2,1,2,0,1,0,0,0,0,0,0,1,0,0,1,0.21,0,0,0
Squealing Devil,15,300,0,12,16,343,1,2,-1,1,1,1,2,0,1,0,0,0,0,0,0,1,0,0,1,0.21,0,0,0
Squelch,7,82,161,12,7,269,1,1,0,1,0,1,2,0,1,0,0,1,0,0,0,0,0,0,1,0.89,0,0,0
Squelching Leeches,18,92,137,15,16,278,1,1,0,1,1,1,4,0,1,0,0,0,0,0,0,1,0,0,2,0.2,0,0,0
Stab Wound,10,140,0,10,18,178,1,1,0,1,1,1,3,0,1,0,0,0,0,1,0,0,0,0,1,0.2,0,0,0
Staff of the Death Magus,24,102,39,16,8,189,0,0,0,1,0,1,3,0,1,0,0,0,0,0,1,0,0,0,0,0.2,0,0,0
Staff of the Death Magus,24,102,39,16,8,189,0,0,0,1,0,1,3,0,1,0,0,0,0,0,1,0,0,0,0,0.2,0,0,0
Staff of the Flame Magus,24,103,41,16,8,192,0,0,0,1,0,1,3,0,1,0,0,0,0,0,1,0,0,0,0,0.19,0,0,0
Staff of the Flame Magus,24,103,41,16,8,192,0,0,0,1,0,1,3,0,1,0,0,0,0,0,1,0,0,0,0,0.19,0,0,0
Staff of the Mind Magus,23,103,42,16,8,192,0,0,0,1,0,1,3,0,1,0,0,0,0,0,1,0,0,0,0,0.19,0,0,0
Staff of the Mind Magus,23,103,42,16,8,192,0,0,0,1,0,1,3,0,1,0,0,0,0,0,1,0,0,0,0,0.2,0,0,0
Staff of the Sun Magus,22,103,42,16,8,191,0,0,0,1,0,1,3,0,1,0,0,0,0,0,1,0,0,0,0,0.2,0,0,0
Staff of the Sun Magus,22,103,42,16,8,191,0,0,0,1,0,1,3,0,1,0,0,0,0,0,1,0,0,0,0,0.2,0,0,0
Staff of the Wild Magus,23,103,41,16,8,191,0,0,0,1,0,1,3,0,1,0,0,0,0,0,1,0,0,0,0,0.19,0,0,0
Staff of the Wild Magus,23,103,41,16,8,191,0,0,0,1,0,1,3,0,1,0,0,0,0,0,1,0,0,0,0,0.2,0,0,0
Stalker Hag,11,112,87,12,14,236,2,2,0,1,1,1,3,0,1,0,0,0,0,0,0,1,0,0,3,0.23,0,0,0
Stalking Stones,15,149,0,9,4,177,0,0,0,1,0,1,0,0,1,0,0,0,0,0,0,0,1,0,0,0.2,0,0,0
Stalking Vampire,16,94,52,15,18,195,1,1,0,1,1,1,3,0,1,0,0,0,0,0,0,1,0,0,0,0.19,0,0,0
Stalking Yeti,13,380,0,12,20,425,1,1,0,1,1,1,4,0,1,0,0,0,0,0,0,1,0,0,2,0.23,0,0,0
Stampeding Serow,16,97,0,20,25,158,1,1,0,1,2,1,4,0,1,0,0,0,0,0,0,1,0,0,2,0.23,0,0,0
Stampeding Wildebeests,22,196,75,14,25,332,1,1,0,1,2,1,4,0,1,0,0,0,0,0,0,1,0,0,2,0.22,0,0,0
Stand Together,14,92,38,12,7,163,1,1,0,1,0,1,5,0,1,0,0,1,0,0,0,0,0,0,2,0.2,0,0,0
Star Compass,12,137,39,15,8,211,0,0,0,1,0,1,2,0,1,0,0,0,0,0,1,0,0,0,0,0.5,0,0,0
Starlight Invoker,17,24,172,10,30,253,1,1,0,1,3,1,2,0,1,0,0,0,0,0,0,1,0,0,1,0.22,0,0,0
Start Your Engines,18,116,127,14,7,282,1,1,0,1,0,1,4,0,1,0,0,0,1,0,0,0,0,0,1,0.19,0,0,0
Starved Rusalka,15,43,207,11,17,293,1,1,0,1,1,1,1,0,1,0,0,0,0,0,0,1,0,0,1,0.22,0,0,0
Stasis Snare,12,246,0,11,11,280,1,1,0,1,0,1,3,0,1,0,0,0,0,1,0,0,0,0,2,0.48,0,0,0
Staunch Defenders,17,63,53,14,24,171,1,1,0,1,2,1,5,0,1,0,0,0,0,0,0,1,0,0,2,0.2,0,0,0
Steadfast Armasaur,18,123,97,14,19,271,1,1,0,1,1,1,4,0,1,0,0,0,0,0,0,1,0,0,1,0.18,0,0,0
Steal Artifact,14,48,0,15,18,95,1,1,0,1,1,1,4,0,1,0,0,0,0,1,0,0,0,0,2,0.22,0,0,0
Steam Spitter,13,103,116,16,17,265,1,2,-1,1,1,1,5,0,1,0,0,0,0,0,0,1,0,0,1,0.21,0,0,0
Steel Golem,11,31,91,15,25,173,0,0,0,2,1,1,3,0,1,0,0,0,0,0,1,1,0,0,0,0.5,0,0,0
Steelform Sliver,16,39,150,11,17,233,1,1,0,1,1,1,3,0,1,0,0,0,0,0,0,1,0,0,1,0.2,0,0,0
Steelshaper's Gift,18,114,36,15,7,190,1,1,0,1,0,1,1,0,1,0,0,0,1,0,0,0,0,0,1,4.69,1,0,0
Stensia Masquerade,18,280,0,13,11,322,1,1,0,1,0,1,3,0,1,0,0,0,0,1,0,0,0,0,1,0.26,0,0,0
Steppe Glider,13,114,56,21,20,224,1,1,0,1,1,1,5,0,1,0,0,0,0,0,0,1,0,0,1,0.19,0,0,0
Stern Mentor,12,342,0,13,23,390,1,1,0,1,2,1,4,0,1,0,0,0,0,0,0,1,0,0,1,0.18,0,0,0
Steward of Solidarity,21,154,98,12,24,309,1,1,0,1,2,1,2,0,1,0,0,0,0,0,0,1,0,0,1,0.22,0,0,0
Stingerfling Spider,19,99,87,11,17,233,1,1,0,1,1,1,5,0,1,0,0,0,0,0,0,1,0,0,1,0.2,0,0,0
Stinkdrinker Bandit,19,213,0,14,23,269,1,1,0,1,2,1,4,0,1,0,0,0,0,0,0,1,0,0,1,0.31,0,0,0
Stir the Pride,14,235,0,12,7,268,1,1,0,1,0,1,5,0,1,0,0,1,0,0,0,0,0,0,1,0.2,0,0,0
Stir the Sands,14,176,0,13,7,210,1,1,0,1,0,1,6,0,1,0,0,0,1,0,0,0,0,0,2,0.21,0,0,0
Stitchwing Skaab,16,104,91,9,24,244,1,1,0,1,2,1,4,0,1,0,0,0,0,0,0,1,0,0,1,0.23,0,0,0
Stoic Ephemera,14,104,62,14,17,211,1,1,0,1,1,1,3,0,1,0,0,0,0,0,0,1,0,0,1,0.21,0,0,0
Stoke the Flames,16,210,0,11,7,244,1,1,0,1,0,1,4,0,1,0,0,1,0,0,0,0,0,0,2,0.45,0,0,0
Stomp and Howl,14,47,125,14,7,207,1,1,0,1,0,1,3,0,1,0,0,0,1,0,0,0,0,0,1,0.21,0,0,0
Stomping Slabs,14,222,0,22,7,265,1,1,0,1,0,1,3,0,1,0,0,0,1,0,0,0,0,0,1,0.21,0,0,0
Stone Giant,11,170,56,11,16,264,1,1,0,1,1,1,4,0,1,0,0,0,0,0,0,1,0,0,2,0.19,0,0,0
Stone Golem,11,0,157,17,25,210,0,0,0,2,1,1,5,0,1,0,0,0,0,0,1,1,0,0,0,0.19,0,0,0
Stone Quarry,12,82,82,12,4,192,0,2,-2,1,0,1,0,0,1,0,0,0,0,0,0,0,1,0,0,0.21,0,0,0
Stonecloaker,12,245,0,14,19,290,1,1,0,1,1,1,3,0,1,0,0,0,0,0,0,1,0,0,1,0.27,0,0,0
Stoneforge Acolyte,18,224,47,12,29,330,1,1,0,1,3,1,1,0,1,0,0,0,0,0,0,1,0,0,1,0.2,0,0,0
Stonehorn Chanter,17,169,44,16,23,269,1,1,0,1,2,1,6,0,1,0,0,0,0,0,0,1,0,0,1,0.19,0,0,0
Stoneshaker Shaman,18,84,85,13,23,223,1,1,0,1,2,1,3,0,1,0,0,0,0,0,0,1,0,0,1,0.23,0,0,0
Stoneshock Giant,16,230,0,15,16,277,1,1,0,1,1,1,5,0,1,0,0,0,0,0,0,1,0,0,2,0.18,0,0,0
Stonewing Antagonizer,21,6,55,16,35,133,0,0,0,2,2,1,1,0,1,0,0,0,0,0,1,1,0,0,0,0.21,0,0,0
Stonewright,11,299,0,11,23,344,1,1,0,1,2,1,1,0,1,0,0,0,0,0,0,1,0,0,1,0.18,0,0,0
Storm Entity,12,105,116,14,20,267,1,1,0,1,1,1,2,0,1,0,0,0,0,0,0,1,0,0,1,0.29,0,0,0
Storm Fleet Aerialist,21,128,70,13,23,255,1,1,0,1,2,1,2,0,1,0,0,0,0,0,0,1,0,0,1,0.22,0,0,0
Storm Fleet Arsonist,20,139,55,14,21,249,1,1,0,1,2,1,5,0,1,0,0,0,0,0,0,1,0,0,1,0.2,0,0,0
Storm Fleet Spy,15,107,85,12,23,242,1,1,0,1,2,1,3,0,1,0,0,0,0,0,0,1,0,0,1,0.2,0,0,0
Stormblood Berserker,20,199,40,7,26,292,1,1,0,1,2,1,2,0,1,0,0,0,0,0,0,1,0,0,1,0.23,0,0,0
Stormcaller of Keranos,22,114,57,11,23,227,1,2,-1,1,2,1,3,0,1,0,0,0,0,0,0,1,0,0,1,0.2,0,0,0
Stormchaser Chimera,19,270,0,12,18,319,2,2,0,1,1,1,4,0,1,0,0,0,0,0,0,1,0,0,2,0.2,0,0,0
Stormchaser Mage,16,106,63,13,23,221,2,2,0,1,2,1,2,0,1,0,0,0,0,0,0,1,0,0,2,0.4,0,0,0
Stormcloud Djinn,16,142,46,12,16,232,1,2,-1,1,1,1,5,0,1,0,0,0,0,0,0,1,0,0,1,0.2,0,0,0
Stormcrag Elemental,19,168,46,13,20,266,1,1,0,1,1,1,6,0,1,0,0,0,0,0,0,1,0,0,1,0.22,0,0,0
Stormfront Riders,17,246,0,14,24,301,1,1,0,1,2,1,5,0,1,0,0,0,0,0,0,1,0,0,1,0.23,0,0,0
Stormrider Rig,14,139,0,7,20,180,0,0,0,1,1,1,2,0,1,0,0,0,0,0,1,0,0,0,0,0.22,0,0,0
Stormwing Dragon,16,285,0,15,17,333,1,1,0,1,1,1,6,0,1,0,0,0,0,0,0,1,0,0,1,0.22,0,0,0
Strandwalker,12,177,0,13,20,222,0,0,0,1,1,1,5,0,1,0,0,0,0,0,1,0,0,0,0,0.19,0,0,0
Strange Inversion,17,235,0,8,16,276,1,1,0,1,1,1,3,0,1,0,0,1,0,0,0,0,0,0,1,0.21,0,0,0
Strangleroot Geist,18,158,61,10,17,264,1,1,0,1,1,1,2,0,1,0,0,0,0,0,0,1,0,0,2,0.37,0,0,0
Stratozeppelid,14,59,134,6,16,229,1,1,0,1,1,1,5,0,1,0,0,0,0,0,0,1,0,0,1,0.22,0,0,0
Stream of Consciousness,23,97,193,9,16,338,1,1,0,1,1,1,2,0,1,0,0,1,0,0,0,0,0,0,1,0.23,0,0,0
Stream of Life,14,27,0,15,7,63,1,1,0,1,0,1,1,0,1,0,0,0,1,0,0,0,0,0,1,0.21,0,0,0
Stream of Life,14,27,0,15,7,63,1,1,0,1,0,1,1,0,1,0,0,0,1,0,0,0,0,0,1,0.25,0,0,0
Street Spasm,12,230,0,16,7,265,1,1,0,1,0,1,1,0,1,0,0,1,0,0,0,0,0,0,1,0.18,0,0,0
Street Sweeper,14,75,120,4,29,242,0,0,0,2,1,1,6,0,1,0,0,0,0,0,1,1,0,0,0,0.18,0,0,0
Street Wraith,13,154,128,20,17,332,1,1,0,1,1,1,5,0,1,0,0,0,0,0,0,1,0,0,2,9.43,1,1,0
Strength from the Fallen,24,220,0,7,11,262,1,1,0,1,0,1,2,0,1,0,0,0,0,1,0,0,0,0,1,0.2,0,0,0
Strength of Cedars,18,89,175,20,16,318,1,1,0,1,1,1,5,0,1,0,0,1,0,0,0,0,0,0,1,0.2,0,0,0
Strider Harness,15,53,77,10,20,175,0,0,0,1,1,1,3,0,1,0,0,0,0,0,1,0,0,0,0,0.2,0,0,0
Stromgald Crusader,18,134,99,11,24,286,1,1,0,1,2,1,2,0,1,0,0,0,0,0,0,1,0,0,2,1.97,1,0,0
Stromkirk Captain,17,81,125,29,26,278,2,2,0,1,2,1,3,0,1,0,0,0,0,0,0,1,0,0,2,0.47,0,0,0
Strongarm Monk,14,89,106,12,21,242,1,1,0,1,2,1,5,0,1,0,0,0,0,0,0,1,0,0,1,0.22,0,0,0
Stronghold Discipline,21,62,85,7,7,182,1,1,0,1,0,1,4,0,1,0,0,0,1,0,0,0,0,0,2,0.21,0,0,0
Stronghold Rats,15,164,61,17,14,271,1,1,0,1,1,1,3,0,1,0,0,0,0,0,0,1,0,0,1,0.5,0,0,0
Struggle for Sanity,19,293,0,14,7,333,1,1,0,1,0,1,4,0,1,0,0,0,1,0,0,0,0,0,2,0.2,0,0,0
Stubborn Denial,15,155,40,11,7,228,1,1,0,1,0,1,1,0,1,0,0,1,0,0,0,0,0,0,1,1.05,1,0,0
Student of Elements,19,45,0,6,23,93,1,1,0,1,2,1,2,0,1,0,0,0,0,0,0,1,0,0,1,0.21,0,0,0
Stun Sniper,11,75,61,14,23,184,2,2,0,1,2,1,2,0,1,0,0,0,0,0,0,1,0,0,2,0.22,0,0,0
Sturdy Hatchling,16,333,0,13,20,382,2,2,0,1,1,1,4,0,1,0,0,0,0,0,0,1,0,0,1,0.2,0,0,0
Subjugator Angel,16,94,95,13,16,234,1,1,0,1,1,1,6,0,1,0,0,0,0,0,0,1,0,0,2,0.2,0,0,0
Submerged Boneyard,18,88,122,12,4,244,0,2,-2,1,0,1,0,0,1,0,0,0,0,0,0,0,1,0,0,0.17,0,0,0
Sudden Death,12,175,121,11,7,326,1,1,0,1,0,1,3,0,1,0,0,1,0,0,0,0,0,0,2,0.27,0,0,0
Sudden Impact,13,95,50,22,7,187,1,1,0,1,0,1,4,0,1,0,0,1,0,0,0,0,0,0,1,0.21,0,0,0
Sudden Impact,13,95,151,14,7,280,1,1,0,1,0,1,4,0,1,0,0,1,0,0,0,0,0,0,1,0.23,0,0,0
Sudden Impact,13,95,151,12,7,278,1,1,0,1,0,1,4,0,1,0,0,1,0,0,0,0,0,0,1,0.24,0,0,0
Sudden Reclamation,18,137,91,9,7,262,1,1,0,1,0,1,4,0,1,0,0,1,0,0,0,0,0,0,1,0.21,0,0,0
Sudden Shock,12,187,42,12,7,260,1,1,0,1,0,1,2,0,1,0,0,1,0,0,0,0,0,0,1,1.21,1,0,0
Suffer the Past,15,129,110,14,7,275,1,1,0,1,0,1,1,0,1,0,0,1,0,0,0,0,0,0,1,0.33,0,0,0
Sulfur Elemental,16,224,0,12,20,272,1,1,0,1,1,1,3,0,1,0,0,0,0,0,0,1,0,0,1,0.54,0,0,0
Sulfurous Blast,15,184,87,13,7,306,1,1,0,1,0,1,4,0,1,0,0,1,0,0,0,0,0,0,2,0.22,0,0,0
Sultai Charm,12,132,63,15,7,229,3,3,0,1,0,1,3,0,1,0,0,1,0,0,0,0,0,0,3,0.21,0,0,0
Sultai Flayer,13,82,59,4,22,180,1,1,0,1,2,1,4,0,1,0,0,0,0,0,0,1,0,0,1,0.2,0,0,0
Sultai Soothsayer,17,155,77,16,22,287,3,3,0,1,2,1,5,0,1,0,0,0,0,0,0,1,0,0,3,0.2,0,0,0
Summer Bloom,12,52,52,14,7,137,1,1,0,1,0,1,2,0,1,0,0,0,1,0,0,0,0,0,1,1.83,1,0,0
Summit Apes,11,113,153,18,14,309,1,1,0,1,1,1,4,0,1,0,0,0,0,0,0,1,0,0,1,0.2,0,0,0
Summon the School,17,149,57,11,24,258,1,1,0,2,1,1,4,0,1,0,0,0,1,0,0,0,0,0,1,0.27,0,0,0
Summoner's Bane,15,73,96,20,7,211,1,1,0,1,0,1,4,0,1,0,0,1,0,0,0,0,0,0,2,0.19,0,0,0
Sun Droplet,11,186,0,15,8,220,0,0,0,1,0,1,2,0,1,0,0,0,0,0,1,0,0,0,0,1.07,1,0,0
Sunblade Elf,12,115,62,14,22,225,1,2,-1,1,2,1,1,0,1,0,0,0,0,0,0,1,0,0,1,0.23,0,0,0
Sunbond,7,112,100,12,18,249,1,1,0,1,1,1,4,0,1,0,0,0,0,1,0,0,0,0,1,0.63,0,0,0
Sunder from Within,18,32,131,13,16,210,1,1,0,1,1,1,4,0,1,0,0,0,1,0,0,0,0,0,2,0.22,0,0,0
Sunhome  Fortress of the Legion,31,102,72,17,4,226,0,2,-2,1,0,1,0,0,1,0,0,0,0,0,0,0,1,0,0,0.79,0,0,0
Sunhome Enforcer,16,126,102,12,24,280,2,2,0,1,2,1,4,0,1,0,0,0,0,0,0,1,0,0,2,0.22,0,0,0
Sunhome Guildmage,17,134,0,14,23,188,2,2,0,1,2,1,2,0,1,0,0,0,0,0,0,1,0,0,2,0.19,0,0,0
Sunscourge Champion,19,315,0,12,23,369,1,1,0,1,2,1,3,0,1,0,0,0,0,0,0,1,0,0,1,0.25,0,0,0
Sunseed Nurturer,16,138,124,12,29,319,1,1,0,1,3,1,3,0,1,0,0,0,0,0,0,1,0,0,1,0.22,0,0,0
Sunset Pyramid,14,155,36,11,8,224,0,0,0,1,0,1,2,0,1,0,0,0,0,0,1,0,0,0,0,0.2,0,0,0
Suppression Field,17,76,117,9,11,230,1,1,0,1,0,1,2,0,1,0,0,0,0,1,0,0,0,0,1,2,1,0,0
Supreme Will,12,201,0,13,7,233,1,1,0,1,0,1,3,0,1,0,0,1,0,0,0,0,0,0,1,0.84,0,0,0
Surestrike Trident,18,316,0,12,20,366,0,0,0,1,1,1,2,0,1,0,0,0,0,0,1,0,0,0,0,0.27,0,0,0
Surge Node,10,157,83,15,8,273,0,0,0,1,0,1,1,0,1,0,0,0,0,0,1,0,0,0,0,0.2,0,0,0
Surge of Righteousness,22,83,61,11,7,184,1,1,0,1,0,1,2,0,1,0,0,1,0,0,0,0,0,0,1,0.31,0,0,0
Surreal Memoir,14,242,0,11,7,274,1,1,0,1,0,1,4,0,1,0,0,0,1,0,0,0,0,0,1,0.2,0,0,0
Survival Cache,14,250,0,10,7,281,1,1,0,1,0,1,3,0,1,0,0,0,1,0,0,0,0,0,1,0.19,0,0,0
Suspension Field,16,201,0,12,11,240,1,1,0,1,0,1,2,0,1,0,0,0,0,1,0,0,0,0,1,0.2,0,0,0
Suture Spirit,13,51,54,16,17,151,1,2,-1,1,1,1,2,0,1,0,0,0,0,0,0,1,0,0,1,0.23,0,0,0
Svogthos  the Restless Tomb,27,265,0,17,4,313,0,2,-2,1,0,1,0,0,1,0,0,0,0,0,0,0,1,0,0,0.24,0,0,0
Swallowing Plague,17,72,181,11,16,297,1,1,0,1,1,1,2,0,1,0,0,0,1,0,0,0,0,0,2,0.21,0,0,0
Swarm of Bloodflies,19,156,75,11,17,278,1,1,0,1,1,1,5,0,1,0,0,0,0,0,0,1,0,0,1,0.2,0,0,0
Swarm of Rats,13,65,101,10,14,203,1,1,0,1,1,1,2,0,1,0,0,0,0,0,0,1,0,0,1,1.05,1,0,0
Swarm of Rats,13,65,102,10,14,204,1,1,0,1,1,1,2,0,1,0,0,0,0,0,0,1,0,0,1,1.2,1,0,0
Swarmborn Giant,15,231,0,11,16,273,1,1,0,1,1,1,4,0,1,0,0,0,0,0,0,1,0,0,2,0.2,0,0,0
Swell of Courage,16,145,54,10,7,232,1,1,0,1,0,1,5,0,1,0,0,1,0,0,0,0,0,0,2,0.21,0,0,0
Swerve,6,55,127,13,7,208,2,2,0,1,0,1,2,0,1,0,0,1,0,0,0,0,0,0,2,0.35,0,0,0
Swift Reckoning,15,227,0,10,7,259,1,1,0,1,0,1,2,0,1,0,0,0,1,0,0,0,0,0,1,0.23,0,0,0
Swift Warkite,13,251,0,4,17,285,2,2,0,1,1,1,6,0,1,0,0,0,0,0,0,1,0,0,2,0.24,0,0,0
Swiftfoot Boots,15,51,0,15,20,101,0,0,0,1,1,1,2,0,1,0,0,0,0,0,1,0,0,0,0,0.98,0,0,0
Swirling Spriggan,17,101,133,14,24,289,1,2,-1,1,2,1,4,0,1,0,0,0,0,0,0,1,0,0,2,0.2,0,0,0
Switcheroo,10,41,29,10,7,97,1,1,0,1,0,1,5,0,1,0,0,0,1,0,0,0,0,0,1,0.2,0,0,0
Sword Dancer,12,63,114,11,22,222,1,1,0,1,2,1,2,0,1,0,0,0,0,0,0,1,0,0,1,0.21,0,0,0
Sword of the Meek,17,212,0,15,20,264,0,0,0,1,1,1,2,0,1,0,0,0,0,0,1,0,0,0,0,7.49,1,1,0
Sylvan Basilisk,15,78,133,15,19,260,1,1,0,1,1,1,5,0,1,0,0,0,0,0,0,1,0,0,2,0.26,0,0,0
Sylvan Echoes,13,94,69,12,11,199,1,1,0,1,0,1,1,0,1,0,0,0,0,1,0,0,0,0,1,0.2,0,0,0
Sylvan Messenger,16,303,0,15,14,348,1,1,0,1,1,1,4,0,1,0,0,0,0,0,0,1,0,0,1,0.24,0,0,0
Sylvan Scrying,14,101,73,16,7,211,1,1,0,1,0,1,2,0,1,0,0,0,1,0,0,0,0,0,1,0.27,0,0,0
Sylvan Scrying,14,101,62,16,7,200,1,1,0,1,0,1,2,0,1,0,0,0,1,0,0,0,0,0,1,0.75,0,0,0
Sylvan Scrying,14,101,62,16,7,200,1,1,0,1,0,1,2,0,1,0,0,0,1,0,0,0,0,0,1,0.94,0,0,0
Synchronized Strike,19,72,121,13,7,232,1,1,0,1,0,1,3,0,1,0,0,1,0,0,0,0,0,0,1,0.21,0,0,0
Syncopate,9,148,52,13,7,229,1,1,0,1,0,1,1,0,1,0,0,1,0,0,0,0,0,0,1,0.23,0,0,0
Synod Centurion,15,63,131,10,29,248,0,0,0,2,1,1,4,0,1,0,0,0,0,0,1,1,0,0,0,0.2,0,0,0
Synod Sanctum,13,157,0,12,8,190,0,0,0,1,0,1,1,0,1,0,0,0,0,0,1,0,0,0,0,0.2,0,0,0
Syphon Life,11,165,30,12,7,225,1,1,0,1,0,1,3,0,1,0,0,0,1,0,0,0,0,0,2,0.23,0,0,0
Tablet of the Guilds,20,189,94,9,8,320,0,0,0,1,0,1,2,0,1,0,0,0,0,0,1,0,0,0,0,0.19,0,0,0
Tainted Sigil,13,128,73,6,8,228,2,2,0,1,0,1,3,0,1,0,0,0,0,0,1,0,0,0,2,0.44,0,0,0
Taj-Nar Swordsmith,18,219,0,13,22,272,1,1,0,1,2,1,4,0,1,0,0,0,0,0,0,1,0,0,1,0.22,0,0,0
Tajuru Archer,13,194,0,10,26,243,1,1,0,1,3,1,3,0,1,0,0,0,0,0,0,1,0,0,1,0.19,0,0,0
Tajuru Warcaller,16,143,86,22,27,294,1,1,0,1,3,1,5,0,1,0,0,0,0,0,0,1,0,0,2,0.2,0,0,0
Take Up Arms,12,47,54,16,7,136,1,1,0,1,0,1,5,0,1,0,0,1,0,0,0,0,0,0,1,0.2,0,0,0
Talisman of Dominance,21,115,0,16,8,160,0,2,-2,1,0,1,2,0,1,0,0,0,0,0,1,0,0,0,0,1.3,1,0,0
Talisman of Impulse,19,113,0,16,8,156,0,2,-2,1,0,1,2,0,1,0,0,0,0,0,1,0,0,0,0,0.28,0,0,0
Talisman of Indulgence,22,116,0,16,8,162,0,2,-2,1,0,1,2,0,1,0,0,0,0,0,1,0,0,0,0,0.44,0,0,0
Talisman of Progress,20,114,0,16,8,158,0,2,-2,1,0,1,2,0,1,0,0,0,0,0,1,0,0,0,0,3.05,1,0,0
Talisman of Unity,17,111,0,16,8,152,0,2,-2,1,0,1,2,0,1,0,0,0,0,0,1,0,0,0,0,0.25,0,0,0
Tallowisp,9,182,100,10,17,318,1,1,0,1,1,1,2,0,1,0,0,0,0,0,0,1,0,0,1,1.08,1,0,0
Talon of Pain,13,236,0,11,8,268,0,0,0,1,0,1,4,0,1,0,0,0,0,0,1,0,0,0,0,0.2,0,0,0
Talonrend,9,53,68,9,20,159,1,2,-1,1,1,1,5,0,1,0,0,0,0,0,0,1,0,0,1,0.2,0,0,0
Talrand's Invocation,20,54,143,15,7,239,1,1,0,1,0,1,4,0,1,0,0,0,1,0,0,0,0,0,2,0.2,0,0,0
Tandem Lookout,14,318,0,10,22,364,1,1,0,1,2,1,3,0,1,0,0,0,0,0,0,1,0,0,1,0.2,0,0,0
Tangle Angler,13,186,24,13,17,253,1,1,0,1,1,1,4,0,1,0,0,0,0,0,0,1,0,0,1,0.19,0,0,0
Tangle Spider,13,122,38,14,17,204,1,1,0,1,1,1,6,0,1,0,0,0,0,0,0,1,0,0,2,0.21,0,0,0
Tanglebloom,11,26,81,11,8,137,0,0,0,1,0,1,1,0,1,0,0,0,0,0,1,0,0,0,0,0.22,0,0,0
Tangleclaw Werewolf,19,104,94,15,26,258,1,1,0,1,2,1,4,0,1,0,0,0,0,0,0,1,0,0,2,0.2,0,0,0
Tanglewalker,12,97,120,12,16,257,1,1,0,1,1,1,3,0,1,0,0,0,0,0,0,1,0,0,1,0.21,0,0,0
Tapestry of the Ages,20,95,97,13,8,233,0,0,0,1,0,1,4,0,1,0,0,0,0,0,1,0,0,0,0,0.22,0,0,0
Tar Pitcher,11,81,196,11,24,323,1,1,0,1,2,1,4,0,1,0,0,0,0,0,0,1,0,0,1,0.2,0,0,0
Tatterkite,10,48,110,9,29,206,0,0,0,2,1,1,3,0,1,0,0,0,0,0,1,1,0,0,0,0.42,0,0,0
Tattermunge Maniac,18,47,56,12,25,158,2,2,0,1,2,1,1,0,1,0,0,0,0,0,0,1,0,0,1,0.38,0,0,0
Tattermunge Witch,17,77,125,11,24,254,2,2,0,1,2,1,2,0,1,0,0,0,0,0,0,1,0,0,1,0.21,0,0,0
Tavern Swindler,15,67,94,16,22,214,1,1,0,1,2,1,2,0,1,0,0,0,0,0,0,1,0,0,1,0.18,0,0,0
Tears of Rage,13,230,0,12,7,262,1,1,0,1,0,1,4,0,1,0,0,1,0,0,0,0,0,0,2,0.22,0,0,0
Tears of Valakut,16,123,77,12,7,235,1,1,0,1,0,1,2,0,1,0,0,1,0,0,0,0,0,0,1,0.2,0,0,0
Tectonic Edge,13,167,62,13,4,259,0,0,0,1,0,1,0,0,1,0,0,0,0,0,0,0,1,0,0,1.6,1,0,0
Tectonic Fiend,14,209,82,10,20,335,1,1,0,1,1,1,6,0,1,0,0,0,0,0,0,1,0,0,2,0.2,0,0,0
Tectonic Rift,13,68,106,9,7,203,1,1,0,1,0,1,4,0,1,0,0,0,1,0,0,0,0,0,1,0.19,0,0,0
Telekinetic Sliver,18,45,159,13,17,252,1,1,0,1,1,1,4,0,1,0,0,0,0,0,0,1,0,0,2,0.86,0,0,0
Telepathy,9,46,24,17,11,107,1,1,0,1,0,1,1,0,1,0,0,0,0,1,0,0,0,0,1,0.24,0,0,0
Telepathy,9,46,130,17,11,213,1,1,0,1,0,1,1,0,1,0,0,0,0,1,0,0,0,0,1,0.24,0,0,0
Telepathy,9,46,24,17,11,107,1,1,0,1,0,1,1,0,1,0,0,0,0,1,0,0,0,0,1,0.25,0,0,0
Telepathy,9,46,121,17,11,204,1,1,0,1,0,1,1,0,1,0,0,0,0,1,0,0,0,0,1,0.28,0,0,0
Teleportal,10,235,0,16,7,268,2,2,0,1,0,1,2,0,1,0,0,0,1,0,0,0,0,0,2,0.2,0,0,0
Tel-Jilad Justice,17,169,0,22,7,215,1,1,0,1,0,1,2,0,1,0,0,1,0,0,0,0,0,0,1,0.2,0,0,0
Tel-Jilad Stylus,16,64,134,13,8,235,0,0,0,1,0,1,1,0,1,0,0,0,0,0,1,0,0,0,0,0.22,0,0,0
Telling Time,12,150,74,16,7,259,1,1,0,1,0,1,2,0,1,0,0,1,0,0,0,0,0,0,1,0.37,0,0,0
Telling Time,12,150,74,16,7,259,1,1,0,1,0,1,2,0,1,0,0,1,0,0,0,0,0,0,1,0.49,0,0,0
Tempest Caller,14,87,17,18,25,161,1,1,0,1,2,1,4,0,1,0,0,0,0,0,0,1,0,0,2,0.2,0,0,0
Tempest of Light,16,25,80,13,7,141,1,1,0,1,0,1,3,0,1,0,0,1,0,0,0,0,0,0,1,0.2,0,0,0
Tempest of Light,16,25,159,13,7,220,1,1,0,1,0,1,3,0,1,0,0,1,0,0,0,0,0,0,1,0.22,0,0,0
Tempest of Light,16,25,81,13,7,142,1,1,0,1,0,1,3,0,1,0,0,1,0,0,0,0,0,0,1,0.22,0,0,0
Tempest of Light,16,25,80,13,7,141,1,1,0,1,0,1,3,0,1,0,0,1,0,0,0,0,0,0,1,0.23,0,0,0
Temur Charger,13,233,0,8,16,270,1,1,0,1,1,1,2,0,1,0,0,0,0,0,0,1,0,0,1,0.2,0,0,0
Temur Charm,11,228,0,15,7,261,3,3,0,1,0,1,3,0,1,0,0,1,0,0,0,0,0,0,3,0.21,0,0,0
Temur Sabertooth,16,140,77,9,14,256,1,1,0,1,1,1,4,0,1,0,0,0,0,0,0,1,0,0,2,0.22,0,0,0
Tenacious Dead,14,119,89,11,27,260,1,1,0,1,2,1,1,0,1,0,0,0,0,0,0,1,0,0,1,0.2,0,0,0
Tenacious Hunter,16,95,137,11,20,279,1,1,0,1,1,1,4,0,1,0,0,0,0,0,0,1,0,0,2,0.2,0,0,0
Tenacity,8,91,145,12,7,263,1,1,0,1,0,1,4,0,1,0,0,1,0,0,0,0,0,0,1,0.2,0,0,0
Tenza  Godo's Maul,18,203,0,13,30,264,0,0,0,1,1,1,3,0,1,0,1,0,0,0,1,0,0,0,0,0.56,0,0,0
Terashi's Verdict,17,55,75,10,16,173,1,1,0,1,1,1,2,0,1,0,0,1,0,0,0,0,0,0,1,0.2,0,0,0
Test of Faith,13,151,69,12,7,252,1,1,0,1,0,1,2,0,1,0,0,1,0,0,0,0,0,0,1,0.21,0,0,0
Tethmos High Priest,19,171,57,8,21,276,1,1,0,1,2,1,3,0,1,0,0,0,0,0,0,1,0,0,1,0.21,0,0,0
Tezzeret's Gambit,17,212,0,13,7,249,1,1,0,1,0,1,4,0,1,0,0,0,1,0,0,0,0,0,1,0.47,0,0,0
Tezzeret's Simulacrum,21,108,97,16,25,267,0,0,0,2,1,1,3,0,1,0,0,0,0,0,1,1,0,0,0,0.39,0,0,0
Tezzeret's Touch,16,202,0,12,18,248,2,2,0,1,1,1,3,0,1,0,0,0,0,1,0,0,0,0,2,0.24,0,0,0
Thassa's Emissary,17,290,0,10,27,344,1,1,0,2,1,1,4,0,1,0,0,0,0,1,0,1,0,0,1,0.18,0,0,0
Thassa's Ire,12,45,133,10,11,211,1,1,0,1,0,1,1,0,1,0,0,0,0,1,0,0,0,0,1,0.2,0,0,0
Thassa's Rebuff,15,178,44,14,7,258,1,1,0,1,0,1,2,0,1,0,0,1,0,0,0,0,0,0,1,0.23,0,0,0
Thick-Skinned Goblin,20,144,131,13,24,332,1,1,0,1,2,1,2,0,1,0,0,0,0,0,0,1,0,0,1,0.21,0,0,0
Thief of Hope,13,235,0,15,17,280,1,1,0,1,1,1,3,0,1,0,0,0,0,0,0,1,0,0,1,0.22,0,0,0
Thieves' Fortune,16,243,0,29,22,310,1,1,0,2,1,1,3,0,1,0,0,1,0,0,0,0,0,0,1,0.25,0,0,0
Thieving Magpie,15,148,75,19,15,272,1,1,0,1,1,1,4,0,1,0,0,0,0,0,0,1,0,0,2,0.21,0,0,0
Thieving Magpie,15,148,75,11,15,264,1,1,0,1,1,1,4,0,1,0,0,0,0,0,0,1,0,0,2,0.23,0,0,0
Thieving Magpie,15,148,77,11,15,266,1,1,0,1,1,1,4,0,1,0,0,0,0,0,0,1,0,0,2,0.23,0,0,0
Thirst for Knowledge,20,77,99,12,7,215,1,1,0,1,0,1,3,0,1,0,0,1,0,0,0,0,0,0,1,1.34,1,0,0
Thirsting Axe,13,160,39,18,20,250,0,0,0,1,1,1,3,0,1,0,0,0,0,0,1,0,0,0,0,0.18,0,0,0
Thopter Arrest,14,143,59,13,11,240,1,1,0,1,0,1,3,0,1,0,0,0,0,1,0,0,0,0,1,0.21,0,0,0
Thopter Engineer,16,223,0,14,26,279,1,1,0,1,2,1,3,0,1,0,0,0,0,0,0,1,0,0,1,0.26,0,0,0
Thopter Foundry,15,115,51,13,8,202,3,3,0,1,0,1,2,0,1,0,0,0,0,0,1,0,0,0,2,0.95,0,0,0
Thornbite Staff,15,243,0,13,34,305,0,0,0,2,2,1,2,0,1,0,0,0,0,0,1,0,0,0,0,1.41,1,0,0
Thorntooth Witch,16,93,136,16,26,287,1,1,0,1,2,1,6,0,1,0,0,0,0,0,0,1,0,0,1,0.21,0,0,0
Thought Courier,15,38,141,14,23,231,1,1,0,1,2,1,2,0,1,0,0,0,0,0,0,1,0,0,1,0.21,0,0,0
Thought Harvester,17,135,64,13,24,253,0,1,-1,1,2,1,4,0,1,0,0,0,0,0,0,1,0,0,1,0.2,0,0,0
Thought Prison,14,309,0,10,8,341,0,0,0,1,0,1,5,0,1,0,0,0,0,0,1,0,0,0,0,0.21,0,0,0
Thoughtcutter Agent,19,68,106,20,31,244,2,2,0,2,2,1,2,0,1,0,0,0,0,0,1,1,0,0,2,0.2,0,0,0
Thoughtflare,12,40,60,12,7,131,2,2,0,1,0,1,5,0,1,0,0,1,0,0,0,0,0,0,2,0.21,0,0,0
Thoughtrender Lamia,19,141,79,17,28,284,1,1,0,2,1,1,6,0,1,0,0,0,0,1,0,1,0,0,2,0.2,0,0,0
Thoughtweft Gambit,18,77,121,14,7,237,2,2,0,1,0,1,6,0,1,0,0,1,0,0,0,0,0,0,2,0.21,0,0,0
Thousand-legged Kami,20,141,0,7,17,185,1,1,0,1,1,1,8,0,1,0,0,0,0,0,0,1,0,0,2,0.2,0,0,0
Thraben Gargoyle,16,41,76,16,28,177,0,0,0,2,1,1,1,0,1,0,0,0,0,0,1,1,0,0,0,0.21,0,0,0
Thraben Heretic,15,49,108,11,23,206,1,1,0,1,2,1,2,0,1,0,0,0,0,0,0,1,0,0,1,0.18,0,0,0
Thran Golem,11,93,93,10,25,232,0,0,0,2,1,1,5,0,1,0,0,0,0,0,1,1,0,0,0,0.2,0,0,0
Threaten,8,143,58,12,7,228,1,1,0,1,0,1,3,0,1,0,0,0,1,0,0,0,0,0,1,0.24,0,0,0
Threaten,8,143,58,12,7,228,1,1,0,1,0,1,3,0,1,0,0,0,1,0,0,0,0,0,1,0.24,0,0,0
Three Tragedies,15,35,246,13,16,325,1,1,0,1,1,1,5,0,1,0,0,0,1,0,0,0,0,0,2,0.21,0,0,0
Thrill-Kill Assassin,20,153,68,14,25,280,1,1,0,1,2,1,2,0,1,0,0,0,0,0,0,1,0,0,1,0.19,0,0,0
Throat Slitter,14,259,0,13,20,306,1,1,0,1,2,1,5,0,1,0,0,0,0,0,0,1,0,0,1,1.25,1,0,0
Throne of Bone,14,83,28,15,8,148,0,0,0,1,0,1,1,0,1,0,0,0,0,0,1,0,0,0,0,0.21,0,0,0
Throne of Geth,14,172,64,29,8,287,0,0,0,1,0,1,2,0,1,0,0,0,0,0,1,0,0,0,0,0.24,0,0,0
Throwing Knife,14,251,0,15,20,300,0,0,0,1,1,1,2,0,1,0,0,0,0,0,1,0,0,0,0,0.21,0,0,0
Thrull Parasite,15,186,60,13,17,291,1,1,0,1,1,1,1,0,1,0,0,0,0,0,0,1,0,0,1,0.23,0,0,0
Thrull Surgeon,14,183,33,7,17,254,1,1,0,1,1,1,2,0,1,0,0,0,0,0,0,1,0,0,1,0.2,0,0,0
Thrummingbird,13,207,0,14,22,256,1,1,0,1,2,1,2,0,1,0,0,0,0,0,0,1,0,0,1,0.21,0,0,0
Thunder Brute,13,224,0,12,18,267,1,1,0,1,1,1,6,0,1,0,0,0,0,0,0,1,0,0,2,0.2,0,0,0
Thunder Totem,13,149,0,14,8,184,0,1,-1,1,0,1,3,0,1,0,0,0,0,0,1,0,0,0,0,0.21,0,0,0
Thunderclap Wyvern,18,125,58,11,16,228,2,2,0,1,1,1,4,0,1,0,0,0,0,0,0,1,0,0,2,0.22,0,0,0
Thundercloud Shaman,19,134,83,12,23,271,1,1,0,1,2,1,5,0,1,0,0,0,0,0,0,1,0,0,2,0.2,0,0,0
Thunderheads,12,208,48,16,7,291,1,1,0,1,0,1,3,0,1,0,0,1,0,0,0,0,0,0,1,0.2,0,0,0
Thundering Giant,16,80,52,8,16,172,1,1,0,1,1,1,5,0,1,0,0,0,0,0,0,1,0,0,2,0.22,0,0,0
Thundering Spineback,20,103,68,16,19,226,1,1,0,1,1,1,7,0,1,0,0,0,0,0,0,1,0,0,2,0.21,0,0,0
Thunderous Might,16,210,0,11,18,255,1,1,0,1,1,1,2,0,1,0,0,0,0,1,0,0,0,0,1,0.2,0,0,0
Thunderous Wrath,16,179,0,13,7,215,1,1,0,1,0,1,6,0,1,0,0,1,0,0,0,0,0,0,2,0.22,0,0,0
Thunderstaff,12,168,0,11,8,199,0,0,0,1,0,1,3,0,1,0,0,0,0,0,1,0,0,0,0,0.2,0,0,0
Thunder-Thrash Elder,20,171,75,17,27,310,1,1,0,1,2,1,3,0,1,0,0,0,0,0,0,1,0,0,1,0.22,0,0,0
Tide Drifter,12,81,83,7,24,207,0,1,-1,1,2,1,2,0,1,0,0,0,0,0,0,1,0,0,1,0.2,0,0,0
Tideforce Elemental,19,160,64,15,20,278,1,1,0,1,1,1,3,0,1,0,0,0,0,0,0,1,0,0,1,0.21,0,0,0
Tidehollow Sculler,18,235,0,7,26,286,2,2,0,2,1,1,2,0,1,0,0,0,0,0,1,1,0,0,2,1.09,1,0,0
Tidewalker,10,301,0,12,20,343,1,1,0,1,1,1,3,0,1,0,0,0,0,0,0,1,0,0,1,0.21,0,0,0
Tidings,7,16,136,12,7,178,1,1,0,1,0,1,5,0,1,0,0,0,1,0,0,0,0,0,2,0.32,0,0,0
Tidings,7,16,136,12,7,178,1,1,0,1,0,1,5,0,1,0,0,0,1,0,0,0,0,0,2,0.33,0,0,0
Timber Gorge,12,82,81,12,4,191,0,2,-2,1,0,1,0,0,1,0,0,0,0,0,0,0,1,0,0,0.2,0,0,0
Time of Heroes,14,64,169,12,11,270,1,1,0,1,0,1,2,0,1,0,0,0,0,1,0,0,0,0,1,0.21,0,0,0
Time of Need,12,115,188,11,7,333,1,1,0,1,0,1,2,0,1,0,0,0,1,0,0,0,0,0,1,1.14,1,0,0
Time to Reflect,15,72,126,7,7,227,1,1,0,1,0,1,1,0,1,0,0,1,0,0,0,0,0,0,1,0.19,0,0,0
Timebender,10,321,0,29,23,383,1,1,0,1,2,1,1,0,1,0,0,0,0,0,0,1,0,0,1,0.26,0,0,0
Timecrafting,12,165,78,11,7,273,1,1,0,1,0,1,1,0,1,0,0,1,0,0,0,0,0,0,1,0.5,0,0,0
Timely Hordemate,16,198,0,14,24,252,1,1,0,1,2,1,4,0,1,0,0,0,0,0,0,1,0,0,1,0.2,0,0,0
Timely Reinforcements,21,153,80,16,7,277,1,1,0,1,0,1,3,0,1,0,0,0,1,0,0,0,0,0,1,1.51,1,0,0
Titan's Presence,16,183,53,15,7,274,0,0,0,1,0,1,3,0,1,0,0,1,0,0,0,0,0,0,0,0.23,0,0,0
To Arms!,8,45,155,14,7,229,1,1,0,1,0,1,2,0,1,0,0,1,0,0,0,0,0,0,1,0.33,0,0,0
Tolaria West,12,280,0,8,4,304,0,1,-1,1,0,1,0,0,1,0,0,0,0,0,0,0,1,0,0,4.98,1,0,0
Tomb of the Spirit Dragon,25,98,91,10,4,228,0,0,0,1,0,1,0,0,1,0,0,0,0,0,0,0,1,0,0,0.23,0,0,0
Tooth Collector,15,301,0,8,22,346,1,1,0,1,2,1,3,0,1,0,0,0,0,0,0,1,0,0,1,0.2,0,0,0
Topan Ascetic,13,81,119,13,21,247,1,1,0,1,2,1,3,0,1,0,0,0,0,0,0,1,0,0,1,0.2,0,0,0
Topplegeist,11,254,0,12,17,294,1,1,0,1,1,1,1,0,1,0,0,0,0,0,0,1,0,0,1,0.21,0,0,0
Torch Fiend,11,52,39,13,16,131,1,1,0,1,1,1,2,0,1,0,0,0,0,0,0,1,0,0,1,0.18,0,0,0
Torment of Scarabs,18,154,82,18,24,296,1,1,0,1,2,1,4,0,1,0,0,0,0,1,0,0,0,0,1,0.26,0,0,0
Tormented Hero,14,184,0,13,24,235,1,1,0,1,2,1,1,0,1,0,0,0,0,0,0,1,0,0,1,0.2,0,0,0
Tormented Thoughts,18,154,72,14,7,265,1,1,0,1,0,1,3,0,1,0,0,0,1,0,0,0,0,0,1,0.19,0,0,0
Tormented Thoughts,18,154,53,14,7,246,1,1,0,1,0,1,3,0,1,0,0,0,1,0,0,0,0,0,1,0.22,0,0,0
Tormentor Exarch,16,154,67,11,17,265,1,1,0,1,1,1,4,0,1,0,0,0,0,0,0,1,0,0,1,0.19,0,0,0
Tormentor's Trident,19,71,47,15,20,172,0,0,0,1,1,1,2,0,1,0,0,0,0,0,1,0,0,0,0,0.18,0,0,0
Tormod's Crypt,14,78,69,15,8,184,0,0,0,1,0,1,0,0,1,0,0,0,0,0,1,0,0,0,0,0.26,0,0,0
Tormod's Crypt,14,78,69,15,8,184,0,0,0,1,0,1,0,0,1,0,0,0,0,0,1,0,0,0,0,0.28,0,0,0
Torrent of Souls,16,269,0,18,7,310,2,2,0,1,0,1,5,0,1,0,0,0,1,0,0,0,0,0,1,0.22,0,0,0
Totem-Guide Hartebeest,22,158,82,9,19,290,1,1,0,1,1,1,5,0,1,0,0,0,0,0,0,1,0,0,1,0.21,0,0,0
Tower Above,11,302,0,14,7,334,1,1,0,1,0,1,6,0,1,0,0,0,1,0,0,0,0,0,4,0.23,0,0,0
Tower Defense,13,65,137,12,7,234,1,1,0,1,0,1,2,0,1,0,0,1,0,0,0,0,0,0,1,0.2,0,0,0
Tower Gargoyle,14,6,87,12,28,147,3,3,0,2,1,1,4,0,1,0,0,0,0,0,1,1,0,0,3,0.2,0,0,0
Tower Geist,11,156,72,4,17,260,1,1,0,1,1,1,4,0,1,0,0,0,0,0,0,1,0,0,1,0.18,0,0,0
Tower Geist,11,156,72,4,17,260,1,1,0,1,1,1,4,0,1,0,0,0,0,0,0,1,0,0,1,0.2,0,0,0
Town Gossipmonger,17,71,36,11,16,151,1,2,-1,1,1,1,1,0,1,0,0,0,0,0,0,1,0,0,1,0.22,0,0,0
Tracker's Instincts,19,228,0,9,7,263,1,2,-1,1,0,1,2,0,1,0,0,0,1,0,0,0,0,0,1,0.19,0,0,0
Trail of Evidence,17,150,73,16,11,267,1,1,0,1,0,1,3,0,1,0,0,0,0,1,0,0,0,0,1,0.22,0,0,0
Trailblazer's Boots,19,126,54,29,20,248,0,0,0,1,1,1,2,0,1,0,0,0,0,0,1,0,0,0,0,0.45,0,0,0
Traitorous Instinct,19,121,103,10,7,260,1,1,0,1,0,1,4,0,1,0,0,0,1,0,0,0,0,0,1,0.2,0,0,0
Tranquil Expanse,16,86,109,12,4,227,0,2,-2,1,0,1,0,0,1,0,0,0,0,0,0,0,1,0,0,0.2,0,0,0
Tranquil Garden,15,129,0,9,4,157,0,2,-2,1,0,1,0,0,1,0,0,0,0,0,0,0,1,0,0,0.22,0,0,0
Transgress the Mind,19,156,101,16,7,299,0,1,-1,1,0,1,2,0,1,0,0,0,1,0,0,0,0,0,1,0.5,0,0,0
Transguild Courier,18,0,143,9,25,195,5,5,0,2,1,1,4,0,1,0,0,0,0,0,1,1,0,0,0,0.29,0,0,0
Trapmaker's Snare,17,101,122,7,7,254,1,1,0,1,0,1,2,0,1,0,0,1,0,0,0,0,0,0,1,0.19,0,0,0
Treacherous Urge,16,196,0,15,7,234,1,1,0,1,0,1,5,0,1,0,0,1,0,0,0,0,0,0,1,0.24,0,0,0
Treasure Hunter,15,114,92,8,16,245,1,1,0,1,1,1,3,0,1,0,0,0,0,0,0,1,0,0,1,0.22,0,0,0
Treasure Keeper,15,279,0,11,29,334,0,0,0,2,1,1,4,0,1,0,0,0,0,0,1,1,0,0,0,0.25,0,0,0
Treasure Mage,13,208,0,13,23,257,1,1,0,1,2,1,3,0,1,0,0,0,0,0,0,1,0,0,1,0.38,0,0,0
Treasure Trove,14,23,137,13,11,198,1,1,0,1,0,1,4,0,1,0,0,0,0,1,0,0,0,0,2,0.21,0,0,0
Treasure Trove,14,23,137,13,11,198,1,1,0,1,0,1,4,0,1,0,0,0,0,1,0,0,0,0,2,0.21,0,0,0
Treasured Find,14,74,106,10,7,211,2,2,0,1,0,1,2,0,1,0,0,0,1,0,0,0,0,0,2,0.21,0,0,0
Treefolk Harbinger,18,175,0,16,25,234,1,1,0,1,2,1,1,0,1,0,0,0,0,0,0,1,0,0,1,2.36,1,0,0
Treetop Village,15,337,0,13,4,369,0,1,-1,1,0,1,0,0,1,0,0,0,0,0,0,0,1,0,0,1.56,1,0,0
Trepanation Blade,17,286,0,16,20,339,0,0,0,1,1,1,3,0,1,0,0,0,0,0,1,0,0,0,0,0.32,0,0,0
Tresserhorn Sinks,17,87,136,13,9,262,0,2,-2,1,0,1,0,0,1,0,0,0,0,0,0,0,1,0,0,0.62,0,0,0
Tresserhorn Skyknight,21,102,132,14,24,293,1,1,0,1,2,1,7,0,1,0,0,0,0,0,0,1,0,0,2,0.22,0,0,0
Trial of Ambition,17,191,0,12,11,231,1,1,0,1,0,1,2,0,1,0,0,0,0,1,0,0,0,0,1,0.21,0,0,0
Trial of Knowledge,18,193,0,12,11,234,1,1,0,1,0,1,4,0,1,0,0,0,0,1,0,0,0,0,1,0.21,0,0,0
Trial of Solidarity,19,226,42,16,11,314,1,1,0,1,0,1,3,0,1,0,0,0,0,1,0,0,0,0,1,0.2,0,0,0
Trial of Strength,17,193,43,13,11,277,1,1,0,1,0,1,3,0,1,0,0,0,0,1,0,0,0,0,1,0.2,0,0,0
Trial of Zeal,13,192,37,15,11,268,1,1,0,1,0,1,3,0,1,0,0,0,0,1,0,0,0,0,1,0.2,0,0,0
Tribute to Hunger,17,88,157,12,7,281,1,1,0,1,0,1,3,0,1,0,0,1,0,0,0,0,0,0,1,0.22,0,0,0
Trigon of Corruption,20,237,0,9,8,274,0,1,-1,1,0,1,4,0,1,0,0,0,0,0,1,0,0,0,0,0.2,0,0,0
Trigon of Infestation,21,254,0,11,8,294,0,1,-1,1,0,1,4,0,1,0,0,0,0,0,1,0,0,0,0,0.19,0,0,0
Trigon of Mending,17,216,0,13,8,254,0,1,-1,1,0,1,2,0,1,0,0,0,0,0,1,0,0,0,0,0.19,0,0,0
Trigon of Rage,14,225,0,14,8,261,0,1,-1,1,0,1,2,0,1,0,0,0,0,0,1,0,0,0,0,0.18,0,0,0
Trigon of Thought,17,201,0,11,8,237,0,1,-1,1,0,1,5,0,1,0,0,0,0,0,1,0,0,0,0,0.18,0,0,0
Trinket Mage,12,204,0,10,23,249,1,1,0,1,2,1,3,0,1,0,0,0,0,0,0,1,0,0,1,0.24,0,0,0
Trip Noose,10,30,76,14,8,138,0,0,0,1,0,1,2,0,1,0,0,0,0,0,1,0,0,0,0,0.2,0,0,0
Triton Cavalry,14,118,59,10,26,227,1,1,0,1,2,1,4,0,1,0,0,0,0,0,0,1,0,0,1,0.2,0,0,0
Triton Fortune Hunter,21,83,83,13,26,226,1,1,0,1,2,1,3,0,1,0,0,0,0,0,0,1,0,0,1,0.19,0,0,0
Triton Tactics,14,251,0,9,7,281,1,1,0,1,0,1,1,0,1,0,0,1,0,0,0,0,0,0,1,0.2,0,0,0
Triumph of Cruelty,18,148,63,4,11,244,1,1,0,1,0,1,3,0,1,0,0,0,0,1,0,0,0,0,1,0.18,0,0,0
Triumph of Ferocity,19,128,66,11,11,235,1,1,0,1,0,1,3,0,1,0,0,0,0,1,0,0,0,0,1,0.18,0,0,0
Triumph of the Hordes,21,205,0,4,7,237,1,1,0,1,0,1,4,0,1,0,0,0,1,0,0,0,0,0,2,5.29,1,1,0
Trolls of Tel-Jilad,19,41,95,15,23,193,1,1,0,1,2,1,7,0,1,0,0,0,0,0,0,1,0,0,2,0.2,0,0,0
Tromp the Domains,17,126,151,16,7,317,1,1,0,1,0,1,6,0,1,0,0,0,1,0,0,0,0,0,1,0.2,0,0,0
Trophy Hunter,13,184,0,7,23,227,1,1,0,1,2,1,3,0,1,0,0,0,0,0,0,1,0,0,1,0.21,0,0,0
Trophy Mage,11,178,54,15,23,281,1,1,0,1,2,1,3,0,1,0,0,0,0,0,0,1,0,0,1,0.24,0,0,0
Trostani's Summoner,19,192,0,11,21,243,2,2,0,1,2,1,7,0,1,0,0,0,0,0,0,1,0,0,2,0.21,0,0,0
Trove of Temptation,19,267,0,11,11,308,1,1,0,1,0,1,4,0,1,0,0,0,0,1,0,0,0,0,1,0.18,0,0,0
Truefire Paladin,16,127,0,16,23,182,2,2,0,1,2,1,2,0,1,0,0,0,0,0,0,1,0,0,2,0.2,0,0,0
Trueheart Duelist,17,246,0,4,24,291,1,1,0,1,2,1,2,0,1,0,0,0,0,0,0,1,0,0,1,0.21,0,0,0
Trueheart Twins,15,172,57,12,25,281,1,1,0,1,2,1,5,0,1,0,0,0,0,0,0,1,0,0,1,0.21,0,0,0
Trusted Advisor,15,132,78,10,24,259,1,1,0,1,2,1,1,0,1,0,0,0,0,0,0,1,0,0,1,0.23,0,0,0
Trusty Companion,16,46,44,12,16,134,1,1,0,1,1,1,2,0,1,0,0,0,0,0,0,1,0,0,1,0.18,0,0,0
Trusty Machete,14,39,154,16,20,243,0,0,0,1,1,1,1,0,1,0,0,0,0,0,1,0,0,0,0,0.18,0,0,0
Truth or Tale,13,250,0,17,7,287,1,1,0,1,0,1,2,0,1,0,0,1,0,0,0,0,0,0,1,0.2,0,0,0
Trygon Predator,15,133,81,14,16,259,2,2,0,1,1,1,3,0,1,0,0,0,0,0,0,1,0,0,2,0.5,0,0,0
Tuktuk Scrapper,15,269,0,12,32,328,1,1,0,1,3,1,4,0,1,0,0,0,0,0,0,1,0,0,1,0.27,0,0,0
Tunneling Geopede,17,120,105,16,17,275,1,1,0,1,1,1,3,0,1,0,0,0,0,0,0,1,0,0,1,0.2,0,0,0
Turn Against,12,138,26,12,7,195,0,1,-1,1,0,1,5,0,1,0,0,1,0,0,0,0,0,0,1,0.19,0,0,0
Turn to Frog,12,113,9,11,7,152,1,1,0,1,0,1,2,0,1,0,0,1,0,0,0,0,0,0,1,0.21,0,0,0
Turn to Frog,12,113,9,11,7,152,1,1,0,1,0,1,2,0,1,0,0,1,0,0,0,0,0,0,1,0.21,0,0,0
Turn to Frog,12,113,9,11,7,152,1,1,0,1,0,1,2,0,1,0,0,1,0,0,0,0,0,0,1,0.22,0,0,0
Turntimber Basilisk,19,227,0,11,19,276,1,1,0,1,1,1,3,0,1,0,0,0,0,0,0,1,0,0,2,0.2,0,0,0
Turtleshell Changeling,22,125,115,11,23,296,1,1,0,1,1,1,4,0,1,0,0,0,0,0,0,1,0,0,1,0.21,0,0,0
Tuskguard Captain,17,154,37,12,24,244,1,1,0,1,2,1,3,0,1,0,0,0,0,0,0,1,0,0,1,0.21,0,0,0
Twinblade Slasher,17,169,36,15,22,259,1,1,0,1,2,1,1,0,1,0,0,0,0,0,0,1,0,0,1,0.33,0,0,0
Twinstrike,10,131,29,16,7,193,2,2,0,1,0,1,5,0,1,0,0,1,0,0,0,0,0,0,2,0.21,0,0,0
Twisted Image,13,76,95,4,7,195,1,1,0,1,0,1,1,0,1,0,0,1,0,0,0,0,0,0,1,0.61,0,0,0
Twisted Justice,15,83,141,13,7,259,2,2,0,1,0,1,6,0,1,0,0,0,1,0,0,0,0,0,2,0.22,0,0,0
Ugin's Construct,16,94,127,16,29,282,0,0,0,2,1,1,4,0,1,0,0,0,0,0,1,1,0,0,0,0.21,0,0,0
Ukud Cobra,10,10,148,12,16,196,1,1,0,1,1,1,4,0,1,0,0,0,0,0,0,1,0,0,1,0.22,0,0,0
Ulamog's Despoiler,18,213,0,16,28,275,0,0,0,1,2,1,6,0,1,0,0,0,0,0,0,1,0,0,0,0.2,0,0,0
Ulamog's Nullifier,18,209,0,14,28,269,0,2,-2,1,2,1,4,0,1,0,0,0,0,0,0,1,0,0,2,0.22,0,0,0
Ulamog's Reclaimer,18,240,0,15,28,301,0,1,-1,1,2,1,5,0,1,0,0,0,0,0,0,1,0,0,1,0.19,0,0,0
Ulcerate,8,62,127,12,7,216,1,1,0,1,0,1,1,0,1,0,0,1,0,0,0,0,0,0,1,0.21,0,0,0
Ulrich's Kindred,16,89,75,12,15,207,1,2,-1,1,1,1,3,0,1,0,0,0,0,0,0,1,0,0,1,0.2,0,0,0
Ultimate Price,14,36,103,13,7,173,1,1,0,1,0,1,2,0,1,0,0,1,0,0,0,0,0,0,1,0.22,0,0,0
Ultimate Price,14,36,102,9,7,168,1,1,0,1,0,1,2,0,1,0,0,1,0,0,0,0,0,0,1,0.22,0,0,0
Ulvenwald Mysteries,19,230,0,14,11,274,1,1,0,1,0,1,3,0,1,0,0,0,0,1,0,0,0,0,1,0.22,0,0,0
Ulvenwald Mystics,17,95,60,9,32,213,1,1,0,1,3,1,4,0,1,0,0,0,0,0,0,1,0,0,2,0.21,0,0,0
Ulvenwald Primordials,21,151,61,9,19,261,1,1,0,1,1,1,4,0,1,0,0,0,0,0,0,1,0,0,0,0.21,0,0,0
Umbral Mantle,13,114,78,16,20,241,0,0,0,1,1,1,3,0,1,0,0,0,0,0,1,0,0,0,0,5.09,1,1,0
Unbender Tine,13,36,115,16,8,188,2,2,0,1,0,1,4,0,1,0,0,0,0,0,1,0,0,0,2,0.21,0,0,0
Unburial Rites,14,168,44,13,7,246,1,2,-1,1,0,1,5,0,1,0,0,0,1,0,0,0,0,0,1,0.25,0,0,0
Unchecked Growth,16,99,182,14,16,327,1,1,0,1,1,1,3,0,1,0,0,1,0,0,0,0,0,0,1,0.23,0,0,0
Unclaimed Territory,19,218,0,7,4,248,0,0,0,1,0,1,0,0,1,0,0,0,0,0,0,0,1,0,0,3.63,1,0,0
Unconventional Tactics,22,215,0,11,7,255,1,1,0,1,0,1,3,0,1,0,0,0,1,0,0,0,0,0,1,0.22,0,0,0
Undead Slayer,13,52,91,12,23,191,1,1,0,1,2,1,3,0,1,0,0,0,0,0,0,1,0,0,1,0.2,0,0,0
Undercity Informer,18,175,81,16,22,312,1,1,0,1,2,1,3,0,1,0,0,0,0,0,0,1,0,0,1,0.21,0,0,0
Undercity Shade,15,141,145,12,16,329,1,1,0,1,1,1,5,0,1,0,0,0,0,0,0,1,0,0,1,0.21,0,0,0
Undercity Troll,15,311,0,11,16,353,1,1,0,1,1,1,2,0,1,0,0,0,0,0,0,1,0,0,1,0.21,0,0,0
Underhanded Designs,19,268,0,22,11,320,1,1,0,1,0,1,2,0,1,0,0,0,0,1,0,0,0,0,1,0.19,0,0,0
Underworld Coinsmith,20,176,60,12,35,303,2,2,0,2,2,1,2,0,1,0,0,0,0,1,0,1,0,0,2,0.21,0,0,0
Undying Rage,12,168,65,16,18,279,1,1,0,1,1,1,3,0,1,0,0,0,0,1,0,0,0,0,1,0.2,0,0,0
Unflinching Courage,19,76,100,11,18,224,2,2,0,1,1,1,3,0,1,0,0,0,0,1,0,0,0,0,2,0.25,0,0,0
Unholy Fiend,12,51,118,13,17,211,1,2,-1,1,1,1,2,0,1,0,0,0,0,0,0,1,0,0,0,0.18,0,0,0
Unified Front,13,105,113,9,7,247,1,1,0,1,0,1,4,0,1,0,0,0,1,0,0,0,0,0,1,0.2,0,0,0
Unified Will,12,80,95,12,7,206,1,1,0,1,0,1,2,0,1,0,0,1,0,0,0,0,0,0,1,2.57,1,0,0
Unimpeded Trespasser,20,38,32,9,17,116,1,1,0,1,1,1,3,0,1,0,0,0,0,0,0,1,0,0,0,0.21,0,0,0
Uninvited Geist,15,139,49,9,17,229,1,1,0,1,1,1,3,0,1,0,0,0,0,0,0,1,0,0,1,0.21,0,0,0
Unity of Purpose,16,131,95,11,7,260,1,1,0,1,0,1,4,0,1,0,0,1,0,0,0,0,0,0,1,0.21,0,0,0
Unlicensed Disintegration,25,124,31,4,7,191,2,2,0,1,0,1,3,0,1,0,0,1,0,0,0,0,0,0,2,0.26,0,0,0
Unnerving Assault,17,218,36,11,7,289,2,2,0,1,0,1,3,0,1,0,0,1,0,0,0,0,0,0,1,0.21,0,0,0
Unravel the Aether,18,85,129,9,7,248,1,1,0,1,0,1,2,0,1,0,0,1,0,0,0,0,0,0,1,0.23,0,0,0
Unraveling Mummy,16,133,58,16,17,240,2,2,0,1,1,1,3,0,1,0,0,0,0,0,0,1,0,0,2,0.23,0,0,0
Unstable Footing,16,177,42,9,7,251,1,1,0,1,0,1,1,0,1,0,0,1,0,0,0,0,0,0,1,0.19,0,0,0
Unstable Frontier,17,122,121,9,4,273,0,0,0,1,0,1,0,0,1,0,0,0,0,0,0,0,1,0,0,0.21,0,0,0
Unsubstantiate,14,52,77,20,7,170,1,1,0,1,0,1,2,0,1,0,0,1,0,0,0,0,0,0,1,0.28,0,0,0
Untethered Express,18,209,38,11,18,294,0,0,0,1,1,1,4,0,1,0,0,0,0,0,1,0,0,0,0,0.21,0,0,0
Unwilling Recruit,17,120,74,11,7,229,1,1,0,1,0,1,3,0,1,0,0,0,1,0,0,0,0,0,3,0.24,0,0,0
Urban Evolution,15,60,120,10,7,212,2,2,0,1,0,1,5,0,1,0,0,0,1,0,0,0,0,0,2,0.22,0,0,0
Urbis Protector,15,97,126,12,23,273,1,1,0,1,2,1,6,0,1,0,0,0,0,0,0,1,0,0,2,0.18,0,0,0
Urborg Volcano,14,84,114,13,4,229,0,2,-2,1,0,1,0,0,1,0,0,0,0,0,0,0,1,0,0,0.31,0,0,0
Urge to Feed,12,169,0,12,7,200,1,1,0,1,0,1,2,0,1,0,0,1,0,0,0,0,0,0,2,0.34,0,0,0
Ur-Golem's Eye,14,34,110,14,8,180,0,0,0,1,0,1,4,0,1,0,0,0,0,0,1,0,0,0,0,0.25,0,0,0
Ursine Fylgja,13,237,0,14,22,286,1,1,0,1,2,1,5,0,1,0,0,0,0,0,0,1,0,0,1,0.22,0,0,0
Urza's Factory,14,105,138,10,13,280,0,0,0,1,1,1,0,0,1,0,0,0,0,0,0,0,1,0,0,0.25,0,0,0
Urza's Mine,11,127,0,12,18,168,0,0,0,1,2,1,0,0,1,0,0,0,0,0,0,0,1,0,0,3.8,1,0,0
Urza's Mine,11,127,0,12,18,168,0,0,0,1,2,1,0,0,1,0,0,0,0,0,0,0,1,0,0,4.39,1,0,0
Urza's Power Plant,18,120,0,12,25,175,0,0,0,1,2,1,0,0,1,0,0,0,0,0,0,0,1,0,0,3.6,1,0,0
Urza's Power Plant,18,120,0,12,25,175,0,0,0,1,2,1,0,0,1,0,0,0,0,0,0,0,1,0,0,4.27,1,0,0
Urza's Tower,12,129,0,12,19,172,0,0,0,1,2,1,0,0,1,0,0,0,0,0,0,0,1,0,0,3.98,1,0,0
Urza's Tower,12,129,0,12,19,172,0,0,0,1,2,1,0,0,1,0,0,0,0,0,0,0,1,0,0,4.28,1,0,0
Utopia Mycon,12,229,0,17,17,275,1,1,0,1,1,1,1,0,1,0,0,0,0,0,0,1,0,0,1,2.17,1,0,0
Vacuumelt,9,182,0,7,7,205,1,1,0,1,0,1,3,0,1,0,0,0,1,0,0,0,0,0,1,0.2,0,0,0
Vagrant Plowbeasts,18,56,128,29,16,247,2,2,0,1,1,1,7,0,1,0,0,0,0,0,0,1,0,0,2,0.22,0,0,0
Valakut Fireboar,16,84,90,29,25,244,1,1,0,1,2,1,5,0,1,0,0,0,0,0,0,1,0,0,1,0.2,0,0,0
Valeron Wardens,15,201,0,11,21,248,1,1,0,1,2,1,3,0,1,0,0,0,0,0,0,1,0,0,1,0.21,0,0,0
Valor in Akros,14,113,99,13,11,250,1,1,0,1,0,1,4,0,1,0,0,0,0,1,0,0,0,0,1,0.2,0,0,0
Valorous Stance,15,125,52,13,7,212,1,1,0,1,0,1,2,0,1,0,0,1,0,0,0,0,0,0,1,0.4,0,0,0
Vampire Cutthroat,17,152,32,12,24,237,1,1,0,1,2,1,1,0,1,0,0,0,0,0,0,1,0,0,1,0.27,0,0,0
Vampire Hexmage,15,82,86,14,25,222,1,1,0,1,2,1,2,0,1,0,0,0,0,0,0,1,0,0,2,0.3,0,0,0
Vampire Nighthawk,17,28,0,10,25,80,1,1,0,1,2,1,3,0,1,0,0,0,0,0,0,1,0,0,2,0.55,0,0,0
Vampire Nighthawk,17,28,0,10,25,80,1,1,0,1,2,1,3,0,1,0,0,0,0,0,0,1,0,0,2,0.6,0,0,0
Vampire Outcasts,16,207,0,13,18,254,1,1,0,1,1,1,4,0,1,0,0,0,0,0,0,1,0,0,2,0.2,0,0,0
Vampire Warlord,15,195,33,11,26,280,1,1,0,1,2,1,5,0,1,0,0,0,0,0,0,1,0,0,1,0.19,0,0,0
Vampiric Rites,14,62,146,22,11,255,1,1,0,1,0,1,1,0,1,0,0,0,0,1,0,0,0,0,1,0.21,0,0,0
Vampiric Sliver,15,131,63,14,17,240,1,1,0,1,1,1,4,0,1,0,0,0,0,0,0,1,0,0,1,0.46,0,0,0
Vandalblast,11,186,37,12,7,253,1,1,0,1,0,1,1,0,1,0,0,0,1,0,0,0,0,0,1,1.73,1,0,0
Vanguard of Brimaz,18,139,84,8,22,271,1,1,0,1,2,1,2,0,1,0,0,0,0,0,0,1,0,0,2,0.22,0,0,0
Vanish into Memory,18,231,24,12,7,292,2,2,0,1,0,1,4,0,1,0,0,1,0,0,0,0,0,0,2,0.23,0,0,0
Vanishment,10,177,0,7,7,201,1,1,0,1,0,1,5,0,1,0,0,1,0,0,0,0,0,0,1,0.2,0,0,0
Vanquish,8,33,78,14,7,140,1,1,0,1,0,1,3,0,1,0,0,1,0,0,0,0,0,0,1,0.19,0,0,0
Vanquish the Foul,17,149,0,14,7,187,1,1,0,1,0,1,6,0,1,0,0,0,1,0,0,0,0,0,1,0.2,0,0,0
Vapor Snare,11,161,0,14,18,204,1,1,0,1,1,1,5,0,1,0,0,0,0,1,0,0,0,0,1,0.19,0,0,0
Vastwood Animist,16,145,71,16,26,274,1,1,0,1,3,1,3,0,1,0,0,0,0,0,0,1,0,0,1,0.21,0,0,0
Vaultbreaker,12,260,0,14,20,306,1,1,0,1,2,1,4,0,1,0,0,0,0,0,0,1,0,0,1,0.22,0,0,0
Vedalken Anatomist,18,88,114,12,26,258,1,1,0,1,2,1,3,0,1,0,0,0,0,0,0,1,0,0,1,0.19,0,0,0
Vedalken Infuser,16,81,53,13,26,189,1,1,0,1,2,1,4,0,1,0,0,0,0,0,0,1,0,0,1,0.19,0,0,0
Vedalken Mastermind,19,66,104,13,26,228,1,1,0,1,2,1,2,0,1,0,0,0,0,0,0,1,0,0,2,0.29,0,0,0
Vedalken Mastermind,19,66,104,13,26,228,1,1,0,1,2,1,2,0,1,0,0,0,0,0,0,1,0,0,2,0.35,0,0,0
Vedalken Plotter,16,127,91,12,26,272,1,1,0,1,2,1,3,0,1,0,0,0,0,0,0,1,0,0,1,0.25,0,0,0
Veilborn Ghoul,14,151,68,9,17,259,1,1,0,1,1,1,5,0,1,0,0,0,0,0,0,1,0,0,1,0.19,0,0,0
Venarian Glimmer,16,140,48,9,7,220,1,1,0,1,0,1,1,0,1,0,0,1,0,0,0,0,0,0,1,0.2,0,0,0
Venerable Lammasu,17,6,203,7,18,251,1,1,0,1,1,1,7,0,1,0,0,0,0,0,0,1,0,0,1,0.2,0,0,0
Vengeance,9,31,41,13,7,101,1,1,0,1,0,1,4,0,1,0,0,0,1,0,0,0,0,0,1,0.2,0,0,0
Vengeance,9,31,41,13,7,101,1,1,0,1,0,1,4,0,1,0,0,0,1,0,0,0,0,0,1,0.21,0,0,0
Vengeful Rebel,14,181,112,16,29,352,1,1,0,1,2,1,3,0,1,0,0,0,0,0,0,1,0,0,1,0.21,0,0,0
Vengeful Rebirth,16,229,0,12,7,264,2,2,0,1,0,1,6,0,1,0,0,0,1,0,0,0,0,0,2,0.2,0,0,0
Vengeful Vampire,16,159,73,14,18,280,1,1,0,1,1,1,6,0,1,0,0,0,0,0,0,1,0,0,2,0.19,0,0,0
Venom Sliver,12,140,113,12,17,294,1,1,0,1,1,1,2,0,1,0,0,0,0,0,0,1,0,0,1,0.79,0,0,0
Verdant Rebirth,15,111,106,12,7,251,1,1,0,1,0,1,2,0,1,0,0,1,0,0,0,0,0,0,1,0.19,0,0,0
Vertigo Spawn,13,138,0,6,19,176,1,1,0,1,1,1,2,0,1,0,0,0,0,0,0,1,0,0,1,0.21,0,0,0
Vessel of Endless Rest,22,172,0,9,8,211,0,0,0,1,0,1,3,0,1,0,0,0,0,0,1,0,0,0,0,0.2,0,0,0
Veteran Cathar,14,59,73,20,24,190,1,2,-1,1,2,1,2,0,1,0,0,0,0,0,0,1,0,0,1,0.2,0,0,0
Veteran Motorist,16,139,76,19,22,272,2,2,0,1,2,1,2,0,1,0,0,0,0,0,0,1,0,0,2,0.21,0,0,0
Veteran of the Depths,21,81,143,11,26,282,1,1,0,1,2,1,4,0,1,0,0,0,0,0,0,1,0,0,1,0.22,0,0,0
Veteran's Armaments,19,230,0,12,35,296,0,0,0,2,2,1,2,0,1,0,0,0,0,0,1,0,0,0,0,0.24,0,0,0
Vexing Scuttler,15,251,0,11,23,300,0,1,-1,1,2,1,8,0,1,0,0,0,0,0,0,1,0,0,0,0.2,0,0,0
Vial of Poison,14,153,42,15,8,232,0,0,0,1,0,1,1,0,1,0,0,0,0,0,1,0,0,0,0,0.19,0,0,0
Viashino Sandstalker,20,198,105,15,27,365,1,1,0,1,2,1,3,0,1,0,0,0,0,0,0,1,0,0,2,0.2,0,0,0
Viashino Sandstalker,20,198,105,15,27,365,1,1,0,1,2,1,3,0,1,0,0,0,0,0,0,1,0,0,2,0.2,0,0,0
Viashino Shanktail,18,139,81,10,27,275,1,1,0,1,2,1,4,0,1,0,0,0,0,0,0,1,0,0,1,0.18,0,0,0
Viashino Slaughtermaster,24,119,66,16,27,252,1,3,-2,1,2,1,2,0,1,0,0,0,0,0,0,1,0,0,1,0.2,0,0,0
Vicious Conquistador,20,66,119,13,26,244,1,1,0,1,2,1,1,0,1,0,0,0,0,0,0,1,0,0,1,0.24,0,0,0
View from Above,15,125,124,11,7,282,1,1,0,1,0,1,2,0,1,0,0,1,0,0,0,0,0,0,1,0.22,0,0,0
Vigean Graftmage,16,242,0,12,33,303,1,1,0,1,3,1,3,0,1,0,0,0,0,0,0,1,0,0,1,0.24,0,0,0
Vigean Intuition,16,267,0,22,7,312,2,2,0,1,0,1,5,0,1,0,0,1,0,0,0,0,0,0,2,0.22,0,0,0
Vigil for the Lost,18,82,114,13,11,238,1,1,0,1,0,1,4,0,1,0,0,0,0,1,0,0,0,0,1,0.2,0,0,0
Vigilante Justice,17,122,58,14,11,222,1,1,0,1,0,1,4,0,1,0,0,0,0,1,0,0,0,0,1,0.18,0,0,0
Vigor Mortis,12,183,86,9,7,297,1,2,-1,1,0,1,4,0,1,0,0,0,1,0,0,0,0,0,2,0.25,0,0,0
Vile Aggregate,14,242,0,12,24,292,0,1,-1,1,2,1,3,0,1,0,0,0,0,0,0,1,0,0,1,0.25,0,0,0
Vile Manifestation,18,126,65,11,17,237,1,1,0,1,1,1,2,0,1,0,0,0,0,0,0,1,0,0,1,0.23,0,0,0
Village Cannibals,17,79,81,8,16,201,1,1,0,1,1,1,3,0,1,0,0,0,0,0,0,1,0,0,1,0.18,0,0,0
Village Messenger,17,101,27,7,25,177,1,1,0,1,2,1,1,0,1,0,0,0,0,0,0,1,0,0,1,0.73,0,0,0
Village Survivors,17,104,109,12,16,258,1,1,0,1,1,1,5,0,1,0,0,0,0,0,0,1,0,0,1,0.17,0,0,0
Vindictive Mob,14,112,29,14,26,195,1,1,0,1,2,1,6,0,1,0,0,0,0,0,0,1,0,0,2,0.21,0,0,0
Vineshaper Mystic,17,115,83,13,25,253,1,1,0,1,2,1,3,0,1,0,0,0,0,0,0,1,0,0,1,0.2,0,0,0
Viral Drake,11,285,0,15,16,327,1,1,0,1,1,1,4,0,1,0,0,0,0,0,0,1,0,0,1,1.27,1,0,0
Viridian Claw,13,60,69,14,20,176,0,0,0,1,1,1,2,0,1,0,0,0,0,0,1,0,0,0,0,0.17,0,0,0
Viridian Corrupter,18,198,0,12,21,249,1,1,0,1,2,1,3,0,1,0,0,0,0,0,0,1,0,0,2,0.29,0,0,0
Viridian Lorebearers,20,117,115,13,21,286,1,1,0,1,2,1,4,0,1,0,0,0,0,0,0,1,0,0,1,0.2,0,0,0
Viridian Revel,14,99,136,7,11,267,1,1,0,1,0,1,3,0,1,0,0,0,0,1,0,0,0,0,2,0.19,0,0,0
Viridian Shaman,15,69,99,16,21,220,1,1,0,1,2,1,3,0,1,0,0,0,0,0,0,1,0,0,1,0.2,0,0,0
Viridian Shaman,15,69,95,16,21,216,1,1,0,1,2,1,3,0,1,0,0,0,0,0,0,1,0,0,1,0.22,0,0,0
Viridian Shaman,15,69,95,16,21,216,1,1,0,1,2,1,3,0,1,0,0,0,0,0,0,1,0,0,1,0.23,0,0,0
Virulent Plague,15,26,175,12,11,239,1,1,0,1,0,1,3,0,1,0,0,0,0,1,0,0,0,0,1,0.29,0,0,0
Virulent Swipe,14,242,0,16,7,279,1,1,0,1,0,1,1,0,1,0,0,1,0,0,0,0,0,0,1,0.24,0,0,0
Visionary Augmenter,19,145,116,11,26,317,1,1,0,1,2,1,4,0,1,0,0,0,0,0,0,1,0,0,2,0.19,0,0,0
Visions of Brutality,20,160,0,13,18,211,0,1,-1,1,1,1,2,0,1,0,0,0,0,1,0,0,0,0,1,0.21,0,0,0
Vital Splicer,13,138,114,7,26,298,1,1,0,1,2,1,4,0,1,0,0,0,0,0,0,1,0,0,1,0.19,0,0,0
Vithian Renegades,17,71,114,7,23,232,2,2,0,1,2,1,3,0,1,0,0,0,0,0,0,1,0,0,2,0.29,0,0,0
Vitu-Ghazi  the City-Tree,25,92,123,17,4,261,0,2,-2,1,0,1,0,0,1,0,0,0,0,0,0,0,1,0,0,0.22,0,0,0
Vitu-Ghazi Guildmage,20,138,63,10,23,254,2,2,0,1,2,1,2,0,1,0,0,0,0,0,0,1,0,0,2,0.21,0,0,0
Vivid Crag,10,195,0,17,4,226,0,1,-1,1,0,1,0,0,1,0,0,0,0,0,0,0,1,0,0,0.37,0,0,0
Vivid Creek,11,197,0,11,4,223,0,1,-1,1,0,1,0,0,1,0,0,0,0,0,0,0,1,0,0,0.35,0,0,0
Vivid Grove,11,197,0,11,4,223,0,1,-1,1,0,1,0,0,1,0,0,0,0,0,0,0,1,0,0,0.33,0,0,0
Vivid Marsh,11,197,0,9,4,221,0,1,-1,1,0,1,0,0,1,0,0,0,0,0,0,0,1,0,0,0.37,0,0,0
Vivid Meadow,12,199,0,13,4,228,0,1,-1,1,0,1,0,0,1,0,0,0,0,0,0,0,1,0,0,0.4,0,0,0
Vizier of Deferment,19,222,0,20,23,284,1,1,0,1,2,1,3,0,1,0,0,0,0,0,0,1,0,0,1,0.2,0,0,0
Vizier of Remedies,18,127,55,14,23,237,1,1,0,1,2,1,2,0,1,0,0,0,0,0,0,1,0,0,1,0.3,0,0,0
Vizier of the Anointed,22,256,0,12,23,313,1,1,0,1,2,1,4,0,1,0,0,0,0,0,0,1,0,0,1,0.24,0,0,0
Vizier of the True,18,166,32,18,23,257,1,1,0,1,2,1,4,0,1,0,0,0,0,0,0,1,0,0,1,0.2,0,0,0
Vizier of Tumbling Sands,24,158,83,12,23,300,1,1,0,1,2,1,3,0,1,0,0,0,0,0,0,1,0,0,1,0.23,0,0,0
Vizkopa Confessor,17,291,0,13,23,344,2,2,0,1,2,1,5,0,1,0,0,0,0,0,0,1,0,0,2,0.19,0,0,0
Vizkopa Guildmage,17,141,0,14,23,195,2,2,0,1,2,1,2,0,1,0,0,0,0,0,0,1,0,0,2,0.39,0,0,0
Voices from the Void,20,88,111,7,7,233,1,1,0,1,0,1,5,0,1,0,0,0,1,0,0,0,0,0,1,0.2,0,0,0
Void Attendant,14,223,58,12,28,335,0,1,-1,1,2,1,3,0,1,0,0,0,0,0,0,1,0,0,1,0.2,0,0,0
Void Grafter,12,212,0,17,24,265,0,2,-2,1,2,1,3,0,1,0,0,0,0,0,0,1,0,0,2,0.2,0,0,0
Void Shatter,12,150,39,11,7,219,0,1,-1,1,0,1,3,0,1,0,0,1,0,0,0,0,0,0,2,0.5,0,0,0
Void Squall,11,228,0,11,7,257,1,1,0,1,0,1,5,0,1,0,0,0,1,0,0,0,0,0,1,0.22,0,0,0
Voidmage Husher,15,261,0,6,23,305,1,1,0,1,2,1,4,0,1,0,0,0,0,0,0,1,0,0,1,0.45,0,0,0
Voidwalk,8,332,0,11,7,358,1,1,0,1,0,1,4,0,1,0,0,0,1,0,0,0,0,0,1,0.19,0,0,0
Volcanic Awakening,18,146,115,9,7,295,1,1,0,1,0,1,6,0,1,0,0,0,1,0,0,0,0,0,2,0.22,0,0,0
Volcanic Dragon,15,87,97,10,17,226,1,1,0,1,1,1,6,0,1,0,0,0,0,0,0,1,0,0,2,0.21,0,0,0
Volcanic Fallout,16,102,55,29,7,209,1,1,0,1,0,1,3,0,1,0,0,1,0,0,0,0,0,0,2,0.38,0,0,0
Volcanic Geyser,15,60,87,13,7,182,1,1,0,1,0,1,2,0,1,0,0,1,0,0,0,0,0,0,2,0.18,0,0,0
Volcanic Geyser,15,60,129,13,7,224,1,1,0,1,0,1,2,0,1,0,0,1,0,0,0,0,0,0,2,0.19,0,0,0
Volition Reins,14,138,79,15,18,264,1,1,0,1,1,1,6,0,1,0,0,0,0,1,0,0,0,0,3,0.18,0,0,0
Voltaic Brawler,15,195,0,16,24,250,2,2,0,1,2,1,2,0,1,0,0,0,0,0,0,1,0,0,2,0.25,0,0,0
Voltaic Construct,17,36,84,11,35,183,0,0,0,2,2,1,4,0,1,0,0,0,0,0,1,1,0,0,0,0.27,0,0,0
Voltaic Key,11,32,34,15,8,100,0,0,0,1,0,1,1,0,1,0,0,0,0,0,1,0,0,0,0,0.85,0,0,0
Voracious Hatchling,19,247,0,13,20,299,2,2,0,1,1,1,4,0,1,0,0,0,0,0,0,1,0,0,1,0.53,0,0,0
Voracious Reader,16,151,36,14,29,246,0,1,-1,1,2,1,2,0,1,0,0,0,0,0,0,1,0,0,0,0.26,0,0,0
Voracious Wurm,14,121,109,13,15,272,1,1,0,1,1,1,2,0,1,0,0,0,0,0,0,1,0,0,1,0.2,0,0,0
Vorstclaw,9,0,72,14,27,122,1,1,0,1,2,1,6,0,1,0,0,0,0,0,0,1,0,0,2,0.18,0,0,0
Vortex Elemental,16,218,25,9,20,288,1,1,0,1,1,1,1,0,1,0,0,0,0,0,0,1,0,0,1,0.21,0,0,0
Voyager Drake,13,254,0,13,16,296,1,1,0,1,1,1,4,0,1,0,0,0,0,0,0,1,0,0,1,0.19,0,0,0
Voyager Staff,13,159,95,14,8,289,0,0,0,1,0,1,1,0,1,0,0,0,0,0,1,0,0,0,0,0.23,0,0,0
Vulshok Battlegear,18,207,0,12,20,257,0,0,0,1,1,1,3,0,1,0,0,0,0,0,1,0,0,0,0,0.2,0,0,0
Vulshok Morningstar,19,110,0,12,20,161,0,0,0,1,1,1,2,0,1,0,0,0,0,0,1,0,0,0,0,0.24,0,0,0
Vulshok Refugee,15,19,61,14,24,133,1,1,0,1,2,1,3,0,1,0,0,0,0,0,0,1,0,0,2,0.2,0,0,0
Vulshok War Boar,16,92,101,12,21,242,1,1,0,1,2,1,4,0,1,0,0,0,0,0,0,1,0,0,2,0.19,0,0,0
Wakedancer,10,120,122,10,23,285,1,1,0,1,2,1,3,0,1,0,0,0,0,0,0,1,0,0,1,0.19,0,0,0
Walk the Plank,14,36,114,13,7,184,1,1,0,1,0,1,2,0,1,0,0,0,1,0,0,0,0,0,2,0.65,0,0,0
Walker of Secret Ways,21,345,0,16,22,404,1,1,0,1,2,1,3,0,1,0,0,0,0,0,0,1,0,0,1,0.37,0,0,0
Walker of the Grove,19,211,0,13,20,263,1,1,0,1,1,1,8,0,1,0,0,0,0,0,0,1,0,0,2,0.22,0,0,0
Walker of the Wastes,20,112,44,13,18,207,0,0,0,1,1,1,5,0,1,0,0,0,0,0,0,1,0,0,1,0.2,0,0,0
Wall of Air,11,86,54,9,15,175,1,1,0,1,1,1,3,0,1,0,0,0,0,0,0,1,0,0,2,0.24,0,0,0
Wall of Air,11,86,54,9,15,175,1,1,0,1,1,1,3,0,1,0,0,0,0,0,0,1,0,0,2,0.25,0,0,0
Wall of Blood,13,94,29,13,15,164,1,1,0,1,1,1,3,0,1,0,0,0,0,0,0,1,0,0,1,0.42,0,0,0
Wall of Bone,12,208,0,11,24,255,1,1,0,1,2,1,3,0,1,0,0,0,0,0,0,1,0,0,1,0.2,0,0,0
Wall of Denial,14,83,62,11,15,185,2,2,0,1,1,1,3,0,1,0,0,0,0,0,0,1,0,0,2,1.05,1,0,0
Wall of Essence,15,112,111,8,15,261,1,1,0,1,1,1,2,0,1,0,0,0,0,0,0,1,0,0,1,0.24,0,0,0
Wall of Fire,12,86,43,14,15,170,1,1,0,1,1,1,3,0,1,0,0,0,0,0,0,1,0,0,2,0.19,0,0,0
Wall of Fire,12,86,52,14,15,179,1,1,0,1,1,1,3,0,1,0,0,0,0,0,0,1,0,0,2,0.23,0,0,0
Wall of Frost,13,119,96,11,15,254,1,1,0,1,1,1,3,0,1,0,0,0,0,0,0,1,0,0,2,0.22,0,0,0
Wall of Frost,13,119,123,11,15,281,1,1,0,1,1,1,3,0,1,0,0,0,0,0,0,1,0,0,2,0.22,0,0,0
Wall of Frost,13,119,96,11,15,254,1,1,0,1,1,1,3,0,1,0,0,0,0,0,0,1,0,0,2,0.23,0,0,0
Wall of Frost,13,119,123,11,15,281,1,1,0,1,1,1,3,0,1,0,0,0,0,0,0,1,0,0,2,0.23,0,0,0
Wall of Limbs,13,198,0,13,22,246,1,1,0,1,2,1,3,0,1,0,0,0,0,0,0,1,0,0,1,0.2,0,0,0
Wall of Mulch,13,74,149,17,15,268,1,1,0,1,1,1,2,0,1,0,0,0,0,0,0,1,0,0,1,0.19,0,0,0
Wall of Omens,13,64,96,11,15,199,1,1,0,1,1,1,2,0,1,0,0,0,0,0,0,1,0,0,1,1.79,1,0,0
Wall of Resurgence,18,203,0,16,15,252,1,1,0,1,1,1,3,0,1,0,0,0,0,0,0,1,0,0,1,0.22,0,0,0
Wall of Shards,14,210,0,22,20,266,1,1,0,1,1,1,2,0,1,0,0,0,0,0,0,1,0,0,1,3.05,1,0,0
Wall of Spears,14,51,125,19,24,233,0,0,0,2,1,1,3,0,1,0,0,0,0,0,1,1,0,0,0,0.22,0,0,0
Wall of Stone,13,38,233,13,15,312,1,1,0,1,1,1,3,0,1,0,0,0,0,0,0,1,0,0,2,0.24,0,0,0
Wall of Swords,14,45,138,29,15,241,1,1,0,1,1,1,4,0,1,0,0,0,0,0,0,1,0,0,1,0.19,0,0,0
Wall of Swords,14,45,36,13,15,123,1,1,0,1,1,1,4,0,1,0,0,0,0,0,0,1,0,0,1,0.21,0,0,0
Wall of Swords,14,45,146,29,15,249,1,1,0,1,1,1,4,0,1,0,0,0,0,0,0,1,0,0,1,0.24,0,0,0
Wandering Champion,18,148,52,13,21,252,1,1,0,1,2,1,2,0,1,0,0,0,0,0,0,1,0,0,1,0.22,0,0,0
Wandering Graybeard,19,190,93,9,23,334,1,1,0,1,2,1,5,0,1,0,0,0,0,0,0,1,0,0,2,0.21,0,0,0
Waning Wurm,11,184,0,12,22,229,1,1,0,1,2,1,4,0,1,0,0,0,0,0,0,1,0,0,1,0.23,0,0,0
Wanted Scoundrels,17,173,38,11,23,262,1,1,0,1,2,1,2,0,1,0,0,0,0,0,0,1,0,0,1,0.19,0,0,0
War Horn,8,42,137,15,8,210,0,0,0,1,0,1,3,0,1,0,0,0,0,0,1,0,0,0,0,0.21,0,0,0
War Oracle,10,216,68,14,23,331,1,1,0,1,2,1,4,0,1,0,0,0,0,0,0,1,0,0,2,0.21,0,0,0
War Priest of Thune,19,84,48,4,23,178,1,1,0,1,2,1,2,0,1,0,0,0,0,0,0,1,0,0,1,0.19,0,0,0
War Priest of Thune,19,84,112,4,23,242,1,1,0,1,2,1,2,0,1,0,0,0,0,0,0,1,0,0,1,0.2,0,0,0
Warbringer,10,264,0,16,24,314,1,1,0,1,2,1,4,0,1,0,0,0,0,0,0,1,0,0,1,0.23,0,0,0
Ward of Piety,13,141,99,15,18,286,1,1,0,1,1,1,2,0,1,0,0,0,0,1,0,0,0,0,1,0.23,0,0,0
Warden of Evos Isle,19,66,84,9,22,200,1,1,0,1,2,1,3,0,1,0,0,0,0,0,0,1,0,0,1,0.2,0,0,0
Warden of the Beyond,20,134,90,16,23,283,1,1,0,1,2,1,3,0,1,0,0,0,0,0,0,1,0,0,1,0.19,0,0,0
Warden of the Eye,17,120,104,11,23,275,3,3,0,1,2,1,5,0,1,0,0,0,0,0,0,1,0,0,3,0.21,0,0,0
Warden of the Wall,18,180,0,16,8,222,0,0,0,1,0,1,3,0,1,0,0,0,0,0,1,0,0,0,0,0.18,0,0,0
Wardscale Dragon,16,84,125,15,17,257,1,1,0,1,1,1,6,0,1,0,0,0,0,0,0,1,0,0,2,0.22,0,0,0
Warfire Javelineer,18,176,65,15,27,301,1,1,0,1,2,1,4,0,1,0,0,0,0,0,0,1,0,0,1,0.21,0,0,0
Warleader's Helix,17,82,83,12,7,201,2,2,0,1,0,1,4,0,1,0,0,1,0,0,0,0,0,0,2,0.24,0,0,0
Warlord's Axe,13,110,89,15,20,247,0,0,0,1,1,1,3,0,1,0,0,0,0,0,1,0,0,0,0,0.19,0,0,0
Warmonger's Chariot,19,202,35,11,20,287,0,0,0,1,1,1,2,0,1,0,0,0,0,0,1,0,0,0,0,0.21,0,0,0
War-Name Aspirant,17,187,77,13,24,318,1,1,0,1,2,1,2,0,1,0,0,0,0,0,0,1,0,0,1,0.22,0,0,0
Warped Physique,15,90,65,13,7,190,2,2,0,1,0,1,2,0,1,0,0,1,0,0,0,0,0,0,2,0.2,0,0,0
Warping Wail,12,252,0,11,7,282,0,0,0,1,0,1,2,0,1,0,0,1,0,0,0,0,0,0,1,0.41,0,0,0
Warren Weirding,15,183,97,12,23,330,1,1,0,2,1,1,2,0,1,0,0,0,1,0,0,0,0,0,1,0.23,0,0,0
Warriors' Lesson,16,138,68,14,7,243,1,1,0,1,0,1,1,0,1,0,0,1,0,0,0,0,0,0,1,0.19,0,0,0
Wasp Lancer,11,6,206,11,25,259,2,2,0,1,2,1,3,0,1,0,0,0,0,0,0,1,0,0,3,0.22,0,0,0
Wasp of the Bitter End,22,130,123,16,24,315,1,1,0,1,2,1,2,0,1,0,0,0,0,0,0,1,0,0,1,0.19,0,0,0
Wasteland Viper,15,129,114,14,16,288,1,1,0,1,1,1,1,0,1,0,0,0,0,0,0,1,0,0,1,0.25,0,0,0
Watcher of the Roost,20,215,0,9,23,267,1,1,0,1,2,1,3,0,1,0,0,0,0,0,0,1,0,0,1,0.21,0,0,0
Watchers of the Dead,20,104,71,13,23,231,0,0,0,2,1,1,2,0,1,0,0,0,0,0,1,1,0,0,0,0.21,0,0,0
Watchful Naga,13,131,122,22,22,310,1,1,0,1,2,1,3,0,1,0,0,0,0,0,0,1,0,0,1,0.21,0,0,0
Watchwolf,9,0,46,10,15,80,2,2,0,1,1,1,2,0,1,0,0,0,0,0,0,1,0,0,2,0.35,0,0,0
Water Servant,13,97,139,13,20,282,1,1,0,1,1,1,4,0,1,0,0,0,0,0,0,1,0,0,2,0.18,0,0,0
Water Servant,13,97,139,13,20,282,1,1,0,1,1,1,4,0,1,0,0,0,0,0,0,1,0,0,2,0.18,0,0,0
Waterspout Weavers,18,230,0,12,25,285,1,1,0,1,2,1,5,0,1,0,0,0,0,0,0,1,0,0,2,0.2,0,0,0
Waterveil Cavern,16,130,0,9,4,159,0,2,-2,1,0,1,0,0,1,0,0,0,0,0,0,0,1,0,0,0.23,0,0,0
Waterwhirl,10,57,107,13,7,194,1,1,0,1,0,1,6,0,1,0,0,1,0,0,0,0,0,0,2,0.2,0,0,0
Wayward Disciple,16,113,37,10,23,199,1,2,-1,1,2,1,3,0,1,0,0,0,0,0,0,1,0,0,0,0.21,0,0,0
Wayward Servant,15,114,103,15,17,264,2,2,0,1,1,1,2,0,1,0,0,0,0,0,0,1,0,0,2,0.3,0,0,0
Weaponcraft Enthusiast,22,145,125,11,31,334,1,1,0,1,2,1,3,0,1,0,0,0,0,0,0,1,0,0,1,0.21,0,0,0
Weapons Trainer,15,74,63,14,29,195,2,2,0,1,3,1,2,0,1,0,0,0,0,0,0,1,0,0,2,0.2,0,0,0
Weatherseed Totem,17,271,0,14,8,310,0,1,-1,1,0,1,3,0,1,0,0,0,0,0,1,0,0,0,0,0.2,0,0,0
Weaver of Currents,18,34,97,13,21,183,2,2,0,1,2,1,3,0,1,0,0,0,0,0,0,1,0,0,2,0.2,0,0,0
Weaver of Lightning,19,128,52,11,23,233,1,1,0,1,2,1,3,0,1,0,0,0,0,0,0,1,0,0,1,0.25,0,0,0
Web,3,197,0,13,18,231,1,1,0,1,1,1,1,0,1,0,0,0,0,1,0,0,0,0,1,0.24,0,0,0
Weight of Spires,16,123,75,14,7,235,1,1,0,1,0,1,1,0,1,0,0,1,0,0,0,0,0,0,1,0.21,0,0,0
Weirding Wood,13,234,0,9,18,274,1,1,0,1,1,1,3,0,1,0,0,0,0,1,0,0,0,0,1,0.23,0,0,0
Weldfast Engineer,17,107,43,12,26,205,2,2,0,1,2,1,3,0,1,0,0,0,0,0,0,1,0,0,2,0.23,0,0,0
Werewolf Ransacker,18,317,0,13,19,367,1,1,0,1,1,1,4,0,1,0,0,0,0,0,0,1,0,0,0,0.21,0,0,0
Whip Sergeant,13,78,51,13,24,179,1,1,0,1,2,1,3,0,1,0,0,0,0,0,0,1,0,0,1,0.22,0,0,0
Whipflare,9,54,105,12,7,187,1,1,0,1,0,1,2,0,1,0,0,0,1,0,0,0,0,0,1,0.32,0,0,0
Whirler Rogue,13,197,0,13,32,255,1,1,0,1,3,1,4,0,1,0,0,0,0,0,0,1,0,0,2,0.32,0,0,0
Whirler Virtuoso,16,171,54,12,29,282,2,2,0,1,2,1,3,0,1,0,0,0,0,0,0,1,0,0,2,0.33,0,0,0
Whirlermaker,12,77,105,20,8,222,0,0,0,1,0,1,3,0,1,0,0,0,0,0,1,0,0,0,0,0.16,0,0,0
Whispering Specter,18,293,0,11,18,340,1,1,0,1,1,1,3,0,1,0,0,0,0,0,0,1,0,0,2,0.31,0,0,0
Whispers of Emrakul,19,171,37,15,7,249,1,1,0,1,0,1,2,0,1,0,0,0,1,0,0,0,0,0,1,0.23,0,0,0
Whispersilk Cloak,17,109,0,11,20,157,0,0,0,1,1,1,3,0,1,0,0,0,0,0,1,0,0,0,0,0.64,0,0,0
Whispersilk Cloak,17,109,0,11,20,157,0,0,0,1,1,1,3,0,1,0,0,0,0,0,1,0,0,0,0,0.67,0,0,0
Whispersilk Cloak,17,109,76,12,20,234,0,0,0,1,1,1,3,0,1,0,0,0,0,0,1,0,0,0,0,0.72,0,0,0
White Knight,12,199,0,19,23,253,1,1,0,1,2,1,2,0,1,0,0,0,0,0,0,1,0,0,2,0.2,0,0,0
White Knight,12,199,0,19,23,253,1,1,0,1,2,1,2,0,1,0,0,0,0,0,0,1,0,0,2,0.21,0,0,0
White Shield Crusader,21,140,91,11,23,286,1,1,0,1,2,1,2,0,1,0,0,0,0,0,0,1,0,0,2,0.27,0,0,0
Whitewater Naiads,17,152,88,10,28,295,1,1,0,2,1,1,5,0,1,0,0,0,0,1,0,1,0,0,2,0.2,0,0,0
Wicker Warcrawler,17,89,79,14,29,228,0,0,0,2,1,1,5,0,1,0,0,0,0,0,1,1,0,0,0,0.24,0,0,0
Wight of Precinct Six,21,86,42,11,17,177,1,1,0,1,1,1,2,0,1,0,0,0,0,0,0,1,0,0,1,0.27,0,0,0
Wild Slash,10,155,39,16,7,227,1,1,0,1,0,1,1,0,1,0,0,1,0,0,0,0,0,0,1,0.28,0,0,0
Wild Swing,10,77,87,21,7,202,1,1,0,1,0,1,4,0,1,0,0,0,1,0,0,0,0,0,1,0.21,0,0,0
Wilderness Elemental,20,101,131,17,20,289,2,2,0,1,1,1,3,0,1,0,0,0,0,0,0,1,0,0,2,0.24,0,0,0
Wild-Field Scarecrow,20,166,0,12,29,227,0,0,0,2,1,1,3,0,1,0,0,0,0,0,1,1,0,0,0,0.21,0,0,0
Wildfire Cerberus,17,232,0,15,16,280,1,1,0,1,1,1,5,0,1,0,0,0,0,0,0,1,0,0,1,0.2,0,0,0
Wildgrowth Walker,17,103,123,18,20,281,1,1,0,1,1,1,2,0,1,0,0,0,0,0,0,1,0,0,1,0.2,0,0,0
Wilt-Leaf Cavaliers,19,9,176,14,21,239,2,2,0,1,2,1,3,0,1,0,0,0,0,0,0,1,0,0,3,0.52,0,0,0
Wily Goblin,11,165,96,14,24,310,1,1,0,1,2,1,2,0,1,0,0,0,0,0,0,1,0,0,2,0.2,0,0,0
Windborne Charge,16,82,149,13,7,267,1,1,0,1,0,1,4,0,1,0,0,0,1,0,0,0,0,0,2,0.2,0,0,0
Winding Constrictor,19,275,0,4,16,314,2,2,0,1,1,1,2,0,1,0,0,0,0,0,0,1,0,0,2,0.65,0,0,0
Wind-Kin Raiders,16,139,109,13,26,303,1,1,0,1,2,1,6,0,1,0,0,0,0,0,0,1,0,0,2,0.2,0,0,0
Windrider Patrol,16,210,0,15,25,266,1,1,0,1,2,1,5,0,1,0,0,0,0,0,0,1,0,0,2,0.2,0,0,0
Winds of Qal Sisma,18,220,0,11,7,256,1,1,0,1,0,1,2,0,1,0,0,1,0,0,0,0,0,0,1,0.22,0,0,0
Windstorm,9,54,87,13,7,170,1,1,0,1,0,1,1,0,1,0,0,1,0,0,0,0,0,0,1,0.19,0,0,0
Windstorm,9,54,87,13,7,170,1,1,0,1,0,1,1,0,1,0,0,1,0,0,0,0,0,0,1,0.2,0,0,0
Windstorm,9,54,84,11,7,165,1,1,0,1,0,1,1,0,1,0,0,1,0,0,0,0,0,0,1,0.2,0,0,0
Wing Snare,10,36,108,11,7,172,1,1,0,1,0,1,3,0,1,0,0,0,1,0,0,0,0,0,1,0.21,0,0,0
Wing Splicer,12,136,0,10,26,184,1,1,0,1,2,1,4,0,1,0,0,0,0,0,0,1,0,0,1,0.2,0,0,0
Winterflame,11,92,78,14,7,202,2,2,0,1,0,1,3,0,1,0,0,1,0,0,0,0,0,0,2,0.21,0,0,0
Wipe Away,9,174,86,13,7,289,1,1,0,1,0,1,3,0,1,0,0,1,0,0,0,0,0,0,2,0.54,0,0,0
Wirefly Hive,12,184,90,7,8,301,0,0,0,1,0,1,3,0,1,0,0,0,0,0,1,0,0,0,0,0.2,0,0,0
Wispweaver Angel,16,171,0,11,16,214,1,1,0,1,1,1,6,0,1,0,0,0,0,0,0,1,0,0,2,0.2,0,0,0
Wistful Selkie,14,56,100,10,25,205,2,2,0,1,2,1,3,0,1,0,0,0,0,0,0,1,0,0,3,0.46,0,0,0
Witches' Eye,12,160,45,16,20,253,0,0,0,1,1,1,1,0,1,0,0,0,0,0,1,0,0,0,0,0.19,0,0,0
Witch's Mist,12,69,145,6,11,243,1,1,0,1,0,1,3,0,1,0,0,0,0,1,0,0,0,0,1,0.22,0,0,0
Withering Gaze,14,94,141,14,7,270,1,1,0,1,0,1,3,0,1,0,0,0,1,0,0,0,0,0,1,0.22,0,0,0
Witness of the Ages,19,116,84,4,25,248,0,0,0,2,1,1,6,0,1,0,0,0,0,0,1,1,0,0,0,0.2,0,0,0
Wizened Cenn,12,46,118,10,25,211,1,1,0,1,2,1,2,0,1,0,0,0,0,0,0,1,0,0,2,0.25,0,0,0
Wizened Snitches,16,66,136,12,23,253,1,1,0,1,2,1,4,0,1,0,0,0,0,0,0,1,0,0,1,0.21,0,0,0
Woebearer,9,212,0,13,17,251,1,1,0,1,1,1,5,0,1,0,0,0,0,0,0,1,0,0,1,0.22,0,0,0
Wojek Apothecary,16,143,108,14,23,304,1,1,0,1,2,1,4,0,1,0,0,0,0,0,0,1,0,0,2,0.22,0,0,0
Wojek Embermage,15,118,102,12,23,270,1,1,0,1,2,1,4,0,1,0,0,0,0,0,0,1,0,0,1,0.21,0,0,0
Wolfhunter's Quiver,19,165,60,16,20,280,0,0,0,1,1,1,1,0,1,0,0,0,0,0,1,0,0,0,0,0.18,0,0,0
Wolfir Avenger,14,102,57,16,23,212,1,1,0,1,2,1,3,0,1,0,0,0,0,0,0,1,0,0,2,0.23,0,0,0
Wolf-Skull Shaman,17,211,35,10,21,294,1,1,0,1,2,1,2,0,1,0,0,0,0,0,0,1,0,0,1,0.32,0,0,0
Woodborn Behemoth,17,251,0,12,20,300,1,1,0,1,1,1,5,0,1,0,0,0,0,0,0,1,0,0,2,0.2,0,0,0
Wooden Sphere,13,83,33,15,8,152,0,0,0,1,0,1,1,0,1,0,0,0,0,0,1,0,0,0,0,0.2,0,0,0
Woodland Guidance,17,320,0,16,7,360,1,1,0,1,0,1,4,0,1,0,0,0,1,0,0,0,0,0,1,0.2,0,0,0
Woodland Stream,15,85,82,11,4,197,0,2,-2,1,0,1,0,0,1,0,0,0,0,0,0,0,1,0,0,0.21,0,0,0
Woodlot Crawler,15,112,83,12,17,239,2,2,0,1,1,1,2,0,1,0,0,0,0,0,0,1,0,0,2,0.2,0,0,0
Woolly Thoctar,14,0,146,14,16,190,3,3,0,1,1,1,3,0,1,0,0,0,0,0,0,1,0,0,3,0.29,0,0,0
Wrath of Marit Lage,19,136,155,13,11,334,1,1,0,1,0,1,5,0,1,0,0,0,0,1,0,0,0,0,2,0.22,0,0,0
Wreak Havoc,11,87,26,14,7,145,2,2,0,1,0,1,4,0,1,0,0,0,1,0,0,0,0,0,2,0.22,0,0,0
Wreath of Geists,16,106,87,14,18,241,1,1,0,1,1,1,1,0,1,0,0,0,0,1,0,0,0,0,1,0.2,0,0,0
Wren's Run Vanquisher,21,182,0,13,22,238,1,1,0,1,2,1,2,0,1,0,0,0,0,0,0,1,0,0,1,0.59,0,0,0
Wurm's Tooth,12,59,183,12,8,274,0,0,0,1,0,1,2,0,1,0,0,0,0,0,1,0,0,0,0,0.19,0,0,0
Wurm's Tooth,12,59,78,12,8,169,0,0,0,1,0,1,2,0,1,0,0,0,0,0,1,0,0,0,0,0.2,0,0,0
Wurm's Tooth,12,59,78,12,8,169,0,0,0,1,0,1,2,0,1,0,0,0,0,0,1,0,0,0,0,0.2,0,0,0
Wurm's Tooth,12,59,135,12,8,226,0,0,0,1,0,1,2,0,1,0,0,0,0,0,1,0,0,0,0,0.2,0,0,0
Wurm's Tooth,12,59,78,12,8,169,0,0,0,1,0,1,2,0,1,0,0,0,0,0,1,0,0,0,0,0.21,0,0,0
Wurm's Tooth,12,59,78,12,8,169,0,0,0,1,0,1,2,0,1,0,0,0,0,0,1,0,0,0,0,0.21,0,0,0
Xathrid Slyblade,16,322,21,14,25,398,1,1,0,1,2,1,3,0,1,0,0,0,0,0,0,1,0,0,1,0.2,0,0,0
Yavimaya Dryad,14,283,80,12,16,405,1,1,0,1,1,1,3,0,1,0,0,0,0,0,0,1,0,0,2,0.23,0,0,0
Yavimaya Enchantress,20,72,45,17,22,176,1,1,0,1,2,1,3,0,1,0,0,0,0,0,0,1,0,0,1,0.23,0,0,0
Yavimaya Enchantress,20,72,45,17,22,176,1,1,0,1,2,1,3,0,1,0,0,0,0,0,0,1,0,0,1,0.23,0,0,0
Yavimaya Enchantress,20,72,45,14,22,173,1,1,0,1,2,1,3,0,1,0,0,0,0,0,0,1,0,0,1,0.26,0,0,0
Yew Spirit,10,73,87,9,26,205,1,1,0,1,2,1,5,0,1,0,0,0,0,0,0,1,0,0,1,0.18,0,0,0
Yixlid Jailer,13,39,179,12,24,267,1,1,0,1,2,1,2,0,1,0,0,0,0,0,0,1,0,0,1,0.3,0,0,0
Young Pyromancer,16,89,45,16,23,189,1,1,0,1,2,1,2,0,1,0,0,0,0,0,0,1,0,0,1,0.85,0,0,0
Youthful Scholar,16,43,131,16,23,229,1,1,0,1,2,1,4,0,1,0,0,0,0,0,0,1,0,0,1,0.22,0,0,0
Yuki-Onna,9,153,0,16,17,195,1,1,0,1,1,1,4,0,1,0,0,0,0,0,0,1,0,0,1,0.21,0,0,0
Zameck Guildmage,16,180,0,11,21,228,2,2,0,1,2,1,2,0,1,0,0,0,0,0,0,1,0,0,2,0.24,0,0,0
Zanikev Locust,14,181,0,12,17,224,1,1,0,1,1,1,6,0,1,0,0,0,0,0,0,1,0,0,1,0.17,0,0,0
Zealous Inquisitor,18,114,108,13,23,276,1,1,0,1,2,1,3,0,1,0,0,0,0,0,0,1,0,0,1,0.22,0,0,0
Zealous Persecution,19,98,150,19,7,293,2,2,0,1,0,1,2,0,1,0,0,1,0,0,0,0,0,0,2,0.55,0,0,0
Zendikar Incarnate,18,71,133,14,20,256,2,2,0,1,1,1,4,0,1,0,0,0,0,0,0,1,0,0,2,0.22,0,0,0
Zendikar's Roil,15,103,146,10,11,285,1,1,0,1,0,1,5,0,1,0,0,0,0,1,0,0,0,0,2,0.23,0,0,0
Zenith Seeker,13,92,110,10,22,247,1,1,0,1,2,1,4,0,1,0,0,0,0,0,0,1,0,0,1,0.2,0,0,0
Zoetic Cavern,13,148,43,15,4,223,0,0,0,1,0,1,0,0,1,0,0,0,0,0,0,0,1,0,0,0.24,0,0,0
Zombie Infestation,18,60,61,14,11,164,1,1,0,1,0,1,2,0,1,0,0,0,0,1,0,0,0,0,1,0.54,0,0,0
Zombify,7,67,75,14,7,170,1,1,0,1,0,1,4,0,1,0,0,0,1,0,0,0,0,0,1,0.48,0,0,0
Zombify,7,67,75,14,7,170,1,1,0,1,0,1,4,0,1,0,0,0,1,0,0,0,0,0,1,0.49,0,0,0
Zulaport Cutthroat,18,113,98,15,27,271,1,1,0,1,3,1,2,0,1,0,0,0,0,0,0,1,0,0,1,0.48,0,0,0
